Dynamical matrix file
                                                                           
  1    2  2 10.2000000  0.0000000  0.0000000  0.0000000  0.0000000  0.0000000
           1  'Si  '    25598.8229845270     
    1    1      0.0000000      0.0000000      0.0000000
    2    1      0.2500000      0.2500000      0.2500000

     Dynamical  Matrix in cartesian axes

     q = (    0.875000000  -0.125000000   0.875000000 ) 

    1    1
  0.24761275  0.00000000   -0.00164359  0.00716923    0.00238725  0.00000000
 -0.00164359 -0.00716923    0.33583318  0.00000000   -0.00164359 -0.00716923
  0.00238725  0.00000000   -0.00164359  0.00716923    0.24761275  0.00000000
    1    2
 -0.01721343  0.04354822   -0.01150902  0.02922165   -0.15457867 -0.10617674
 -0.01150902  0.02922165   -0.01131323  0.05273792   -0.01150902  0.02922165
 -0.15457867 -0.10617674   -0.01150902  0.02922165   -0.01721343  0.04354822
    2    1
 -0.01721343 -0.04354822   -0.01150902 -0.02922165   -0.15457867  0.10617674
 -0.01150902 -0.02922165   -0.01131323 -0.05273792   -0.01150902 -0.02922165
 -0.15457867  0.10617674   -0.01150902 -0.02922165   -0.01721343 -0.04354822
    2    2
  0.24761275  0.00000000   -0.00164359 -0.00716923    0.00238725  0.00000000
 -0.00164359  0.00716923    0.33583318  0.00000000   -0.00164359  0.00716923
  0.00238725  0.00000000   -0.00164359 -0.00716923    0.24761275  0.00000000

     Dynamical  Matrix in cartesian axes

     q = (   -0.875000000  -0.125000000   0.875000000 ) 

    1    1
  0.24761275  0.00000000    0.00164359  0.00716923   -0.00238725  0.00000000
  0.00164359 -0.00716923    0.33583318  0.00000000   -0.00164359  0.00716923
 -0.00238725  0.00000000   -0.00164359 -0.00716923    0.24761275  0.00000000
    1    2
 -0.01862150  0.04296498    0.01252472 -0.02880094   -0.18438192 -0.03422534
  0.01252472 -0.02880094   -0.02929168  0.04529100   -0.01252472  0.02880094
 -0.18438192 -0.03422534   -0.01252472  0.02880094   -0.01862150  0.04296498
    2    1
 -0.01862150 -0.04296498    0.01252472  0.02880094   -0.18438192  0.03422534
  0.01252472  0.02880094   -0.02929168 -0.04529100   -0.01252472 -0.02880094
 -0.18438192  0.03422534   -0.01252472 -0.02880094   -0.01862150 -0.04296498
    2    2
  0.24761275  0.00000000    0.00164359 -0.00716923   -0.00238725  0.00000000
  0.00164359  0.00716923    0.33583318  0.00000000   -0.00164359 -0.00716923
 -0.00238725  0.00000000   -0.00164359  0.00716923    0.24761275  0.00000000

     Dynamical  Matrix in cartesian axes

     q = (   -0.875000000  -0.125000000  -0.875000000 ) 

    1    1
  0.24761275  0.00000000    0.00164359 -0.00716923    0.00238725  0.00000000
  0.00164359  0.00716923    0.33583318  0.00000000    0.00164359  0.00716923
  0.00238725  0.00000000    0.00164359 -0.00716923    0.24761275  0.00000000
    1    2
  0.01862150  0.04296498   -0.01252472 -0.02880094   -0.18438192  0.03422534
 -0.01252472 -0.02880094    0.02929168  0.04529100   -0.01252472 -0.02880094
 -0.18438192  0.03422534   -0.01252472 -0.02880094    0.01862150  0.04296498
    2    1
  0.01862150 -0.04296498   -0.01252472  0.02880094   -0.18438192 -0.03422534
 -0.01252472  0.02880094    0.02929168 -0.04529100   -0.01252472  0.02880094
 -0.18438192 -0.03422534   -0.01252472  0.02880094    0.01862150 -0.04296498
    2    2
  0.24761275  0.00000000    0.00164359  0.00716923    0.00238725  0.00000000
  0.00164359 -0.00716923    0.33583318  0.00000000    0.00164359 -0.00716923
  0.00238725  0.00000000    0.00164359  0.00716923    0.24761275  0.00000000

     Dynamical  Matrix in cartesian axes

     q = (    0.875000000  -0.125000000  -0.875000000 ) 

    1    1
  0.24761275  0.00000000   -0.00164359 -0.00716923   -0.00238725  0.00000000
 -0.00164359  0.00716923    0.33583318  0.00000000    0.00164359 -0.00716923
 -0.00238725  0.00000000    0.00164359  0.00716923    0.24761275  0.00000000
    1    2
 -0.01862150  0.04296498   -0.01252472  0.02880094   -0.18438192 -0.03422534
 -0.01252472  0.02880094   -0.02929168  0.04529100    0.01252472 -0.02880094
 -0.18438192 -0.03422534    0.01252472 -0.02880094   -0.01862150  0.04296498
    2    1
 -0.01862150 -0.04296498   -0.01252472 -0.02880094   -0.18438192  0.03422534
 -0.01252472 -0.02880094   -0.02929168 -0.04529100    0.01252472  0.02880094
 -0.18438192  0.03422534    0.01252472  0.02880094   -0.01862150 -0.04296498
    2    2
  0.24761275  0.00000000   -0.00164359  0.00716923   -0.00238725  0.00000000
 -0.00164359 -0.00716923    0.33583318  0.00000000    0.00164359  0.00716923
 -0.00238725  0.00000000    0.00164359 -0.00716923    0.24761275  0.00000000

     Dynamical  Matrix in cartesian axes

     q = (   -0.875000000   0.125000000  -0.875000000 ) 

    1    1
  0.24761275  0.00000000   -0.00164359 -0.00716923    0.00238725  0.00000000
 -0.00164359  0.00716923    0.33583318  0.00000000   -0.00164359  0.00716923
  0.00238725  0.00000000   -0.00164359 -0.00716923    0.24761275  0.00000000
    1    2
 -0.01721343 -0.04354822   -0.01150902 -0.02922165   -0.15457867  0.10617674
 -0.01150902 -0.02922165   -0.01131323 -0.05273792   -0.01150902 -0.02922165
 -0.15457867  0.10617674   -0.01150902 -0.02922165   -0.01721343 -0.04354822
    2    1
 -0.01721343  0.04354822   -0.01150902  0.02922165   -0.15457867 -0.10617674
 -0.01150902  0.02922165   -0.01131323  0.05273792   -0.01150902  0.02922165
 -0.15457867 -0.10617674   -0.01150902  0.02922165   -0.01721343  0.04354822
    2    2
  0.24761275  0.00000000   -0.00164359  0.00716923    0.00238725  0.00000000
 -0.00164359 -0.00716923    0.33583318  0.00000000   -0.00164359 -0.00716923
  0.00238725  0.00000000   -0.00164359  0.00716923    0.24761275  0.00000000

     Dynamical  Matrix in cartesian axes

     q = (   -0.125000000   0.875000000  -0.875000000 ) 

    1    1
  0.33583318  0.00000000   -0.00164359  0.00716923    0.00164359 -0.00716923
 -0.00164359 -0.00716923    0.24761275  0.00000000   -0.00238725  0.00000000
  0.00164359  0.00716923   -0.00238725  0.00000000    0.24761275  0.00000000
    1    2
 -0.02929168  0.04529100   -0.01252472  0.02880094    0.01252472 -0.02880094
 -0.01252472  0.02880094   -0.01862150  0.04296498   -0.18438192 -0.03422534
  0.01252472 -0.02880094   -0.18438192 -0.03422534   -0.01862150  0.04296498
    2    1
 -0.02929168 -0.04529100   -0.01252472 -0.02880094    0.01252472  0.02880094
 -0.01252472 -0.02880094   -0.01862150 -0.04296498   -0.18438192  0.03422534
  0.01252472  0.02880094   -0.18438192  0.03422534   -0.01862150 -0.04296498
    2    2
  0.33583318  0.00000000   -0.00164359 -0.00716923    0.00164359  0.00716923
 -0.00164359  0.00716923    0.24761275  0.00000000   -0.00238725  0.00000000
  0.00164359 -0.00716923   -0.00238725  0.00000000    0.24761275  0.00000000

     Dynamical  Matrix in cartesian axes

     q = (   -0.875000000   0.875000000  -0.125000000 ) 

    1    1
  0.24761275  0.00000000   -0.00238725  0.00000000    0.00164359  0.00716923
 -0.00238725  0.00000000    0.24761275  0.00000000   -0.00164359 -0.00716923
  0.00164359 -0.00716923   -0.00164359  0.00716923    0.33583318  0.00000000
    1    2
 -0.01862150  0.04296498   -0.18438192 -0.03422534    0.01252472 -0.02880094
 -0.18438192 -0.03422534   -0.01862150  0.04296498   -0.01252472  0.02880094
  0.01252472 -0.02880094   -0.01252472  0.02880094   -0.02929168  0.04529100
    2    1
 -0.01862150 -0.04296498   -0.18438192  0.03422534    0.01252472  0.02880094
 -0.18438192  0.03422534   -0.01862150 -0.04296498   -0.01252472 -0.02880094
  0.01252472  0.02880094   -0.01252472 -0.02880094   -0.02929168 -0.04529100
    2    2
  0.24761275  0.00000000   -0.00238725  0.00000000    0.00164359 -0.00716923
 -0.00238725  0.00000000    0.24761275  0.00000000   -0.00164359  0.00716923
  0.00164359  0.00716923   -0.00164359 -0.00716923    0.33583318  0.00000000

     Dynamical  Matrix in cartesian axes

     q = (    0.875000000   0.125000000   0.875000000 ) 

    1    1
  0.24761275  0.00000000    0.00164359  0.00716923    0.00238725  0.00000000
  0.00164359 -0.00716923    0.33583318  0.00000000    0.00164359 -0.00716923
  0.00238725  0.00000000    0.00164359  0.00716923    0.24761275  0.00000000
    1    2
  0.01862150 -0.04296498   -0.01252472  0.02880094   -0.18438192 -0.03422534
 -0.01252472  0.02880094    0.02929168 -0.04529100   -0.01252472  0.02880094
 -0.18438192 -0.03422534   -0.01252472  0.02880094    0.01862150 -0.04296498
    2    1
  0.01862150  0.04296498   -0.01252472 -0.02880094   -0.18438192  0.03422534
 -0.01252472 -0.02880094    0.02929168  0.04529100   -0.01252472 -0.02880094
 -0.18438192  0.03422534   -0.01252472 -0.02880094    0.01862150  0.04296498
    2    2
  0.24761275  0.00000000    0.00164359 -0.00716923    0.00238725  0.00000000
  0.00164359  0.00716923    0.33583318  0.00000000    0.00164359  0.00716923
  0.00238725  0.00000000    0.00164359 -0.00716923    0.24761275  0.00000000

     Dynamical  Matrix in cartesian axes

     q = (   -0.875000000   0.125000000   0.875000000 ) 

    1    1
  0.24761275  0.00000000   -0.00164359  0.00716923   -0.00238725  0.00000000
 -0.00164359 -0.00716923    0.33583318  0.00000000    0.00164359  0.00716923
 -0.00238725  0.00000000    0.00164359 -0.00716923    0.24761275  0.00000000
    1    2
 -0.01862150 -0.04296498   -0.01252472 -0.02880094   -0.18438192  0.03422534
 -0.01252472 -0.02880094   -0.02929168 -0.04529100    0.01252472  0.02880094
 -0.18438192  0.03422534    0.01252472  0.02880094   -0.01862150 -0.04296498
    2    1
 -0.01862150  0.04296498   -0.01252472  0.02880094   -0.18438192 -0.03422534
 -0.01252472  0.02880094   -0.02929168  0.04529100    0.01252472 -0.02880094
 -0.18438192 -0.03422534    0.01252472 -0.02880094   -0.01862150  0.04296498
    2    2
  0.24761275  0.00000000   -0.00164359 -0.00716923   -0.00238725  0.00000000
 -0.00164359  0.00716923    0.33583318  0.00000000    0.00164359 -0.00716923
 -0.00238725  0.00000000    0.00164359  0.00716923    0.24761275  0.00000000

     Dynamical  Matrix in cartesian axes

     q = (    0.875000000   0.125000000  -0.875000000 ) 

    1    1
  0.24761275  0.00000000    0.00164359 -0.00716923   -0.00238725  0.00000000
  0.00164359  0.00716923    0.33583318  0.00000000   -0.00164359 -0.00716923
 -0.00238725  0.00000000   -0.00164359  0.00716923    0.24761275  0.00000000
    1    2
 -0.01862150 -0.04296498    0.01252472  0.02880094   -0.18438192  0.03422534
  0.01252472  0.02880094   -0.02929168 -0.04529100   -0.01252472 -0.02880094
 -0.18438192  0.03422534   -0.01252472 -0.02880094   -0.01862150 -0.04296498
    2    1
 -0.01862150  0.04296498    0.01252472 -0.02880094   -0.18438192 -0.03422534
  0.01252472 -0.02880094   -0.02929168  0.04529100   -0.01252472  0.02880094
 -0.18438192 -0.03422534   -0.01252472  0.02880094   -0.01862150  0.04296498
    2    2
  0.24761275  0.00000000    0.00164359  0.00716923   -0.00238725  0.00000000
  0.00164359 -0.00716923    0.33583318  0.00000000   -0.00164359  0.00716923
 -0.00238725  0.00000000   -0.00164359 -0.00716923    0.24761275  0.00000000

     Dynamical  Matrix in cartesian axes

     q = (   -0.875000000   0.875000000   0.125000000 ) 

    1    1
  0.24761275  0.00000000   -0.00238725  0.00000000   -0.00164359  0.00716923
 -0.00238725  0.00000000    0.24761275  0.00000000    0.00164359 -0.00716923
 -0.00164359 -0.00716923    0.00164359  0.00716923    0.33583318  0.00000000
    1    2
 -0.01862150 -0.04296498   -0.18438192  0.03422534   -0.01252472 -0.02880094
 -0.18438192  0.03422534   -0.01862150 -0.04296498    0.01252472  0.02880094
 -0.01252472 -0.02880094    0.01252472  0.02880094   -0.02929168 -0.04529100
    2    1
 -0.01862150  0.04296498   -0.18438192 -0.03422534   -0.01252472  0.02880094
 -0.18438192 -0.03422534   -0.01862150  0.04296498    0.01252472 -0.02880094
 -0.01252472  0.02880094    0.01252472 -0.02880094   -0.02929168  0.04529100
    2    2
  0.24761275  0.00000000   -0.00238725  0.00000000   -0.00164359 -0.00716923
 -0.00238725  0.00000000    0.24761275  0.00000000    0.00164359  0.00716923
 -0.00164359  0.00716923    0.00164359 -0.00716923    0.33583318  0.00000000

     Dynamical  Matrix in cartesian axes

     q = (   -0.125000000   0.875000000   0.875000000 ) 

    1    1
  0.33583318  0.00000000   -0.00164359 -0.00716923   -0.00164359 -0.00716923
 -0.00164359  0.00716923    0.24761275  0.00000000    0.00238725  0.00000000
 -0.00164359  0.00716923    0.00238725  0.00000000    0.24761275  0.00000000
    1    2
 -0.01131323  0.05273792   -0.01150902  0.02922165   -0.01150902  0.02922165
 -0.01150902  0.02922165   -0.01721343  0.04354822   -0.15457867 -0.10617674
 -0.01150902  0.02922165   -0.15457867 -0.10617674   -0.01721343  0.04354822
    2    1
 -0.01131323 -0.05273792   -0.01150902 -0.02922165   -0.01150902 -0.02922165
 -0.01150902 -0.02922165   -0.01721343 -0.04354822   -0.15457867  0.10617674
 -0.01150902 -0.02922165   -0.15457867  0.10617674   -0.01721343 -0.04354822
    2    2
  0.33583318  0.00000000   -0.00164359  0.00716923   -0.00164359  0.00716923
 -0.00164359 -0.00716923    0.24761275  0.00000000    0.00238725  0.00000000
 -0.00164359 -0.00716923    0.00238725  0.00000000    0.24761275  0.00000000

     Dynamical  Matrix in cartesian axes

     q = (    0.125000000   0.875000000  -0.875000000 ) 

    1    1
  0.33583318  0.00000000    0.00164359  0.00716923   -0.00164359 -0.00716923
  0.00164359 -0.00716923    0.24761275  0.00000000   -0.00238725  0.00000000
 -0.00164359  0.00716923   -0.00238725  0.00000000    0.24761275  0.00000000
    1    2
 -0.02929168 -0.04529100    0.01252472  0.02880094   -0.01252472 -0.02880094
  0.01252472  0.02880094   -0.01862150 -0.04296498   -0.18438192  0.03422534
 -0.01252472 -0.02880094   -0.18438192  0.03422534   -0.01862150 -0.04296498
    2    1
 -0.02929168  0.04529100    0.01252472 -0.02880094   -0.01252472  0.02880094
  0.01252472 -0.02880094   -0.01862150  0.04296498   -0.18438192 -0.03422534
 -0.01252472  0.02880094   -0.18438192 -0.03422534   -0.01862150  0.04296498
    2    2
  0.33583318  0.00000000    0.00164359 -0.00716923   -0.00164359  0.00716923
  0.00164359  0.00716923    0.24761275  0.00000000   -0.00238725  0.00000000
 -0.00164359 -0.00716923   -0.00238725  0.00000000    0.24761275  0.00000000

     Dynamical  Matrix in cartesian axes

     q = (   -0.125000000  -0.875000000  -0.875000000 ) 

    1    1
  0.33583318  0.00000000    0.00164359  0.00716923    0.00164359  0.00716923
  0.00164359 -0.00716923    0.24761275  0.00000000    0.00238725  0.00000000
  0.00164359 -0.00716923    0.00238725  0.00000000    0.24761275  0.00000000
    1    2
  0.02929168  0.04529100   -0.01252472 -0.02880094   -0.01252472 -0.02880094
 -0.01252472 -0.02880094    0.01862150  0.04296498   -0.18438192  0.03422534
 -0.01252472 -0.02880094   -0.18438192  0.03422534    0.01862150  0.04296498
    2    1
  0.02929168 -0.04529100   -0.01252472  0.02880094   -0.01252472  0.02880094
 -0.01252472  0.02880094    0.01862150 -0.04296498   -0.18438192 -0.03422534
 -0.01252472  0.02880094   -0.18438192 -0.03422534    0.01862150 -0.04296498
    2    2
  0.33583318  0.00000000    0.00164359 -0.00716923    0.00164359 -0.00716923
  0.00164359  0.00716923    0.24761275  0.00000000    0.00238725  0.00000000
  0.00164359  0.00716923    0.00238725  0.00000000    0.24761275  0.00000000

     Dynamical  Matrix in cartesian axes

     q = (    0.875000000   0.875000000  -0.125000000 ) 

    1    1
  0.24761275  0.00000000    0.00238725  0.00000000   -0.00164359  0.00716923
  0.00238725  0.00000000    0.24761275  0.00000000   -0.00164359  0.00716923
 -0.00164359 -0.00716923   -0.00164359 -0.00716923    0.33583318  0.00000000
    1    2
 -0.01721343  0.04354822   -0.15457867 -0.10617674   -0.01150902  0.02922165
 -0.15457867 -0.10617674   -0.01721343  0.04354822   -0.01150902  0.02922165
 -0.01150902  0.02922165   -0.01150902  0.02922165   -0.01131323  0.05273792
    2    1
 -0.01721343 -0.04354822   -0.15457867  0.10617674   -0.01150902 -0.02922165
 -0.15457867  0.10617674   -0.01721343 -0.04354822   -0.01150902 -0.02922165
 -0.01150902 -0.02922165   -0.01150902 -0.02922165   -0.01131323 -0.05273792
    2    2
  0.24761275  0.00000000    0.00238725  0.00000000   -0.00164359 -0.00716923
  0.00238725  0.00000000    0.24761275  0.00000000   -0.00164359 -0.00716923
 -0.00164359  0.00716923   -0.00164359  0.00716923    0.33583318  0.00000000

     Dynamical  Matrix in cartesian axes

     q = (   -0.875000000  -0.875000000  -0.125000000 ) 

    1    1
  0.24761275  0.00000000    0.00238725  0.00000000    0.00164359 -0.00716923
  0.00238725  0.00000000    0.24761275  0.00000000    0.00164359 -0.00716923
  0.00164359  0.00716923    0.00164359  0.00716923    0.33583318  0.00000000
    1    2
  0.01862150  0.04296498   -0.18438192  0.03422534   -0.01252472 -0.02880094
 -0.18438192  0.03422534    0.01862150  0.04296498   -0.01252472 -0.02880094
 -0.01252472 -0.02880094   -0.01252472 -0.02880094    0.02929168  0.04529100
    2    1
  0.01862150 -0.04296498   -0.18438192 -0.03422534   -0.01252472  0.02880094
 -0.18438192 -0.03422534    0.01862150 -0.04296498   -0.01252472  0.02880094
 -0.01252472  0.02880094   -0.01252472  0.02880094    0.02929168 -0.04529100
    2    2
  0.24761275  0.00000000    0.00238725  0.00000000    0.00164359  0.00716923
  0.00238725  0.00000000    0.24761275  0.00000000    0.00164359  0.00716923
  0.00164359 -0.00716923    0.00164359 -0.00716923    0.33583318  0.00000000

     Dynamical  Matrix in cartesian axes

     q = (    0.125000000  -0.875000000   0.875000000 ) 

    1    1
  0.33583318  0.00000000   -0.00164359 -0.00716923    0.00164359  0.00716923
 -0.00164359  0.00716923    0.24761275  0.00000000   -0.00238725  0.00000000
  0.00164359 -0.00716923   -0.00238725  0.00000000    0.24761275  0.00000000
    1    2
 -0.02929168 -0.04529100   -0.01252472 -0.02880094    0.01252472  0.02880094
 -0.01252472 -0.02880094   -0.01862150 -0.04296498   -0.18438192  0.03422534
  0.01252472  0.02880094   -0.18438192  0.03422534   -0.01862150 -0.04296498
    2    1
 -0.02929168  0.04529100   -0.01252472  0.02880094    0.01252472 -0.02880094
 -0.01252472  0.02880094   -0.01862150  0.04296498   -0.18438192 -0.03422534
  0.01252472 -0.02880094   -0.18438192 -0.03422534   -0.01862150  0.04296498
    2    2
  0.33583318  0.00000000   -0.00164359  0.00716923    0.00164359 -0.00716923
 -0.00164359 -0.00716923    0.24761275  0.00000000   -0.00238725  0.00000000
  0.00164359  0.00716923   -0.00238725  0.00000000    0.24761275  0.00000000

     Dynamical  Matrix in cartesian axes

     q = (    0.875000000  -0.875000000   0.125000000 ) 

    1    1
  0.24761275  0.00000000   -0.00238725  0.00000000    0.00164359 -0.00716923
 -0.00238725  0.00000000    0.24761275  0.00000000   -0.00164359  0.00716923
  0.00164359  0.00716923   -0.00164359 -0.00716923    0.33583318  0.00000000
    1    2
 -0.01862150 -0.04296498   -0.18438192  0.03422534    0.01252472  0.02880094
 -0.18438192  0.03422534   -0.01862150 -0.04296498   -0.01252472 -0.02880094
  0.01252472  0.02880094   -0.01252472 -0.02880094   -0.02929168 -0.04529100
    2    1
 -0.01862150  0.04296498   -0.18438192 -0.03422534    0.01252472 -0.02880094
 -0.18438192 -0.03422534   -0.01862150  0.04296498   -0.01252472  0.02880094
  0.01252472 -0.02880094   -0.01252472  0.02880094   -0.02929168  0.04529100
    2    2
  0.24761275  0.00000000   -0.00238725  0.00000000    0.00164359  0.00716923
 -0.00238725  0.00000000    0.24761275  0.00000000   -0.00164359 -0.00716923
  0.00164359 -0.00716923   -0.00164359  0.00716923    0.33583318  0.00000000

     Dynamical  Matrix in cartesian axes

     q = (    0.125000000   0.875000000   0.875000000 ) 

    1    1
  0.33583318  0.00000000    0.00164359 -0.00716923    0.00164359 -0.00716923
  0.00164359  0.00716923    0.24761275  0.00000000    0.00238725  0.00000000
  0.00164359  0.00716923    0.00238725  0.00000000    0.24761275  0.00000000
    1    2
  0.02929168 -0.04529100   -0.01252472  0.02880094   -0.01252472  0.02880094
 -0.01252472  0.02880094    0.01862150 -0.04296498   -0.18438192 -0.03422534
 -0.01252472  0.02880094   -0.18438192 -0.03422534    0.01862150 -0.04296498
    2    1
  0.02929168  0.04529100   -0.01252472 -0.02880094   -0.01252472 -0.02880094
 -0.01252472 -0.02880094    0.01862150  0.04296498   -0.18438192  0.03422534
 -0.01252472 -0.02880094   -0.18438192  0.03422534    0.01862150  0.04296498
    2    2
  0.33583318  0.00000000    0.00164359  0.00716923    0.00164359  0.00716923
  0.00164359 -0.00716923    0.24761275  0.00000000    0.00238725  0.00000000
  0.00164359 -0.00716923    0.00238725  0.00000000    0.24761275  0.00000000

     Dynamical  Matrix in cartesian axes

     q = (   -0.875000000  -0.875000000   0.125000000 ) 

    1    1
  0.24761275  0.00000000    0.00238725  0.00000000   -0.00164359 -0.00716923
  0.00238725  0.00000000    0.24761275  0.00000000   -0.00164359 -0.00716923
 -0.00164359  0.00716923   -0.00164359  0.00716923    0.33583318  0.00000000
    1    2
 -0.01721343 -0.04354822   -0.15457867  0.10617674   -0.01150902 -0.02922165
 -0.15457867  0.10617674   -0.01721343 -0.04354822   -0.01150902 -0.02922165
 -0.01150902 -0.02922165   -0.01150902 -0.02922165   -0.01131323 -0.05273792
    2    1
 -0.01721343  0.04354822   -0.15457867 -0.10617674   -0.01150902  0.02922165
 -0.15457867 -0.10617674   -0.01721343  0.04354822   -0.01150902  0.02922165
 -0.01150902  0.02922165   -0.01150902  0.02922165   -0.01131323  0.05273792
    2    2
  0.24761275  0.00000000    0.00238725  0.00000000   -0.00164359  0.00716923
  0.00238725  0.00000000    0.24761275  0.00000000   -0.00164359  0.00716923
 -0.00164359 -0.00716923   -0.00164359 -0.00716923    0.33583318  0.00000000

     Dynamical  Matrix in cartesian axes

     q = (   -0.125000000  -0.875000000   0.875000000 ) 

    1    1
  0.33583318  0.00000000    0.00164359 -0.00716923   -0.00164359  0.00716923
  0.00164359  0.00716923    0.24761275  0.00000000   -0.00238725  0.00000000
 -0.00164359 -0.00716923   -0.00238725  0.00000000    0.24761275  0.00000000
    1    2
 -0.02929168  0.04529100    0.01252472 -0.02880094   -0.01252472  0.02880094
  0.01252472 -0.02880094   -0.01862150  0.04296498   -0.18438192 -0.03422534
 -0.01252472  0.02880094   -0.18438192 -0.03422534   -0.01862150  0.04296498
    2    1
 -0.02929168 -0.04529100    0.01252472  0.02880094   -0.01252472 -0.02880094
  0.01252472  0.02880094   -0.01862150 -0.04296498   -0.18438192  0.03422534
 -0.01252472 -0.02880094   -0.18438192  0.03422534   -0.01862150 -0.04296498
    2    2
  0.33583318  0.00000000    0.00164359  0.00716923   -0.00164359 -0.00716923
  0.00164359 -0.00716923    0.24761275  0.00000000   -0.00238725  0.00000000
 -0.00164359  0.00716923   -0.00238725  0.00000000    0.24761275  0.00000000

     Dynamical  Matrix in cartesian axes

     q = (    0.875000000   0.875000000   0.125000000 ) 

    1    1
  0.24761275  0.00000000    0.00238725  0.00000000    0.00164359  0.00716923
  0.00238725  0.00000000    0.24761275  0.00000000    0.00164359  0.00716923
  0.00164359 -0.00716923    0.00164359 -0.00716923    0.33583318  0.00000000
    1    2
  0.01862150 -0.04296498   -0.18438192 -0.03422534   -0.01252472  0.02880094
 -0.18438192 -0.03422534    0.01862150 -0.04296498   -0.01252472  0.02880094
 -0.01252472  0.02880094   -0.01252472  0.02880094    0.02929168 -0.04529100
    2    1
  0.01862150  0.04296498   -0.18438192  0.03422534   -0.01252472 -0.02880094
 -0.18438192  0.03422534    0.01862150  0.04296498   -0.01252472 -0.02880094
 -0.01252472 -0.02880094   -0.01252472 -0.02880094    0.02929168  0.04529100
    2    2
  0.24761275  0.00000000    0.00238725  0.00000000    0.00164359 -0.00716923
  0.00238725  0.00000000    0.24761275  0.00000000    0.00164359 -0.00716923
  0.00164359  0.00716923    0.00164359  0.00716923    0.33583318  0.00000000

     Dynamical  Matrix in cartesian axes

     q = (    0.125000000  -0.875000000  -0.875000000 ) 

    1    1
  0.33583318  0.00000000   -0.00164359  0.00716923   -0.00164359  0.00716923
 -0.00164359 -0.00716923    0.24761275  0.00000000    0.00238725  0.00000000
 -0.00164359 -0.00716923    0.00238725  0.00000000    0.24761275  0.00000000
    1    2
 -0.01131323 -0.05273792   -0.01150902 -0.02922165   -0.01150902 -0.02922165
 -0.01150902 -0.02922165   -0.01721343 -0.04354822   -0.15457867  0.10617674
 -0.01150902 -0.02922165   -0.15457867  0.10617674   -0.01721343 -0.04354822
    2    1
 -0.01131323  0.05273792   -0.01150902  0.02922165   -0.01150902  0.02922165
 -0.01150902  0.02922165   -0.01721343  0.04354822   -0.15457867 -0.10617674
 -0.01150902  0.02922165   -0.15457867 -0.10617674   -0.01721343  0.04354822
    2    2
  0.33583318  0.00000000   -0.00164359 -0.00716923   -0.00164359 -0.00716923
 -0.00164359  0.00716923    0.24761275  0.00000000    0.00238725  0.00000000
 -0.00164359  0.00716923    0.00238725  0.00000000    0.24761275  0.00000000

     Dynamical  Matrix in cartesian axes

     q = (    0.875000000  -0.875000000  -0.125000000 ) 

    1    1
  0.24761275  0.00000000   -0.00238725  0.00000000   -0.00164359 -0.00716923
 -0.00238725  0.00000000    0.24761275  0.00000000    0.00164359  0.00716923
 -0.00164359  0.00716923    0.00164359 -0.00716923    0.33583318  0.00000000
    1    2
 -0.01862150  0.04296498   -0.18438192 -0.03422534   -0.01252472  0.02880094
 -0.18438192 -0.03422534   -0.01862150  0.04296498    0.01252472 -0.02880094
 -0.01252472  0.02880094    0.01252472 -0.02880094   -0.02929168  0.04529100
    2    1
 -0.01862150 -0.04296498   -0.18438192  0.03422534   -0.01252472 -0.02880094
 -0.18438192  0.03422534   -0.01862150 -0.04296498    0.01252472  0.02880094
 -0.01252472 -0.02880094    0.01252472  0.02880094   -0.02929168 -0.04529100
    2    2
  0.24761275  0.00000000   -0.00238725  0.00000000   -0.00164359  0.00716923
 -0.00238725  0.00000000    0.24761275  0.00000000    0.00164359 -0.00716923
 -0.00164359 -0.00716923    0.00164359  0.00716923    0.33583318  0.00000000

     Diagonalizing the dynamical matrix

     q = (    0.875000000  -0.125000000   0.875000000 ) 

 **************************************************************************
     omega( 1) =       4.215660 [THz] =     140.619282 [cm-1]
 ( -0.338019 -0.368433  0.000000  0.000000  0.338019  0.368433 ) 
 (  0.500000  0.000000  0.000000  0.000000 -0.500000  0.000000 ) 
     omega( 2) =       5.133347 [THz] =     171.230039 [cm-1]
 ( -0.467155 -0.163712 -0.058284  0.080817 -0.467155 -0.163712 ) 
 ( -0.495011  0.000000 -0.028276 -0.095545 -0.495011  0.000000 ) 
     omega( 3) =      10.796959 [THz] =     360.147781 [cm-1]
 ( -0.119680  0.070215 -0.501689 -0.458040 -0.119680  0.070215 ) 
 (  0.138757  0.000000  0.200932 -0.648937  0.138757  0.000000 ) 
     omega( 4) =      12.522741 [THz] =     417.713692 [cm-1]
 ( -0.173629 -0.143047  0.628246 -0.063934 -0.173629 -0.143047 ) 
 (  0.224966  0.000000 -0.444230 -0.448821  0.224966  0.000000 ) 
     omega( 5) =      13.769116 [THz] =     459.288268 [cm-1]
 (  0.338019  0.368433  0.000000  0.000000 -0.338019 -0.368433 ) 
 (  0.500000  0.000000  0.000000  0.000000 -0.500000  0.000000 ) 
     omega( 6) =      13.986791 [THz] =     466.549127 [cm-1]
 ( -0.408103 -0.136209 -0.233762  0.274141 -0.408103 -0.136209 ) 
 (  0.430234  0.000000  0.134947  0.334046  0.430234  0.000000 ) 
 **************************************************************************
