Dynamical matrix file
                                                                           
  1    2  2 10.2000000  0.0000000  0.0000000  0.0000000  0.0000000  0.0000000
           1  'Si  '    25598.8229845270     
    1    1      0.0000000      0.0000000      0.0000000
    2    1      0.2500000      0.2500000      0.2500000

     Dynamical  Matrix in cartesian axes

     q = (   -0.125000000   0.125000000  -0.125000000 ) 

    1    1
  0.27708883  0.00000000   -0.00416102  0.00000000    0.00416102  0.00000000
 -0.00416102  0.00000000    0.27708883  0.00000000   -0.00416102  0.00000000
  0.00416102  0.00000000   -0.00416102  0.00000000    0.27708883  0.00000000
    1    2
 -0.25413747 -0.04651303   -0.01037801  0.02771937    0.01037801 -0.02771937
 -0.01037801  0.02771937   -0.25413747 -0.04651303   -0.01037801  0.02771937
  0.01037801 -0.02771937   -0.01037801  0.02771937   -0.25413747 -0.04651303
    2    1
 -0.25413747  0.04651303   -0.01037801 -0.02771937    0.01037801  0.02771937
 -0.01037801 -0.02771937   -0.25413747  0.04651303   -0.01037801 -0.02771937
  0.01037801  0.02771937   -0.01037801 -0.02771937   -0.25413747  0.04651303
    2    2
  0.27708883  0.00000000   -0.00416102  0.00000000    0.00416102  0.00000000
 -0.00416102  0.00000000    0.27708883  0.00000000   -0.00416102  0.00000000
  0.00416102  0.00000000   -0.00416102  0.00000000    0.27708883  0.00000000

     Dynamical  Matrix in cartesian axes

     q = (    0.125000000  -0.125000000  -0.125000000 ) 

    1    1
  0.27708883  0.00000000   -0.00416102  0.00000000   -0.00416102  0.00000000
 -0.00416102  0.00000000    0.27708883  0.00000000    0.00416102  0.00000000
 -0.00416102  0.00000000    0.00416102  0.00000000    0.27708883  0.00000000
    1    2
 -0.25413747 -0.04651303   -0.01037801  0.02771937   -0.01037801  0.02771937
 -0.01037801  0.02771937   -0.25413747 -0.04651303    0.01037801 -0.02771937
 -0.01037801  0.02771937    0.01037801 -0.02771937   -0.25413747 -0.04651303
    2    1
 -0.25413747  0.04651303   -0.01037801 -0.02771937   -0.01037801 -0.02771937
 -0.01037801 -0.02771937   -0.25413747  0.04651303    0.01037801  0.02771937
 -0.01037801 -0.02771937    0.01037801  0.02771937   -0.25413747  0.04651303
    2    2
  0.27708883  0.00000000   -0.00416102  0.00000000   -0.00416102  0.00000000
 -0.00416102  0.00000000    0.27708883  0.00000000    0.00416102  0.00000000
 -0.00416102  0.00000000    0.00416102  0.00000000    0.27708883  0.00000000

     Dynamical  Matrix in cartesian axes

     q = (    0.125000000  -0.125000000   0.125000000 ) 

    1    1
  0.27708883  0.00000000   -0.00416102  0.00000000    0.00416102  0.00000000
 -0.00416102  0.00000000    0.27708883  0.00000000   -0.00416102  0.00000000
  0.00416102  0.00000000   -0.00416102  0.00000000    0.27708883  0.00000000
    1    2
 -0.25413747  0.04651303   -0.01037801 -0.02771937    0.01037801  0.02771937
 -0.01037801 -0.02771937   -0.25413747  0.04651303   -0.01037801 -0.02771937
  0.01037801  0.02771937   -0.01037801 -0.02771937   -0.25413747  0.04651303
    2    1
 -0.25413747 -0.04651303   -0.01037801  0.02771937    0.01037801 -0.02771937
 -0.01037801  0.02771937   -0.25413747 -0.04651303   -0.01037801  0.02771937
  0.01037801 -0.02771937   -0.01037801  0.02771937   -0.25413747 -0.04651303
    2    2
  0.27708883  0.00000000   -0.00416102  0.00000000    0.00416102  0.00000000
 -0.00416102  0.00000000    0.27708883  0.00000000   -0.00416102  0.00000000
  0.00416102  0.00000000   -0.00416102  0.00000000    0.27708883  0.00000000

     Dynamical  Matrix in cartesian axes

     q = (   -0.125000000   0.125000000   0.125000000 ) 

    1    1
  0.27708883  0.00000000   -0.00416102  0.00000000   -0.00416102  0.00000000
 -0.00416102  0.00000000    0.27708883  0.00000000    0.00416102  0.00000000
 -0.00416102  0.00000000    0.00416102  0.00000000    0.27708883  0.00000000
    1    2
 -0.25413747  0.04651303   -0.01037801 -0.02771937   -0.01037801 -0.02771937
 -0.01037801 -0.02771937   -0.25413747  0.04651303    0.01037801  0.02771937
 -0.01037801 -0.02771937    0.01037801  0.02771937   -0.25413747  0.04651303
    2    1
 -0.25413747 -0.04651303   -0.01037801  0.02771937   -0.01037801  0.02771937
 -0.01037801  0.02771937   -0.25413747 -0.04651303    0.01037801 -0.02771937
 -0.01037801  0.02771937    0.01037801 -0.02771937   -0.25413747 -0.04651303
    2    2
  0.27708883  0.00000000   -0.00416102  0.00000000   -0.00416102  0.00000000
 -0.00416102  0.00000000    0.27708883  0.00000000    0.00416102  0.00000000
 -0.00416102  0.00000000    0.00416102  0.00000000    0.27708883  0.00000000

     Dynamical  Matrix in cartesian axes

     q = (    0.125000000   0.125000000  -0.125000000 ) 

    1    1
  0.27708883  0.00000000    0.00416102  0.00000000   -0.00416102  0.00000000
  0.00416102  0.00000000    0.27708883  0.00000000   -0.00416102  0.00000000
 -0.00416102  0.00000000   -0.00416102  0.00000000    0.27708883  0.00000000
    1    2
 -0.25413747  0.04651303    0.01037801  0.02771937   -0.01037801 -0.02771937
  0.01037801  0.02771937   -0.25413747  0.04651303   -0.01037801 -0.02771937
 -0.01037801 -0.02771937   -0.01037801 -0.02771937   -0.25413747  0.04651303
    2    1
 -0.25413747 -0.04651303    0.01037801 -0.02771937   -0.01037801  0.02771937
  0.01037801 -0.02771937   -0.25413747 -0.04651303   -0.01037801  0.02771937
 -0.01037801  0.02771937   -0.01037801  0.02771937   -0.25413747 -0.04651303
    2    2
  0.27708883  0.00000000    0.00416102  0.00000000   -0.00416102  0.00000000
  0.00416102  0.00000000    0.27708883  0.00000000   -0.00416102  0.00000000
 -0.00416102  0.00000000   -0.00416102  0.00000000    0.27708883  0.00000000

     Dynamical  Matrix in cartesian axes

     q = (   -0.125000000  -0.125000000  -0.125000000 ) 

    1    1
  0.27708883  0.00000000    0.00416102  0.00000000    0.00416102  0.00000000
  0.00416102  0.00000000    0.27708883  0.00000000    0.00416102  0.00000000
  0.00416102  0.00000000    0.00416102  0.00000000    0.27708883  0.00000000
    1    2
 -0.21259200 -0.14681265   -0.01226219  0.02693891   -0.01226219  0.02693891
 -0.01226219  0.02693891   -0.21259200 -0.14681265   -0.01226219  0.02693891
 -0.01226219  0.02693891   -0.01226219  0.02693891   -0.21259200 -0.14681265
    2    1
 -0.21259200  0.14681265   -0.01226219 -0.02693891   -0.01226219 -0.02693891
 -0.01226219 -0.02693891   -0.21259200  0.14681265   -0.01226219 -0.02693891
 -0.01226219 -0.02693891   -0.01226219 -0.02693891   -0.21259200  0.14681265
    2    2
  0.27708883  0.00000000    0.00416102  0.00000000    0.00416102  0.00000000
  0.00416102  0.00000000    0.27708883  0.00000000    0.00416102  0.00000000
  0.00416102  0.00000000    0.00416102  0.00000000    0.27708883  0.00000000

     Dynamical  Matrix in cartesian axes

     q = (   -0.125000000  -0.125000000   0.125000000 ) 

    1    1
  0.27708883  0.00000000    0.00416102  0.00000000   -0.00416102  0.00000000
  0.00416102  0.00000000    0.27708883  0.00000000   -0.00416102  0.00000000
 -0.00416102  0.00000000   -0.00416102  0.00000000    0.27708883  0.00000000
    1    2
 -0.25413747 -0.04651303    0.01037801 -0.02771937   -0.01037801  0.02771937
  0.01037801 -0.02771937   -0.25413747 -0.04651303   -0.01037801  0.02771937
 -0.01037801  0.02771937   -0.01037801  0.02771937   -0.25413747 -0.04651303
    2    1
 -0.25413747  0.04651303    0.01037801  0.02771937   -0.01037801 -0.02771937
  0.01037801  0.02771937   -0.25413747  0.04651303   -0.01037801 -0.02771937
 -0.01037801 -0.02771937   -0.01037801 -0.02771937   -0.25413747  0.04651303
    2    2
  0.27708883  0.00000000    0.00416102  0.00000000   -0.00416102  0.00000000
  0.00416102  0.00000000    0.27708883  0.00000000   -0.00416102  0.00000000
 -0.00416102  0.00000000   -0.00416102  0.00000000    0.27708883  0.00000000

     Dynamical  Matrix in cartesian axes

     q = (    0.125000000   0.125000000   0.125000000 ) 

    1    1
  0.27708883  0.00000000    0.00416102  0.00000000    0.00416102  0.00000000
  0.00416102  0.00000000    0.27708883  0.00000000    0.00416102  0.00000000
  0.00416102  0.00000000    0.00416102  0.00000000    0.27708883  0.00000000
    1    2
 -0.21259200  0.14681265   -0.01226219 -0.02693891   -0.01226219 -0.02693891
 -0.01226219 -0.02693891   -0.21259200  0.14681265   -0.01226219 -0.02693891
 -0.01226219 -0.02693891   -0.01226219 -0.02693891   -0.21259200  0.14681265
    2    1
 -0.21259200 -0.14681265   -0.01226219  0.02693891   -0.01226219  0.02693891
 -0.01226219  0.02693891   -0.21259200 -0.14681265   -0.01226219  0.02693891
 -0.01226219  0.02693891   -0.01226219  0.02693891   -0.21259200 -0.14681265
    2    2
  0.27708883  0.00000000    0.00416102  0.00000000    0.00416102  0.00000000
  0.00416102  0.00000000    0.27708883  0.00000000    0.00416102  0.00000000
  0.00416102  0.00000000    0.00416102  0.00000000    0.27708883  0.00000000

     Diagonalizing the dynamical matrix

     q = (   -0.125000000   0.125000000  -0.125000000 ) 

 **************************************************************************
     omega( 1) =       1.809634 [THz] =      60.362893 [cm-1]
 ( -0.561119 -0.121091 -0.242840 -0.098478  0.318279  0.022614 ) 
 ( -0.568290 -0.081020 -0.249209 -0.081020  0.319081  0.000000 ) 
     omega( 2) =       1.809634 [THz] =      60.362893 [cm-1]
 ( -0.026592 -0.055752 -0.506548 -0.089853 -0.479956 -0.034101 ) 
 ( -0.030476 -0.053728 -0.511642 -0.053728 -0.481166  0.000000 ) 
     omega( 3) =       3.604658 [THz] =     120.238454 [cm-1]
 (  0.374109  0.163428 -0.374109 -0.163428  0.374109  0.163428 ) 
 (  0.408248  0.000000 -0.408248  0.000000  0.408248  0.000000 ) 
     omega( 4) =      15.083447 [THz] =     503.129634 [cm-1]
 (  0.357600 -0.163900  0.538198 -0.151068  0.180598  0.012831 ) 
 ( -0.345085  0.188831 -0.526138  0.188831 -0.181053  0.000000 ) 
     omega( 5) =      15.083447 [THz] =     503.129634 [cm-1]
 ( -0.421344  0.032583  0.125505  0.071436  0.546849  0.038853 ) 
 (  0.417975 -0.062362 -0.130252 -0.062362 -0.548227  0.000000 ) 
     omega( 6) =      15.111160 [THz] =     504.054029 [cm-1]
 (  0.374109  0.163428 -0.374109 -0.163428  0.374109  0.163428 ) 
 ( -0.408248  0.000000  0.408248  0.000000 -0.408248  0.000000 ) 
 **************************************************************************
