Dynamical matrix file
                                                                           
  1    2  2 10.2000000  0.0000000  0.0000000  0.0000000  0.0000000  0.0000000
           1  'Si  '    25598.8229845270     
    1    1      0.0000000      0.0000000      0.0000000
    2    1      0.2500000      0.2500000      0.2500000

     Dynamical  Matrix in cartesian axes

     q = (    0.500000000  -0.250000000   0.500000000 ) 

    1    1
  0.27441815  0.00000000   -0.01306788  0.00673272    0.01480689  0.00000000
 -0.01306788 -0.00673272    0.28465183  0.00000000   -0.01306788 -0.00673272
  0.01480689  0.00000000   -0.01306788  0.00673272    0.27441815  0.00000000
    1    2
 -0.10030891  0.09115371   -0.09113790  0.00221149    0.06834150 -0.06149803
 -0.09113790  0.00221149   -0.10528857  0.10092090   -0.09113790  0.00221149
  0.06834150 -0.06149803   -0.09113790  0.00221149   -0.10030891  0.09115371
    2    1
 -0.10030891 -0.09115371   -0.09113790 -0.00221149    0.06834150  0.06149803
 -0.09113790 -0.00221149   -0.10528857 -0.10092090   -0.09113790 -0.00221149
  0.06834150  0.06149803   -0.09113790 -0.00221149   -0.10030891 -0.09115371
    2    2
  0.27441815  0.00000000   -0.01306788 -0.00673272    0.01480689  0.00000000
 -0.01306788  0.00673272    0.28465183  0.00000000   -0.01306788  0.00673272
  0.01480689  0.00000000   -0.01306788 -0.00673272    0.27441815  0.00000000

     Dynamical  Matrix in cartesian axes

     q = (    0.500000000  -0.250000000  -0.500000000 ) 

    1    1
  0.27441815  0.00000000   -0.01306788 -0.00673272   -0.01480689  0.00000000
 -0.01306788  0.00673272    0.28465183  0.00000000    0.01306788 -0.00673272
 -0.01480689  0.00000000    0.01306788  0.00673272    0.27441815  0.00000000
    1    2
 -0.13538451  0.00647370   -0.06600799  0.06288047   -0.09181041  0.00483907
 -0.06600799  0.06288047   -0.14581212  0.00308841    0.06600799 -0.06288047
 -0.09181041  0.00483907    0.06600799 -0.06288047   -0.13538451  0.00647370
    2    1
 -0.13538451 -0.00647370   -0.06600799 -0.06288047   -0.09181041 -0.00483907
 -0.06600799 -0.06288047   -0.14581212 -0.00308841    0.06600799  0.06288047
 -0.09181041 -0.00483907    0.06600799  0.06288047   -0.13538451 -0.00647370
    2    2
  0.27441815  0.00000000   -0.01306788  0.00673272   -0.01480689  0.00000000
 -0.01306788 -0.00673272    0.28465183  0.00000000    0.01306788  0.00673272
 -0.01480689  0.00000000    0.01306788 -0.00673272    0.27441815  0.00000000

     Dynamical  Matrix in cartesian axes

     q = (   -0.500000000  -0.250000000   0.500000000 ) 

    1    1
  0.27441815  0.00000000    0.01306788  0.00673272   -0.01480689  0.00000000
  0.01306788 -0.00673272    0.28465183  0.00000000   -0.01306788  0.00673272
 -0.01480689  0.00000000   -0.01306788 -0.00673272    0.27441815  0.00000000
    1    2
 -0.13538451  0.00647370    0.06600799 -0.06288047   -0.09181041  0.00483907
  0.06600799 -0.06288047   -0.14581212  0.00308841   -0.06600799  0.06288047
 -0.09181041  0.00483907   -0.06600799  0.06288047   -0.13538451  0.00647370
    2    1
 -0.13538451 -0.00647370    0.06600799  0.06288047   -0.09181041 -0.00483907
  0.06600799  0.06288047   -0.14581212 -0.00308841   -0.06600799 -0.06288047
 -0.09181041 -0.00483907   -0.06600799 -0.06288047   -0.13538451 -0.00647370
    2    2
  0.27441815  0.00000000    0.01306788 -0.00673272   -0.01480689  0.00000000
  0.01306788  0.00673272    0.28465183  0.00000000   -0.01306788 -0.00673272
 -0.01480689  0.00000000   -0.01306788  0.00673272    0.27441815  0.00000000

     Dynamical  Matrix in cartesian axes

     q = (   -0.500000000  -0.250000000  -0.500000000 ) 

    1    1
  0.27441815  0.00000000    0.01306788 -0.00673272    0.01480689  0.00000000
  0.01306788  0.00673272    0.28465183  0.00000000    0.01306788  0.00673272
  0.01480689  0.00000000    0.01306788 -0.00673272    0.27441815  0.00000000
    1    2
  0.10030891 -0.09115371   -0.09113790  0.00221149   -0.06834150  0.06149803
 -0.09113790  0.00221149    0.10528857 -0.10092090   -0.09113790  0.00221149
 -0.06834150  0.06149803   -0.09113790  0.00221149    0.10030891 -0.09115371
    2    1
  0.10030891  0.09115371   -0.09113790 -0.00221149   -0.06834150 -0.06149803
 -0.09113790 -0.00221149    0.10528857  0.10092090   -0.09113790 -0.00221149
 -0.06834150 -0.06149803   -0.09113790 -0.00221149    0.10030891  0.09115371
    2    2
  0.27441815  0.00000000    0.01306788  0.00673272    0.01480689  0.00000000
  0.01306788 -0.00673272    0.28465183  0.00000000    0.01306788 -0.00673272
  0.01480689  0.00000000    0.01306788  0.00673272    0.27441815  0.00000000

     Dynamical  Matrix in cartesian axes

     q = (   -0.500000000   0.250000000  -0.500000000 ) 

    1    1
  0.27441815  0.00000000   -0.01306788 -0.00673272    0.01480689  0.00000000
 -0.01306788  0.00673272    0.28465183  0.00000000   -0.01306788  0.00673272
  0.01480689  0.00000000   -0.01306788 -0.00673272    0.27441815  0.00000000
    1    2
 -0.10030891 -0.09115371   -0.09113790 -0.00221149    0.06834150  0.06149803
 -0.09113790 -0.00221149   -0.10528857 -0.10092090   -0.09113790 -0.00221149
  0.06834150  0.06149803   -0.09113790 -0.00221149   -0.10030891 -0.09115371
    2    1
 -0.10030891  0.09115371   -0.09113790  0.00221149    0.06834150 -0.06149803
 -0.09113790  0.00221149   -0.10528857  0.10092090   -0.09113790  0.00221149
  0.06834150 -0.06149803   -0.09113790  0.00221149   -0.10030891  0.09115371
    2    2
  0.27441815  0.00000000   -0.01306788  0.00673272    0.01480689  0.00000000
 -0.01306788 -0.00673272    0.28465183  0.00000000   -0.01306788 -0.00673272
  0.01480689  0.00000000   -0.01306788  0.00673272    0.27441815  0.00000000

     Dynamical  Matrix in cartesian axes

     q = (   -0.250000000   0.500000000  -0.500000000 ) 

    1    1
  0.28465183  0.00000000   -0.01306788  0.00673272    0.01306788 -0.00673272
 -0.01306788 -0.00673272    0.27441815  0.00000000   -0.01480689  0.00000000
  0.01306788  0.00673272   -0.01480689  0.00000000    0.27441815  0.00000000
    1    2
 -0.14581212  0.00308841   -0.06600799  0.06288047    0.06600799 -0.06288047
 -0.06600799  0.06288047   -0.13538451  0.00647370   -0.09181041  0.00483907
  0.06600799 -0.06288047   -0.09181041  0.00483907   -0.13538451  0.00647370
    2    1
 -0.14581212 -0.00308841   -0.06600799 -0.06288047    0.06600799  0.06288047
 -0.06600799 -0.06288047   -0.13538451 -0.00647370   -0.09181041 -0.00483907
  0.06600799  0.06288047   -0.09181041 -0.00483907   -0.13538451 -0.00647370
    2    2
  0.28465183  0.00000000   -0.01306788 -0.00673272    0.01306788  0.00673272
 -0.01306788  0.00673272    0.27441815  0.00000000   -0.01480689  0.00000000
  0.01306788 -0.00673272   -0.01480689  0.00000000    0.27441815  0.00000000

     Dynamical  Matrix in cartesian axes

     q = (   -0.500000000   0.500000000  -0.250000000 ) 

    1    1
  0.27441815  0.00000000   -0.01480689  0.00000000    0.01306788  0.00673272
 -0.01480689  0.00000000    0.27441815  0.00000000   -0.01306788 -0.00673272
  0.01306788 -0.00673272   -0.01306788  0.00673272    0.28465183  0.00000000
    1    2
 -0.13538451  0.00647370   -0.09181041  0.00483907    0.06600799 -0.06288047
 -0.09181041  0.00483907   -0.13538451  0.00647370   -0.06600799  0.06288047
  0.06600799 -0.06288047   -0.06600799  0.06288047   -0.14581212  0.00308841
    2    1
 -0.13538451 -0.00647370   -0.09181041 -0.00483907    0.06600799  0.06288047
 -0.09181041 -0.00483907   -0.13538451 -0.00647370   -0.06600799 -0.06288047
  0.06600799  0.06288047   -0.06600799 -0.06288047   -0.14581212 -0.00308841
    2    2
  0.27441815  0.00000000   -0.01480689  0.00000000    0.01306788 -0.00673272
 -0.01480689  0.00000000    0.27441815  0.00000000   -0.01306788  0.00673272
  0.01306788  0.00673272   -0.01306788 -0.00673272    0.28465183  0.00000000

     Dynamical  Matrix in cartesian axes

     q = (    0.500000000   0.250000000   0.500000000 ) 

    1    1
  0.27441815  0.00000000    0.01306788  0.00673272    0.01480689  0.00000000
  0.01306788 -0.00673272    0.28465183  0.00000000    0.01306788 -0.00673272
  0.01480689  0.00000000    0.01306788  0.00673272    0.27441815  0.00000000
    1    2
  0.10030891  0.09115371   -0.09113790 -0.00221149   -0.06834150 -0.06149803
 -0.09113790 -0.00221149    0.10528857  0.10092090   -0.09113790 -0.00221149
 -0.06834150 -0.06149803   -0.09113790 -0.00221149    0.10030891  0.09115371
    2    1
  0.10030891 -0.09115371   -0.09113790  0.00221149   -0.06834150  0.06149803
 -0.09113790  0.00221149    0.10528857 -0.10092090   -0.09113790  0.00221149
 -0.06834150  0.06149803   -0.09113790  0.00221149    0.10030891 -0.09115371
    2    2
  0.27441815  0.00000000    0.01306788 -0.00673272    0.01480689  0.00000000
  0.01306788  0.00673272    0.28465183  0.00000000    0.01306788  0.00673272
  0.01480689  0.00000000    0.01306788 -0.00673272    0.27441815  0.00000000

     Dynamical  Matrix in cartesian axes

     q = (   -0.500000000   0.250000000   0.500000000 ) 

    1    1
  0.27441815  0.00000000   -0.01306788  0.00673272   -0.01480689  0.00000000
 -0.01306788 -0.00673272    0.28465183  0.00000000    0.01306788  0.00673272
 -0.01480689  0.00000000    0.01306788 -0.00673272    0.27441815  0.00000000
    1    2
 -0.13538451 -0.00647370   -0.06600799 -0.06288047   -0.09181041 -0.00483907
 -0.06600799 -0.06288047   -0.14581212 -0.00308841    0.06600799  0.06288047
 -0.09181041 -0.00483907    0.06600799  0.06288047   -0.13538451 -0.00647370
    2    1
 -0.13538451  0.00647370   -0.06600799  0.06288047   -0.09181041  0.00483907
 -0.06600799  0.06288047   -0.14581212  0.00308841    0.06600799 -0.06288047
 -0.09181041  0.00483907    0.06600799 -0.06288047   -0.13538451  0.00647370
    2    2
  0.27441815  0.00000000   -0.01306788 -0.00673272   -0.01480689  0.00000000
 -0.01306788  0.00673272    0.28465183  0.00000000    0.01306788 -0.00673272
 -0.01480689  0.00000000    0.01306788  0.00673272    0.27441815  0.00000000

     Dynamical  Matrix in cartesian axes

     q = (    0.500000000   0.250000000  -0.500000000 ) 

    1    1
  0.27441815  0.00000000    0.01306788 -0.00673272   -0.01480689  0.00000000
  0.01306788  0.00673272    0.28465183  0.00000000   -0.01306788 -0.00673272
 -0.01480689  0.00000000   -0.01306788  0.00673272    0.27441815  0.00000000
    1    2
 -0.13538451 -0.00647370    0.06600799  0.06288047   -0.09181041 -0.00483907
  0.06600799  0.06288047   -0.14581212 -0.00308841   -0.06600799 -0.06288047
 -0.09181041 -0.00483907   -0.06600799 -0.06288047   -0.13538451 -0.00647370
    2    1
 -0.13538451  0.00647370    0.06600799 -0.06288047   -0.09181041  0.00483907
  0.06600799 -0.06288047   -0.14581212  0.00308841   -0.06600799  0.06288047
 -0.09181041  0.00483907   -0.06600799  0.06288047   -0.13538451  0.00647370
    2    2
  0.27441815  0.00000000    0.01306788  0.00673272   -0.01480689  0.00000000
  0.01306788 -0.00673272    0.28465183  0.00000000   -0.01306788  0.00673272
 -0.01480689  0.00000000   -0.01306788 -0.00673272    0.27441815  0.00000000

     Dynamical  Matrix in cartesian axes

     q = (   -0.500000000   0.500000000   0.250000000 ) 

    1    1
  0.27441815  0.00000000   -0.01480689  0.00000000   -0.01306788  0.00673272
 -0.01480689  0.00000000    0.27441815  0.00000000    0.01306788 -0.00673272
 -0.01306788 -0.00673272    0.01306788  0.00673272    0.28465183  0.00000000
    1    2
 -0.13538451 -0.00647370   -0.09181041 -0.00483907   -0.06600799 -0.06288047
 -0.09181041 -0.00483907   -0.13538451 -0.00647370    0.06600799  0.06288047
 -0.06600799 -0.06288047    0.06600799  0.06288047   -0.14581212 -0.00308841
    2    1
 -0.13538451  0.00647370   -0.09181041  0.00483907   -0.06600799  0.06288047
 -0.09181041  0.00483907   -0.13538451  0.00647370    0.06600799 -0.06288047
 -0.06600799  0.06288047    0.06600799 -0.06288047   -0.14581212  0.00308841
    2    2
  0.27441815  0.00000000   -0.01480689  0.00000000   -0.01306788 -0.00673272
 -0.01480689  0.00000000    0.27441815  0.00000000    0.01306788  0.00673272
 -0.01306788  0.00673272    0.01306788 -0.00673272    0.28465183  0.00000000

     Dynamical  Matrix in cartesian axes

     q = (   -0.250000000   0.500000000   0.500000000 ) 

    1    1
  0.28465183  0.00000000   -0.01306788 -0.00673272   -0.01306788 -0.00673272
 -0.01306788  0.00673272    0.27441815  0.00000000    0.01480689  0.00000000
 -0.01306788  0.00673272    0.01480689  0.00000000    0.27441815  0.00000000
    1    2
 -0.10528857  0.10092090   -0.09113790  0.00221149   -0.09113790  0.00221149
 -0.09113790  0.00221149   -0.10030891  0.09115371    0.06834150 -0.06149803
 -0.09113790  0.00221149    0.06834150 -0.06149803   -0.10030891  0.09115371
    2    1
 -0.10528857 -0.10092090   -0.09113790 -0.00221149   -0.09113790 -0.00221149
 -0.09113790 -0.00221149   -0.10030891 -0.09115371    0.06834150  0.06149803
 -0.09113790 -0.00221149    0.06834150  0.06149803   -0.10030891 -0.09115371
    2    2
  0.28465183  0.00000000   -0.01306788  0.00673272   -0.01306788  0.00673272
 -0.01306788 -0.00673272    0.27441815  0.00000000    0.01480689  0.00000000
 -0.01306788 -0.00673272    0.01480689  0.00000000    0.27441815  0.00000000

     Dynamical  Matrix in cartesian axes

     q = (    0.250000000   0.500000000  -0.500000000 ) 

    1    1
  0.28465183  0.00000000    0.01306788  0.00673272   -0.01306788 -0.00673272
  0.01306788 -0.00673272    0.27441815  0.00000000   -0.01480689  0.00000000
 -0.01306788  0.00673272   -0.01480689  0.00000000    0.27441815  0.00000000
    1    2
 -0.14581212 -0.00308841    0.06600799  0.06288047   -0.06600799 -0.06288047
  0.06600799  0.06288047   -0.13538451 -0.00647370   -0.09181041 -0.00483907
 -0.06600799 -0.06288047   -0.09181041 -0.00483907   -0.13538451 -0.00647370
    2    1
 -0.14581212  0.00308841    0.06600799 -0.06288047   -0.06600799  0.06288047
  0.06600799 -0.06288047   -0.13538451  0.00647370   -0.09181041  0.00483907
 -0.06600799  0.06288047   -0.09181041  0.00483907   -0.13538451  0.00647370
    2    2
  0.28465183  0.00000000    0.01306788 -0.00673272   -0.01306788  0.00673272
  0.01306788  0.00673272    0.27441815  0.00000000   -0.01480689  0.00000000
 -0.01306788 -0.00673272   -0.01480689  0.00000000    0.27441815  0.00000000

     Dynamical  Matrix in cartesian axes

     q = (   -0.250000000  -0.500000000  -0.500000000 ) 

    1    1
  0.28465183  0.00000000    0.01306788  0.00673272    0.01306788  0.00673272
  0.01306788 -0.00673272    0.27441815  0.00000000    0.01480689  0.00000000
  0.01306788 -0.00673272    0.01480689  0.00000000    0.27441815  0.00000000
    1    2
  0.10528857 -0.10092090   -0.09113790  0.00221149   -0.09113790  0.00221149
 -0.09113790  0.00221149    0.10030891 -0.09115371   -0.06834150  0.06149803
 -0.09113790  0.00221149   -0.06834150  0.06149803    0.10030891 -0.09115371
    2    1
  0.10528857  0.10092090   -0.09113790 -0.00221149   -0.09113790 -0.00221149
 -0.09113790 -0.00221149    0.10030891  0.09115371   -0.06834150 -0.06149803
 -0.09113790 -0.00221149   -0.06834150 -0.06149803    0.10030891  0.09115371
    2    2
  0.28465183  0.00000000    0.01306788 -0.00673272    0.01306788 -0.00673272
  0.01306788  0.00673272    0.27441815  0.00000000    0.01480689  0.00000000
  0.01306788  0.00673272    0.01480689  0.00000000    0.27441815  0.00000000

     Dynamical  Matrix in cartesian axes

     q = (    0.500000000   0.500000000  -0.250000000 ) 

    1    1
  0.27441815  0.00000000    0.01480689  0.00000000   -0.01306788  0.00673272
  0.01480689  0.00000000    0.27441815  0.00000000   -0.01306788  0.00673272
 -0.01306788 -0.00673272   -0.01306788 -0.00673272    0.28465183  0.00000000
    1    2
 -0.10030891  0.09115371    0.06834150 -0.06149803   -0.09113790  0.00221149
  0.06834150 -0.06149803   -0.10030891  0.09115371   -0.09113790  0.00221149
 -0.09113790  0.00221149   -0.09113790  0.00221149   -0.10528857  0.10092090
    2    1
 -0.10030891 -0.09115371    0.06834150  0.06149803   -0.09113790 -0.00221149
  0.06834150  0.06149803   -0.10030891 -0.09115371   -0.09113790 -0.00221149
 -0.09113790 -0.00221149   -0.09113790 -0.00221149   -0.10528857 -0.10092090
    2    2
  0.27441815  0.00000000    0.01480689  0.00000000   -0.01306788 -0.00673272
  0.01480689  0.00000000    0.27441815  0.00000000   -0.01306788 -0.00673272
 -0.01306788  0.00673272   -0.01306788  0.00673272    0.28465183  0.00000000

     Dynamical  Matrix in cartesian axes

     q = (   -0.500000000  -0.500000000  -0.250000000 ) 

    1    1
  0.27441815  0.00000000    0.01480689  0.00000000    0.01306788 -0.00673272
  0.01480689  0.00000000    0.27441815  0.00000000    0.01306788 -0.00673272
  0.01306788  0.00673272    0.01306788  0.00673272    0.28465183  0.00000000
    1    2
  0.10030891 -0.09115371   -0.06834150  0.06149803   -0.09113790  0.00221149
 -0.06834150  0.06149803    0.10030891 -0.09115371   -0.09113790  0.00221149
 -0.09113790  0.00221149   -0.09113790  0.00221149    0.10528857 -0.10092090
    2    1
  0.10030891  0.09115371   -0.06834150 -0.06149803   -0.09113790 -0.00221149
 -0.06834150 -0.06149803    0.10030891  0.09115371   -0.09113790 -0.00221149
 -0.09113790 -0.00221149   -0.09113790 -0.00221149    0.10528857  0.10092090
    2    2
  0.27441815  0.00000000    0.01480689  0.00000000    0.01306788  0.00673272
  0.01480689  0.00000000    0.27441815  0.00000000    0.01306788  0.00673272
  0.01306788 -0.00673272    0.01306788 -0.00673272    0.28465183  0.00000000

     Dynamical  Matrix in cartesian axes

     q = (    0.250000000  -0.500000000   0.500000000 ) 

    1    1
  0.28465183  0.00000000   -0.01306788 -0.00673272    0.01306788  0.00673272
 -0.01306788  0.00673272    0.27441815  0.00000000   -0.01480689  0.00000000
  0.01306788 -0.00673272   -0.01480689  0.00000000    0.27441815  0.00000000
    1    2
 -0.14581212 -0.00308841   -0.06600799 -0.06288047    0.06600799  0.06288047
 -0.06600799 -0.06288047   -0.13538451 -0.00647370   -0.09181041 -0.00483907
  0.06600799  0.06288047   -0.09181041 -0.00483907   -0.13538451 -0.00647370
    2    1
 -0.14581212  0.00308841   -0.06600799  0.06288047    0.06600799 -0.06288047
 -0.06600799  0.06288047   -0.13538451  0.00647370   -0.09181041  0.00483907
  0.06600799 -0.06288047   -0.09181041  0.00483907   -0.13538451  0.00647370
    2    2
  0.28465183  0.00000000   -0.01306788  0.00673272    0.01306788 -0.00673272
 -0.01306788 -0.00673272    0.27441815  0.00000000   -0.01480689  0.00000000
  0.01306788  0.00673272   -0.01480689  0.00000000    0.27441815  0.00000000

     Dynamical  Matrix in cartesian axes

     q = (    0.500000000  -0.500000000   0.250000000 ) 

    1    1
  0.27441815  0.00000000   -0.01480689  0.00000000    0.01306788 -0.00673272
 -0.01480689  0.00000000    0.27441815  0.00000000   -0.01306788  0.00673272
  0.01306788  0.00673272   -0.01306788 -0.00673272    0.28465183  0.00000000
    1    2
 -0.13538451 -0.00647370   -0.09181041 -0.00483907    0.06600799  0.06288047
 -0.09181041 -0.00483907   -0.13538451 -0.00647370   -0.06600799 -0.06288047
  0.06600799  0.06288047   -0.06600799 -0.06288047   -0.14581212 -0.00308841
    2    1
 -0.13538451  0.00647370   -0.09181041  0.00483907    0.06600799 -0.06288047
 -0.09181041  0.00483907   -0.13538451  0.00647370   -0.06600799  0.06288047
  0.06600799 -0.06288047   -0.06600799  0.06288047   -0.14581212  0.00308841
    2    2
  0.27441815  0.00000000   -0.01480689  0.00000000    0.01306788  0.00673272
 -0.01480689  0.00000000    0.27441815  0.00000000   -0.01306788 -0.00673272
  0.01306788 -0.00673272   -0.01306788  0.00673272    0.28465183  0.00000000

     Dynamical  Matrix in cartesian axes

     q = (    0.250000000   0.500000000   0.500000000 ) 

    1    1
  0.28465183  0.00000000    0.01306788 -0.00673272    0.01306788 -0.00673272
  0.01306788  0.00673272    0.27441815  0.00000000    0.01480689  0.00000000
  0.01306788  0.00673272    0.01480689  0.00000000    0.27441815  0.00000000
    1    2
  0.10528857  0.10092090   -0.09113790 -0.00221149   -0.09113790 -0.00221149
 -0.09113790 -0.00221149    0.10030891  0.09115371   -0.06834150 -0.06149803
 -0.09113790 -0.00221149   -0.06834150 -0.06149803    0.10030891  0.09115371
    2    1
  0.10528857 -0.10092090   -0.09113790  0.00221149   -0.09113790  0.00221149
 -0.09113790  0.00221149    0.10030891 -0.09115371   -0.06834150  0.06149803
 -0.09113790  0.00221149   -0.06834150  0.06149803    0.10030891 -0.09115371
    2    2
  0.28465183  0.00000000    0.01306788  0.00673272    0.01306788  0.00673272
  0.01306788 -0.00673272    0.27441815  0.00000000    0.01480689  0.00000000
  0.01306788 -0.00673272    0.01480689  0.00000000    0.27441815  0.00000000

     Dynamical  Matrix in cartesian axes

     q = (   -0.500000000  -0.500000000   0.250000000 ) 

    1    1
  0.27441815  0.00000000    0.01480689  0.00000000   -0.01306788 -0.00673272
  0.01480689  0.00000000    0.27441815  0.00000000   -0.01306788 -0.00673272
 -0.01306788  0.00673272   -0.01306788  0.00673272    0.28465183  0.00000000
    1    2
 -0.10030891 -0.09115371    0.06834150  0.06149803   -0.09113790 -0.00221149
  0.06834150  0.06149803   -0.10030891 -0.09115371   -0.09113790 -0.00221149
 -0.09113790 -0.00221149   -0.09113790 -0.00221149   -0.10528857 -0.10092090
    2    1
 -0.10030891  0.09115371    0.06834150 -0.06149803   -0.09113790  0.00221149
  0.06834150 -0.06149803   -0.10030891  0.09115371   -0.09113790  0.00221149
 -0.09113790  0.00221149   -0.09113790  0.00221149   -0.10528857  0.10092090
    2    2
  0.27441815  0.00000000    0.01480689  0.00000000   -0.01306788  0.00673272
  0.01480689  0.00000000    0.27441815  0.00000000   -0.01306788  0.00673272
 -0.01306788 -0.00673272   -0.01306788 -0.00673272    0.28465183  0.00000000

     Dynamical  Matrix in cartesian axes

     q = (   -0.250000000  -0.500000000   0.500000000 ) 

    1    1
  0.28465183  0.00000000    0.01306788 -0.00673272   -0.01306788  0.00673272
  0.01306788  0.00673272    0.27441815  0.00000000   -0.01480689  0.00000000
 -0.01306788 -0.00673272   -0.01480689  0.00000000    0.27441815  0.00000000
    1    2
 -0.14581212  0.00308841    0.06600799 -0.06288047   -0.06600799  0.06288047
  0.06600799 -0.06288047   -0.13538451  0.00647370   -0.09181041  0.00483907
 -0.06600799  0.06288047   -0.09181041  0.00483907   -0.13538451  0.00647370
    2    1
 -0.14581212 -0.00308841    0.06600799  0.06288047   -0.06600799 -0.06288047
  0.06600799  0.06288047   -0.13538451 -0.00647370   -0.09181041 -0.00483907
 -0.06600799 -0.06288047   -0.09181041 -0.00483907   -0.13538451 -0.00647370
    2    2
  0.28465183  0.00000000    0.01306788  0.00673272   -0.01306788 -0.00673272
  0.01306788 -0.00673272    0.27441815  0.00000000   -0.01480689  0.00000000
 -0.01306788  0.00673272   -0.01480689  0.00000000    0.27441815  0.00000000

     Dynamical  Matrix in cartesian axes

     q = (    0.500000000   0.500000000   0.250000000 ) 

    1    1
  0.27441815  0.00000000    0.01480689  0.00000000    0.01306788  0.00673272
  0.01480689  0.00000000    0.27441815  0.00000000    0.01306788  0.00673272
  0.01306788 -0.00673272    0.01306788 -0.00673272    0.28465183  0.00000000
    1    2
  0.10030891  0.09115371   -0.06834150 -0.06149803   -0.09113790 -0.00221149
 -0.06834150 -0.06149803    0.10030891  0.09115371   -0.09113790 -0.00221149
 -0.09113790 -0.00221149   -0.09113790 -0.00221149    0.10528857  0.10092090
    2    1
  0.10030891 -0.09115371   -0.06834150  0.06149803   -0.09113790  0.00221149
 -0.06834150  0.06149803    0.10030891 -0.09115371   -0.09113790  0.00221149
 -0.09113790  0.00221149   -0.09113790  0.00221149    0.10528857 -0.10092090
    2    2
  0.27441815  0.00000000    0.01480689  0.00000000    0.01306788 -0.00673272
  0.01480689  0.00000000    0.27441815  0.00000000    0.01306788 -0.00673272
  0.01306788  0.00673272    0.01306788  0.00673272    0.28465183  0.00000000

     Dynamical  Matrix in cartesian axes

     q = (    0.250000000  -0.500000000  -0.500000000 ) 

    1    1
  0.28465183  0.00000000   -0.01306788  0.00673272   -0.01306788  0.00673272
 -0.01306788 -0.00673272    0.27441815  0.00000000    0.01480689  0.00000000
 -0.01306788 -0.00673272    0.01480689  0.00000000    0.27441815  0.00000000
    1    2
 -0.10528857 -0.10092090   -0.09113790 -0.00221149   -0.09113790 -0.00221149
 -0.09113790 -0.00221149   -0.10030891 -0.09115371    0.06834150  0.06149803
 -0.09113790 -0.00221149    0.06834150  0.06149803   -0.10030891 -0.09115371
    2    1
 -0.10528857  0.10092090   -0.09113790  0.00221149   -0.09113790  0.00221149
 -0.09113790  0.00221149   -0.10030891  0.09115371    0.06834150 -0.06149803
 -0.09113790  0.00221149    0.06834150 -0.06149803   -0.10030891  0.09115371
    2    2
  0.28465183  0.00000000   -0.01306788 -0.00673272   -0.01306788 -0.00673272
 -0.01306788  0.00673272    0.27441815  0.00000000    0.01480689  0.00000000
 -0.01306788  0.00673272    0.01480689  0.00000000    0.27441815  0.00000000

     Dynamical  Matrix in cartesian axes

     q = (    0.500000000  -0.500000000  -0.250000000 ) 

    1    1
  0.27441815  0.00000000   -0.01480689  0.00000000   -0.01306788 -0.00673272
 -0.01480689  0.00000000    0.27441815  0.00000000    0.01306788  0.00673272
 -0.01306788  0.00673272    0.01306788 -0.00673272    0.28465183  0.00000000
    1    2
 -0.13538451  0.00647370   -0.09181041  0.00483907   -0.06600799  0.06288047
 -0.09181041  0.00483907   -0.13538451  0.00647370    0.06600799 -0.06288047
 -0.06600799  0.06288047    0.06600799 -0.06288047   -0.14581212  0.00308841
    2    1
 -0.13538451 -0.00647370   -0.09181041 -0.00483907   -0.06600799 -0.06288047
 -0.09181041 -0.00483907   -0.13538451 -0.00647370    0.06600799  0.06288047
 -0.06600799 -0.06288047    0.06600799  0.06288047   -0.14581212 -0.00308841
    2    2
  0.27441815  0.00000000   -0.01480689  0.00000000   -0.01306788  0.00673272
 -0.01480689  0.00000000    0.27441815  0.00000000    0.01306788 -0.00673272
 -0.01306788 -0.00673272    0.01306788  0.00673272    0.28465183  0.00000000

     Diagonalizing the dynamical matrix

     q = (    0.500000000  -0.250000000   0.500000000 ) 

 **************************************************************************
     omega( 1) =       3.685982 [THz] =     122.951134 [cm-1]
 (  0.370699 -0.335533  0.000000  0.000000 -0.370699  0.335533 ) 
 (  0.500000  0.000000  0.000000  0.000000 -0.500000  0.000000 ) 
     omega( 2) =       4.515587 [THz] =     150.623773 [cm-1]
 ( -0.278815  0.007329 -0.563112  0.165295 -0.278815  0.007329 ) 
 ( -0.278911  0.000000 -0.567261 -0.150441 -0.278911  0.000000 ) 
     omega( 3) =       9.740349 [THz] =     324.903062 [cm-1]
 (  0.258315  0.318153 -0.331862 -0.232317  0.258315  0.318153 ) 
 ( -0.409815  0.000000  0.389536  0.111201 -0.409815  0.000000 ) 
     omega( 4) =      12.559612 [THz] =     418.943563 [cm-1]
 (  0.179528  0.396965 -0.318553 -0.137481  0.179528  0.396965 ) 
 (  0.435674  0.000000 -0.256532 -0.233599  0.435674  0.000000 ) 
     omega( 5) =      14.350552 [THz] =     478.682880 [cm-1]
 (  0.370699 -0.335533  0.000000  0.000000 -0.370699  0.335533 ) 
 ( -0.500000  0.000000  0.000000  0.000000  0.500000  0.000000 ) 
     omega( 6) =      14.569009 [THz] =     485.969833 [cm-1]
 (  0.197420  0.159607  0.607696 -0.042510  0.197420  0.159607 ) 
 ( -0.253868  0.000000 -0.445847 -0.415117 -0.253868  0.000000 ) 
 **************************************************************************
