Dynamical matrix file
                                                                           
  1    2  2 10.2000000  0.0000000  0.0000000  0.0000000  0.0000000  0.0000000
           1  'Si  '    25598.8229845270     
    1    1      0.0000000      0.0000000      0.0000000
    2    1      0.2500000      0.2500000      0.2500000

     Dynamical  Matrix in cartesian axes

     q = (   -0.125000000   0.375000000  -0.125000000 ) 

    1    1
  0.26440048  0.00000000   -0.00536441  0.00364988    0.00371172  0.00000000
 -0.00536441 -0.00364988    0.29411838  0.00000000   -0.00536441 -0.00364988
  0.00371172  0.00000000   -0.00536441  0.00364988    0.26440048  0.00000000
    1    2
 -0.20308296  0.04818338   -0.01234199  0.02984030   -0.01221649 -0.09184581
 -0.01234199  0.02984030   -0.21121925  0.05330344   -0.01234199  0.02984030
 -0.01221649 -0.09184581   -0.01234199  0.02984030   -0.20308296  0.04818338
    2    1
 -0.20308296 -0.04818338   -0.01234199 -0.02984030   -0.01221649  0.09184581
 -0.01234199 -0.02984030   -0.21121925 -0.05330344   -0.01234199 -0.02984030
 -0.01221649  0.09184581   -0.01234199 -0.02984030   -0.20308296 -0.04818338
    2    2
  0.26440048  0.00000000   -0.00536441 -0.00364988    0.00371172  0.00000000
 -0.00536441  0.00364988    0.29411838  0.00000000   -0.00536441  0.00364988
  0.00371172  0.00000000   -0.00536441 -0.00364988    0.26440048  0.00000000

     Dynamical  Matrix in cartesian axes

     q = (   -0.125000000   0.375000000   0.125000000 ) 

    1    1
  0.26440048  0.00000000   -0.00536441 -0.00364988   -0.00371172  0.00000000
 -0.00536441  0.00364988    0.29411838  0.00000000    0.00536441 -0.00364988
 -0.00371172  0.00000000    0.00536441  0.00364988    0.26440048  0.00000000
    1    2
 -0.17767213  0.10953054   -0.02982738 -0.01237317   -0.05630643 -0.07358316
 -0.02982738 -0.01237317   -0.18704578  0.11166334    0.02982738  0.01237317
 -0.05630643 -0.07358316    0.02982738  0.01237317   -0.17767213  0.10953054
    2    1
 -0.17767213 -0.10953054   -0.02982738  0.01237317   -0.05630643  0.07358316
 -0.02982738  0.01237317   -0.18704578 -0.11166334    0.02982738 -0.01237317
 -0.05630643  0.07358316    0.02982738 -0.01237317   -0.17767213 -0.10953054
    2    2
  0.26440048  0.00000000   -0.00536441  0.00364988   -0.00371172  0.00000000
 -0.00536441 -0.00364988    0.29411838  0.00000000    0.00536441  0.00364988
 -0.00371172  0.00000000    0.00536441 -0.00364988    0.26440048  0.00000000

     Dynamical  Matrix in cartesian axes

     q = (    0.125000000   0.375000000  -0.125000000 ) 

    1    1
  0.26440048  0.00000000    0.00536441  0.00364988   -0.00371172  0.00000000
  0.00536441 -0.00364988    0.29411838  0.00000000   -0.00536441  0.00364988
 -0.00371172  0.00000000   -0.00536441 -0.00364988    0.26440048  0.00000000
    1    2
 -0.17767213  0.10953054    0.02982738  0.01237317   -0.05630643 -0.07358316
  0.02982738  0.01237317   -0.18704578  0.11166334   -0.02982738 -0.01237317
 -0.05630643 -0.07358316   -0.02982738 -0.01237317   -0.17767213  0.10953054
    2    1
 -0.17767213 -0.10953054    0.02982738 -0.01237317   -0.05630643  0.07358316
  0.02982738 -0.01237317   -0.18704578 -0.11166334   -0.02982738  0.01237317
 -0.05630643  0.07358316   -0.02982738  0.01237317   -0.17767213 -0.10953054
    2    2
  0.26440048  0.00000000    0.00536441 -0.00364988   -0.00371172  0.00000000
  0.00536441  0.00364988    0.29411838  0.00000000   -0.00536441 -0.00364988
 -0.00371172  0.00000000   -0.00536441  0.00364988    0.26440048  0.00000000

     Dynamical  Matrix in cartesian axes

     q = (    0.125000000   0.375000000   0.125000000 ) 

    1    1
  0.26440048  0.00000000    0.00536441 -0.00364988    0.00371172  0.00000000
  0.00536441  0.00364988    0.29411838  0.00000000    0.00536441  0.00364988
  0.00371172  0.00000000    0.00536441 -0.00364988    0.26440048  0.00000000
    1    2
 -0.10953054  0.17767213   -0.01237317 -0.02982738   -0.07358316 -0.05630643
 -0.01237317 -0.02982738   -0.11166334  0.18704578   -0.01237317 -0.02982738
 -0.07358316 -0.05630643   -0.01237317 -0.02982738   -0.10953054  0.17767213
    2    1
 -0.10953054 -0.17767213   -0.01237317  0.02982738   -0.07358316  0.05630643
 -0.01237317  0.02982738   -0.11166334 -0.18704578   -0.01237317  0.02982738
 -0.07358316  0.05630643   -0.01237317  0.02982738   -0.10953054 -0.17767213
    2    2
  0.26440048  0.00000000    0.00536441  0.00364988    0.00371172  0.00000000
  0.00536441 -0.00364988    0.29411838  0.00000000    0.00536441 -0.00364988
  0.00371172  0.00000000    0.00536441  0.00364988    0.26440048  0.00000000

     Dynamical  Matrix in cartesian axes

     q = (    0.125000000  -0.375000000   0.125000000 ) 

    1    1
  0.26440048  0.00000000   -0.00536441 -0.00364988    0.00371172  0.00000000
 -0.00536441  0.00364988    0.29411838  0.00000000   -0.00536441  0.00364988
  0.00371172  0.00000000   -0.00536441 -0.00364988    0.26440048  0.00000000
    1    2
 -0.20308296 -0.04818338   -0.01234199 -0.02984030   -0.01221649  0.09184581
 -0.01234199 -0.02984030   -0.21121925 -0.05330344   -0.01234199 -0.02984030
 -0.01221649  0.09184581   -0.01234199 -0.02984030   -0.20308296 -0.04818338
    2    1
 -0.20308296  0.04818338   -0.01234199  0.02984030   -0.01221649 -0.09184581
 -0.01234199  0.02984030   -0.21121925  0.05330344   -0.01234199  0.02984030
 -0.01221649 -0.09184581   -0.01234199  0.02984030   -0.20308296  0.04818338
    2    2
  0.26440048  0.00000000   -0.00536441  0.00364988    0.00371172  0.00000000
 -0.00536441 -0.00364988    0.29411838  0.00000000   -0.00536441 -0.00364988
  0.00371172  0.00000000   -0.00536441  0.00364988    0.26440048  0.00000000

     Dynamical  Matrix in cartesian axes

     q = (    0.375000000  -0.125000000   0.125000000 ) 

    1    1
  0.29411838  0.00000000   -0.00536441  0.00364988    0.00536441 -0.00364988
 -0.00536441 -0.00364988    0.26440048  0.00000000   -0.00371172  0.00000000
  0.00536441  0.00364988   -0.00371172  0.00000000    0.26440048  0.00000000
    1    2
 -0.18704578  0.11166334   -0.02982738 -0.01237317    0.02982738  0.01237317
 -0.02982738 -0.01237317   -0.17767213  0.10953054   -0.05630643 -0.07358316
  0.02982738  0.01237317   -0.05630643 -0.07358316   -0.17767213  0.10953054
    2    1
 -0.18704578 -0.11166334   -0.02982738  0.01237317    0.02982738 -0.01237317
 -0.02982738  0.01237317   -0.17767213 -0.10953054   -0.05630643  0.07358316
  0.02982738 -0.01237317   -0.05630643  0.07358316   -0.17767213 -0.10953054
    2    2
  0.29411838  0.00000000   -0.00536441 -0.00364988    0.00536441  0.00364988
 -0.00536441  0.00364988    0.26440048  0.00000000   -0.00371172  0.00000000
  0.00536441 -0.00364988   -0.00371172  0.00000000    0.26440048  0.00000000

     Dynamical  Matrix in cartesian axes

     q = (    0.125000000  -0.125000000   0.375000000 ) 

    1    1
  0.26440048  0.00000000   -0.00371172  0.00000000    0.00536441  0.00364988
 -0.00371172  0.00000000    0.26440048  0.00000000   -0.00536441 -0.00364988
  0.00536441 -0.00364988   -0.00536441  0.00364988    0.29411838  0.00000000
    1    2
 -0.17767213  0.10953054   -0.05630643 -0.07358316    0.02982738  0.01237317
 -0.05630643 -0.07358316   -0.17767213  0.10953054   -0.02982738 -0.01237317
  0.02982738  0.01237317   -0.02982738 -0.01237317   -0.18704578  0.11166334
    2    1
 -0.17767213 -0.10953054   -0.05630643  0.07358316    0.02982738 -0.01237317
 -0.05630643  0.07358316   -0.17767213 -0.10953054   -0.02982738  0.01237317
  0.02982738 -0.01237317   -0.02982738  0.01237317   -0.18704578 -0.11166334
    2    2
  0.26440048  0.00000000   -0.00371172  0.00000000    0.00536441 -0.00364988
 -0.00371172  0.00000000    0.26440048  0.00000000   -0.00536441  0.00364988
  0.00536441  0.00364988   -0.00536441 -0.00364988    0.29411838  0.00000000

     Dynamical  Matrix in cartesian axes

     q = (   -0.125000000  -0.375000000  -0.125000000 ) 

    1    1
  0.26440048  0.00000000    0.00536441  0.00364988    0.00371172  0.00000000
  0.00536441 -0.00364988    0.29411838  0.00000000    0.00536441 -0.00364988
  0.00371172  0.00000000    0.00536441  0.00364988    0.26440048  0.00000000
    1    2
 -0.10953054 -0.17767213   -0.01237317  0.02982738   -0.07358316  0.05630643
 -0.01237317  0.02982738   -0.11166334 -0.18704578   -0.01237317  0.02982738
 -0.07358316  0.05630643   -0.01237317  0.02982738   -0.10953054 -0.17767213
    2    1
 -0.10953054  0.17767213   -0.01237317 -0.02982738   -0.07358316 -0.05630643
 -0.01237317 -0.02982738   -0.11166334  0.18704578   -0.01237317 -0.02982738
 -0.07358316 -0.05630643   -0.01237317 -0.02982738   -0.10953054  0.17767213
    2    2
  0.26440048  0.00000000    0.00536441 -0.00364988    0.00371172  0.00000000
  0.00536441  0.00364988    0.29411838  0.00000000    0.00536441  0.00364988
  0.00371172  0.00000000    0.00536441 -0.00364988    0.26440048  0.00000000

     Dynamical  Matrix in cartesian axes

     q = (    0.125000000  -0.375000000  -0.125000000 ) 

    1    1
  0.26440048  0.00000000   -0.00536441  0.00364988   -0.00371172  0.00000000
 -0.00536441 -0.00364988    0.29411838  0.00000000    0.00536441  0.00364988
 -0.00371172  0.00000000    0.00536441 -0.00364988    0.26440048  0.00000000
    1    2
 -0.17767213 -0.10953054   -0.02982738  0.01237317   -0.05630643  0.07358316
 -0.02982738  0.01237317   -0.18704578 -0.11166334    0.02982738 -0.01237317
 -0.05630643  0.07358316    0.02982738 -0.01237317   -0.17767213 -0.10953054
    2    1
 -0.17767213  0.10953054   -0.02982738 -0.01237317   -0.05630643 -0.07358316
 -0.02982738 -0.01237317   -0.18704578  0.11166334    0.02982738  0.01237317
 -0.05630643 -0.07358316    0.02982738  0.01237317   -0.17767213  0.10953054
    2    2
  0.26440048  0.00000000   -0.00536441 -0.00364988   -0.00371172  0.00000000
 -0.00536441  0.00364988    0.29411838  0.00000000    0.00536441 -0.00364988
 -0.00371172  0.00000000    0.00536441  0.00364988    0.26440048  0.00000000

     Dynamical  Matrix in cartesian axes

     q = (   -0.125000000  -0.375000000   0.125000000 ) 

    1    1
  0.26440048  0.00000000    0.00536441 -0.00364988   -0.00371172  0.00000000
  0.00536441  0.00364988    0.29411838  0.00000000   -0.00536441 -0.00364988
 -0.00371172  0.00000000   -0.00536441  0.00364988    0.26440048  0.00000000
    1    2
 -0.17767213 -0.10953054    0.02982738 -0.01237317   -0.05630643  0.07358316
  0.02982738 -0.01237317   -0.18704578 -0.11166334   -0.02982738  0.01237317
 -0.05630643  0.07358316   -0.02982738  0.01237317   -0.17767213 -0.10953054
    2    1
 -0.17767213  0.10953054    0.02982738  0.01237317   -0.05630643 -0.07358316
  0.02982738  0.01237317   -0.18704578  0.11166334   -0.02982738 -0.01237317
 -0.05630643 -0.07358316   -0.02982738 -0.01237317   -0.17767213  0.10953054
    2    2
  0.26440048  0.00000000    0.00536441  0.00364988   -0.00371172  0.00000000
  0.00536441 -0.00364988    0.29411838  0.00000000   -0.00536441  0.00364988
 -0.00371172  0.00000000   -0.00536441 -0.00364988    0.26440048  0.00000000

     Dynamical  Matrix in cartesian axes

     q = (    0.125000000  -0.125000000  -0.375000000 ) 

    1    1
  0.26440048  0.00000000   -0.00371172  0.00000000   -0.00536441  0.00364988
 -0.00371172  0.00000000    0.26440048  0.00000000    0.00536441 -0.00364988
 -0.00536441 -0.00364988    0.00536441  0.00364988    0.29411838  0.00000000
    1    2
 -0.17767213 -0.10953054   -0.05630643  0.07358316   -0.02982738  0.01237317
 -0.05630643  0.07358316   -0.17767213 -0.10953054    0.02982738 -0.01237317
 -0.02982738  0.01237317    0.02982738 -0.01237317   -0.18704578 -0.11166334
    2    1
 -0.17767213  0.10953054   -0.05630643 -0.07358316   -0.02982738 -0.01237317
 -0.05630643 -0.07358316   -0.17767213  0.10953054    0.02982738  0.01237317
 -0.02982738 -0.01237317    0.02982738  0.01237317   -0.18704578  0.11166334
    2    2
  0.26440048  0.00000000   -0.00371172  0.00000000   -0.00536441 -0.00364988
 -0.00371172  0.00000000    0.26440048  0.00000000    0.00536441  0.00364988
 -0.00536441  0.00364988    0.00536441 -0.00364988    0.29411838  0.00000000

     Dynamical  Matrix in cartesian axes

     q = (    0.375000000  -0.125000000  -0.125000000 ) 

    1    1
  0.29411838  0.00000000   -0.00536441 -0.00364988   -0.00536441 -0.00364988
 -0.00536441  0.00364988    0.26440048  0.00000000    0.00371172  0.00000000
 -0.00536441  0.00364988    0.00371172  0.00000000    0.26440048  0.00000000
    1    2
 -0.21121925  0.05330344   -0.01234199  0.02984030   -0.01234199  0.02984030
 -0.01234199  0.02984030   -0.20308296  0.04818338   -0.01221649 -0.09184581
 -0.01234199  0.02984030   -0.01221649 -0.09184581   -0.20308296  0.04818338
    2    1
 -0.21121925 -0.05330344   -0.01234199 -0.02984030   -0.01234199 -0.02984030
 -0.01234199 -0.02984030   -0.20308296 -0.04818338   -0.01221649  0.09184581
 -0.01234199 -0.02984030   -0.01221649  0.09184581   -0.20308296 -0.04818338
    2    2
  0.29411838  0.00000000   -0.00536441  0.00364988   -0.00536441  0.00364988
 -0.00536441 -0.00364988    0.26440048  0.00000000    0.00371172  0.00000000
 -0.00536441 -0.00364988    0.00371172  0.00000000    0.26440048  0.00000000

     Dynamical  Matrix in cartesian axes

     q = (   -0.375000000  -0.125000000   0.125000000 ) 

    1    1
  0.29411838  0.00000000    0.00536441  0.00364988   -0.00536441 -0.00364988
  0.00536441 -0.00364988    0.26440048  0.00000000   -0.00371172  0.00000000
 -0.00536441  0.00364988   -0.00371172  0.00000000    0.26440048  0.00000000
    1    2
 -0.18704578 -0.11166334    0.02982738 -0.01237317   -0.02982738  0.01237317
  0.02982738 -0.01237317   -0.17767213 -0.10953054   -0.05630643  0.07358316
 -0.02982738  0.01237317   -0.05630643  0.07358316   -0.17767213 -0.10953054
    2    1
 -0.18704578  0.11166334    0.02982738  0.01237317   -0.02982738 -0.01237317
  0.02982738  0.01237317   -0.17767213  0.10953054   -0.05630643 -0.07358316
 -0.02982738 -0.01237317   -0.05630643 -0.07358316   -0.17767213  0.10953054
    2    2
  0.29411838  0.00000000    0.00536441 -0.00364988   -0.00536441  0.00364988
  0.00536441  0.00364988    0.26440048  0.00000000   -0.00371172  0.00000000
 -0.00536441 -0.00364988   -0.00371172  0.00000000    0.26440048  0.00000000

     Dynamical  Matrix in cartesian axes

     q = (    0.375000000   0.125000000   0.125000000 ) 

    1    1
  0.29411838  0.00000000    0.00536441  0.00364988    0.00536441  0.00364988
  0.00536441 -0.00364988    0.26440048  0.00000000    0.00371172  0.00000000
  0.00536441 -0.00364988    0.00371172  0.00000000    0.26440048  0.00000000
    1    2
 -0.11166334  0.18704578   -0.01237317 -0.02982738   -0.01237317 -0.02982738
 -0.01237317 -0.02982738   -0.10953054  0.17767213   -0.07358316 -0.05630643
 -0.01237317 -0.02982738   -0.07358316 -0.05630643   -0.10953054  0.17767213
    2    1
 -0.11166334 -0.18704578   -0.01237317  0.02982738   -0.01237317  0.02982738
 -0.01237317  0.02982738   -0.10953054 -0.17767213   -0.07358316  0.05630643
 -0.01237317  0.02982738   -0.07358316  0.05630643   -0.10953054 -0.17767213
    2    2
  0.29411838  0.00000000    0.00536441 -0.00364988    0.00536441 -0.00364988
  0.00536441  0.00364988    0.26440048  0.00000000    0.00371172  0.00000000
  0.00536441  0.00364988    0.00371172  0.00000000    0.26440048  0.00000000

     Dynamical  Matrix in cartesian axes

     q = (   -0.125000000  -0.125000000   0.375000000 ) 

    1    1
  0.26440048  0.00000000    0.00371172  0.00000000   -0.00536441  0.00364988
  0.00371172  0.00000000    0.26440048  0.00000000   -0.00536441  0.00364988
 -0.00536441 -0.00364988   -0.00536441 -0.00364988    0.29411838  0.00000000
    1    2
 -0.20308296  0.04818338   -0.01221649 -0.09184581   -0.01234199  0.02984030
 -0.01221649 -0.09184581   -0.20308296  0.04818338   -0.01234199  0.02984030
 -0.01234199  0.02984030   -0.01234199  0.02984030   -0.21121925  0.05330344
    2    1
 -0.20308296 -0.04818338   -0.01221649  0.09184581   -0.01234199 -0.02984030
 -0.01221649  0.09184581   -0.20308296 -0.04818338   -0.01234199 -0.02984030
 -0.01234199 -0.02984030   -0.01234199 -0.02984030   -0.21121925 -0.05330344
    2    2
  0.26440048  0.00000000    0.00371172  0.00000000   -0.00536441 -0.00364988
  0.00371172  0.00000000    0.26440048  0.00000000   -0.00536441 -0.00364988
 -0.00536441  0.00364988   -0.00536441  0.00364988    0.29411838  0.00000000

     Dynamical  Matrix in cartesian axes

     q = (    0.125000000   0.125000000   0.375000000 ) 

    1    1
  0.26440048  0.00000000    0.00371172  0.00000000    0.00536441 -0.00364988
  0.00371172  0.00000000    0.26440048  0.00000000    0.00536441 -0.00364988
  0.00536441  0.00364988    0.00536441  0.00364988    0.29411838  0.00000000
    1    2
 -0.10953054  0.17767213   -0.07358316 -0.05630643   -0.01237317 -0.02982738
 -0.07358316 -0.05630643   -0.10953054  0.17767213   -0.01237317 -0.02982738
 -0.01237317 -0.02982738   -0.01237317 -0.02982738   -0.11166334  0.18704578
    2    1
 -0.10953054 -0.17767213   -0.07358316  0.05630643   -0.01237317  0.02982738
 -0.07358316  0.05630643   -0.10953054 -0.17767213   -0.01237317  0.02982738
 -0.01237317  0.02982738   -0.01237317  0.02982738   -0.11166334 -0.18704578
    2    2
  0.26440048  0.00000000    0.00371172  0.00000000    0.00536441  0.00364988
  0.00371172  0.00000000    0.26440048  0.00000000    0.00536441  0.00364988
  0.00536441 -0.00364988    0.00536441 -0.00364988    0.29411838  0.00000000

     Dynamical  Matrix in cartesian axes

     q = (   -0.375000000   0.125000000  -0.125000000 ) 

    1    1
  0.29411838  0.00000000   -0.00536441 -0.00364988    0.00536441  0.00364988
 -0.00536441  0.00364988    0.26440048  0.00000000   -0.00371172  0.00000000
  0.00536441 -0.00364988   -0.00371172  0.00000000    0.26440048  0.00000000
    1    2
 -0.18704578 -0.11166334   -0.02982738  0.01237317    0.02982738 -0.01237317
 -0.02982738  0.01237317   -0.17767213 -0.10953054   -0.05630643  0.07358316
  0.02982738 -0.01237317   -0.05630643  0.07358316   -0.17767213 -0.10953054
    2    1
 -0.18704578  0.11166334   -0.02982738 -0.01237317    0.02982738  0.01237317
 -0.02982738 -0.01237317   -0.17767213  0.10953054   -0.05630643 -0.07358316
  0.02982738  0.01237317   -0.05630643 -0.07358316   -0.17767213  0.10953054
    2    2
  0.29411838  0.00000000   -0.00536441  0.00364988    0.00536441 -0.00364988
 -0.00536441 -0.00364988    0.26440048  0.00000000   -0.00371172  0.00000000
  0.00536441  0.00364988   -0.00371172  0.00000000    0.26440048  0.00000000

     Dynamical  Matrix in cartesian axes

     q = (   -0.125000000   0.125000000  -0.375000000 ) 

    1    1
  0.26440048  0.00000000   -0.00371172  0.00000000    0.00536441 -0.00364988
 -0.00371172  0.00000000    0.26440048  0.00000000   -0.00536441  0.00364988
  0.00536441  0.00364988   -0.00536441 -0.00364988    0.29411838  0.00000000
    1    2
 -0.17767213 -0.10953054   -0.05630643  0.07358316    0.02982738 -0.01237317
 -0.05630643  0.07358316   -0.17767213 -0.10953054   -0.02982738  0.01237317
  0.02982738 -0.01237317   -0.02982738  0.01237317   -0.18704578 -0.11166334
    2    1
 -0.17767213  0.10953054   -0.05630643 -0.07358316    0.02982738  0.01237317
 -0.05630643 -0.07358316   -0.17767213  0.10953054   -0.02982738 -0.01237317
  0.02982738  0.01237317   -0.02982738 -0.01237317   -0.18704578  0.11166334
    2    2
  0.26440048  0.00000000   -0.00371172  0.00000000    0.00536441  0.00364988
 -0.00371172  0.00000000    0.26440048  0.00000000   -0.00536441 -0.00364988
  0.00536441 -0.00364988   -0.00536441  0.00364988    0.29411838  0.00000000

     Dynamical  Matrix in cartesian axes

     q = (   -0.375000000  -0.125000000  -0.125000000 ) 

    1    1
  0.29411838  0.00000000    0.00536441 -0.00364988    0.00536441 -0.00364988
  0.00536441  0.00364988    0.26440048  0.00000000    0.00371172  0.00000000
  0.00536441  0.00364988    0.00371172  0.00000000    0.26440048  0.00000000
    1    2
 -0.11166334 -0.18704578   -0.01237317  0.02982738   -0.01237317  0.02982738
 -0.01237317  0.02982738   -0.10953054 -0.17767213   -0.07358316  0.05630643
 -0.01237317  0.02982738   -0.07358316  0.05630643   -0.10953054 -0.17767213
    2    1
 -0.11166334  0.18704578   -0.01237317 -0.02982738   -0.01237317 -0.02982738
 -0.01237317 -0.02982738   -0.10953054  0.17767213   -0.07358316 -0.05630643
 -0.01237317 -0.02982738   -0.07358316 -0.05630643   -0.10953054  0.17767213
    2    2
  0.29411838  0.00000000    0.00536441  0.00364988    0.00536441  0.00364988
  0.00536441 -0.00364988    0.26440048  0.00000000    0.00371172  0.00000000
  0.00536441 -0.00364988    0.00371172  0.00000000    0.26440048  0.00000000

     Dynamical  Matrix in cartesian axes

     q = (    0.125000000   0.125000000  -0.375000000 ) 

    1    1
  0.26440048  0.00000000    0.00371172  0.00000000   -0.00536441 -0.00364988
  0.00371172  0.00000000    0.26440048  0.00000000   -0.00536441 -0.00364988
 -0.00536441  0.00364988   -0.00536441  0.00364988    0.29411838  0.00000000
    1    2
 -0.20308296 -0.04818338   -0.01221649  0.09184581   -0.01234199 -0.02984030
 -0.01221649  0.09184581   -0.20308296 -0.04818338   -0.01234199 -0.02984030
 -0.01234199 -0.02984030   -0.01234199 -0.02984030   -0.21121925 -0.05330344
    2    1
 -0.20308296  0.04818338   -0.01221649 -0.09184581   -0.01234199  0.02984030
 -0.01221649 -0.09184581   -0.20308296  0.04818338   -0.01234199  0.02984030
 -0.01234199  0.02984030   -0.01234199  0.02984030   -0.21121925  0.05330344
    2    2
  0.26440048  0.00000000    0.00371172  0.00000000   -0.00536441  0.00364988
  0.00371172  0.00000000    0.26440048  0.00000000   -0.00536441  0.00364988
 -0.00536441 -0.00364988   -0.00536441 -0.00364988    0.29411838  0.00000000

     Dynamical  Matrix in cartesian axes

     q = (    0.375000000   0.125000000  -0.125000000 ) 

    1    1
  0.29411838  0.00000000    0.00536441 -0.00364988   -0.00536441  0.00364988
  0.00536441  0.00364988    0.26440048  0.00000000   -0.00371172  0.00000000
 -0.00536441 -0.00364988   -0.00371172  0.00000000    0.26440048  0.00000000
    1    2
 -0.18704578  0.11166334    0.02982738  0.01237317   -0.02982738 -0.01237317
  0.02982738  0.01237317   -0.17767213  0.10953054   -0.05630643 -0.07358316
 -0.02982738 -0.01237317   -0.05630643 -0.07358316   -0.17767213  0.10953054
    2    1
 -0.18704578 -0.11166334    0.02982738 -0.01237317   -0.02982738  0.01237317
  0.02982738 -0.01237317   -0.17767213 -0.10953054   -0.05630643  0.07358316
 -0.02982738  0.01237317   -0.05630643  0.07358316   -0.17767213 -0.10953054
    2    2
  0.29411838  0.00000000    0.00536441  0.00364988   -0.00536441 -0.00364988
  0.00536441 -0.00364988    0.26440048  0.00000000   -0.00371172  0.00000000
 -0.00536441  0.00364988   -0.00371172  0.00000000    0.26440048  0.00000000

     Dynamical  Matrix in cartesian axes

     q = (   -0.125000000  -0.125000000  -0.375000000 ) 

    1    1
  0.26440048  0.00000000    0.00371172  0.00000000    0.00536441  0.00364988
  0.00371172  0.00000000    0.26440048  0.00000000    0.00536441  0.00364988
  0.00536441 -0.00364988    0.00536441 -0.00364988    0.29411838  0.00000000
    1    2
 -0.10953054 -0.17767213   -0.07358316  0.05630643   -0.01237317  0.02982738
 -0.07358316  0.05630643   -0.10953054 -0.17767213   -0.01237317  0.02982738
 -0.01237317  0.02982738   -0.01237317  0.02982738   -0.11166334 -0.18704578
    2    1
 -0.10953054  0.17767213   -0.07358316 -0.05630643   -0.01237317 -0.02982738
 -0.07358316 -0.05630643   -0.10953054  0.17767213   -0.01237317 -0.02982738
 -0.01237317 -0.02982738   -0.01237317 -0.02982738   -0.11166334  0.18704578
    2    2
  0.26440048  0.00000000    0.00371172  0.00000000    0.00536441 -0.00364988
  0.00371172  0.00000000    0.26440048  0.00000000    0.00536441 -0.00364988
  0.00536441  0.00364988    0.00536441  0.00364988    0.29411838  0.00000000

     Dynamical  Matrix in cartesian axes

     q = (   -0.375000000   0.125000000   0.125000000 ) 

    1    1
  0.29411838  0.00000000   -0.00536441  0.00364988   -0.00536441  0.00364988
 -0.00536441 -0.00364988    0.26440048  0.00000000    0.00371172  0.00000000
 -0.00536441 -0.00364988    0.00371172  0.00000000    0.26440048  0.00000000
    1    2
 -0.21121925 -0.05330344   -0.01234199 -0.02984030   -0.01234199 -0.02984030
 -0.01234199 -0.02984030   -0.20308296 -0.04818338   -0.01221649  0.09184581
 -0.01234199 -0.02984030   -0.01221649  0.09184581   -0.20308296 -0.04818338
    2    1
 -0.21121925  0.05330344   -0.01234199  0.02984030   -0.01234199  0.02984030
 -0.01234199  0.02984030   -0.20308296  0.04818338   -0.01221649 -0.09184581
 -0.01234199  0.02984030   -0.01221649 -0.09184581   -0.20308296  0.04818338
    2    2
  0.29411838  0.00000000   -0.00536441 -0.00364988   -0.00536441 -0.00364988
 -0.00536441  0.00364988    0.26440048  0.00000000    0.00371172  0.00000000
 -0.00536441  0.00364988    0.00371172  0.00000000    0.26440048  0.00000000

     Dynamical  Matrix in cartesian axes

     q = (   -0.125000000   0.125000000   0.375000000 ) 

    1    1
  0.26440048  0.00000000   -0.00371172  0.00000000   -0.00536441 -0.00364988
 -0.00371172  0.00000000    0.26440048  0.00000000    0.00536441  0.00364988
 -0.00536441  0.00364988    0.00536441 -0.00364988    0.29411838  0.00000000
    1    2
 -0.17767213  0.10953054   -0.05630643 -0.07358316   -0.02982738 -0.01237317
 -0.05630643 -0.07358316   -0.17767213  0.10953054    0.02982738  0.01237317
 -0.02982738 -0.01237317    0.02982738  0.01237317   -0.18704578  0.11166334
    2    1
 -0.17767213 -0.10953054   -0.05630643  0.07358316   -0.02982738  0.01237317
 -0.05630643  0.07358316   -0.17767213 -0.10953054    0.02982738 -0.01237317
 -0.02982738  0.01237317    0.02982738 -0.01237317   -0.18704578 -0.11166334
    2    2
  0.26440048  0.00000000   -0.00371172  0.00000000   -0.00536441  0.00364988
 -0.00371172  0.00000000    0.26440048  0.00000000    0.00536441 -0.00364988
 -0.00536441 -0.00364988    0.00536441  0.00364988    0.29411838  0.00000000

     Diagonalizing the dynamical matrix

     q = (   -0.125000000   0.375000000  -0.125000000 ) 

 **************************************************************************
     omega( 1) =       3.183119 [THz] =     106.177426 [cm-1]
 ( -0.403142  0.295765  0.000000  0.000000  0.403142 -0.295765 ) 
 ( -0.500000  0.000000  0.000000  0.000000  0.500000  0.000000 ) 
     omega( 2) =       3.611374 [THz] =     120.462454 [cm-1]
 ( -0.424970 -0.031684 -0.362293  0.074412 -0.424970 -0.031684 ) 
 ( -0.426149  0.000000 -0.355758 -0.101143 -0.426149  0.000000 ) 
     omega( 3) =       6.013460 [THz] =     200.587443 [cm-1]
 ( -0.219999 -0.148126  0.584099  0.134711 -0.219999 -0.148126 ) 
 ( -0.265219  0.000000  0.559747  0.214480 -0.265219  0.000000 ) 
     omega( 4) =      14.366198 [THz] =     479.204793 [cm-1]
 (  0.435115  0.127572 -0.286340 -0.082522  0.435115  0.127572 ) 
 ( -0.453431  0.000000  0.297991  0.001373 -0.453431  0.000000 ) 
     omega( 5) =      14.501851 [THz] =     483.729674 [cm-1]
 (  0.403142 -0.295765  0.000000  0.000000 -0.403142  0.295765 ) 
 ( -0.500000  0.000000  0.000000  0.000000  0.500000  0.000000 ) 
     omega( 6) =      14.826511 [THz] =     494.559173 [cm-1]
 (  0.204582 -0.024542  0.627583 -0.145696  0.204582 -0.024542 ) 
 ( -0.206049  0.000000 -0.640469 -0.069909 -0.206049  0.000000 ) 
 **************************************************************************
