Dynamical matrix file
                                                                           
  1    2  2 10.2000000  0.0000000  0.0000000  0.0000000  0.0000000  0.0000000
           1  'Si  '    25598.8229845270     
    1    1      0.0000000      0.0000000      0.0000000
    2    1      0.2500000      0.2500000      0.2500000

     Dynamical  Matrix in cartesian axes

     q = (    0.000000000   0.750000000   0.000000000 ) 

    1    1
  0.24623058  0.00000000    0.00000000  0.00000000    0.00000000  0.00000000
  0.00000000  0.00000000    0.34363398  0.00000000    0.00000000  0.00000000
  0.00000000  0.00000000    0.00000000  0.00000000    0.24623058  0.00000000
    1    2
 -0.03592818  0.08673829    0.00000000  0.00000000   -0.16860435 -0.06983821
  0.00000000  0.00000000   -0.03978084  0.09603944    0.00000000  0.00000000
 -0.16860435 -0.06983821    0.00000000  0.00000000   -0.03592818  0.08673829
    2    1
 -0.03592818 -0.08673829    0.00000000  0.00000000   -0.16860435  0.06983821
  0.00000000  0.00000000   -0.03978084 -0.09603944    0.00000000  0.00000000
 -0.16860435  0.06983821    0.00000000  0.00000000   -0.03592818 -0.08673829
    2    2
  0.24623058  0.00000000    0.00000000  0.00000000    0.00000000  0.00000000
  0.00000000  0.00000000    0.34363398  0.00000000    0.00000000  0.00000000
  0.00000000  0.00000000    0.00000000  0.00000000    0.24623058  0.00000000

     Dynamical  Matrix in cartesian axes

     q = (    0.000000000  -0.750000000   0.000000000 ) 

    1    1
  0.24623058  0.00000000    0.00000000  0.00000000    0.00000000  0.00000000
  0.00000000  0.00000000    0.34363398  0.00000000    0.00000000  0.00000000
  0.00000000  0.00000000    0.00000000  0.00000000    0.24623058  0.00000000
    1    2
 -0.03592818 -0.08673829    0.00000000  0.00000000   -0.16860435  0.06983821
  0.00000000  0.00000000   -0.03978084 -0.09603944    0.00000000  0.00000000
 -0.16860435  0.06983821    0.00000000  0.00000000   -0.03592818 -0.08673829
    2    1
 -0.03592818  0.08673829    0.00000000  0.00000000   -0.16860435 -0.06983821
  0.00000000  0.00000000   -0.03978084  0.09603944    0.00000000  0.00000000
 -0.16860435 -0.06983821    0.00000000  0.00000000   -0.03592818  0.08673829
    2    2
  0.24623058  0.00000000    0.00000000  0.00000000    0.00000000  0.00000000
  0.00000000  0.00000000    0.34363398  0.00000000    0.00000000  0.00000000
  0.00000000  0.00000000    0.00000000  0.00000000    0.24623058  0.00000000

     Dynamical  Matrix in cartesian axes

     q = (    0.750000000   0.000000000   0.000000000 ) 

    1    1
  0.34363398  0.00000000    0.00000000  0.00000000    0.00000000  0.00000000
  0.00000000  0.00000000    0.24623058  0.00000000    0.00000000  0.00000000
  0.00000000  0.00000000    0.00000000  0.00000000    0.24623058  0.00000000
    1    2
 -0.03978084  0.09603944    0.00000000  0.00000000    0.00000000  0.00000000
  0.00000000  0.00000000   -0.03592818  0.08673829   -0.16860435 -0.06983821
  0.00000000  0.00000000   -0.16860435 -0.06983821   -0.03592818  0.08673829
    2    1
 -0.03978084 -0.09603944    0.00000000  0.00000000    0.00000000  0.00000000
  0.00000000  0.00000000   -0.03592818 -0.08673829   -0.16860435  0.06983821
  0.00000000  0.00000000   -0.16860435  0.06983821   -0.03592818 -0.08673829
    2    2
  0.34363398  0.00000000    0.00000000  0.00000000    0.00000000  0.00000000
  0.00000000  0.00000000    0.24623058  0.00000000    0.00000000  0.00000000
  0.00000000  0.00000000    0.00000000  0.00000000    0.24623058  0.00000000

     Dynamical  Matrix in cartesian axes

     q = (    0.000000000   0.000000000   0.750000000 ) 

    1    1
  0.24623058  0.00000000    0.00000000  0.00000000    0.00000000  0.00000000
  0.00000000  0.00000000    0.24623058  0.00000000    0.00000000  0.00000000
  0.00000000  0.00000000    0.00000000  0.00000000    0.34363398  0.00000000
    1    2
 -0.03592818  0.08673829   -0.16860435 -0.06983821    0.00000000  0.00000000
 -0.16860435 -0.06983821   -0.03592818  0.08673829    0.00000000  0.00000000
  0.00000000  0.00000000    0.00000000  0.00000000   -0.03978084  0.09603944
    2    1
 -0.03592818 -0.08673829   -0.16860435  0.06983821    0.00000000  0.00000000
 -0.16860435  0.06983821   -0.03592818 -0.08673829    0.00000000  0.00000000
  0.00000000  0.00000000    0.00000000  0.00000000   -0.03978084 -0.09603944
    2    2
  0.24623058  0.00000000    0.00000000  0.00000000    0.00000000  0.00000000
  0.00000000  0.00000000    0.24623058  0.00000000    0.00000000  0.00000000
  0.00000000  0.00000000    0.00000000  0.00000000    0.34363398  0.00000000

     Dynamical  Matrix in cartesian axes

     q = (    0.000000000   0.000000000  -0.750000000 ) 

    1    1
  0.24623058  0.00000000    0.00000000  0.00000000    0.00000000  0.00000000
  0.00000000  0.00000000    0.24623058  0.00000000    0.00000000  0.00000000
  0.00000000  0.00000000    0.00000000  0.00000000    0.34363398  0.00000000
    1    2
 -0.03592818 -0.08673829   -0.16860435  0.06983821    0.00000000  0.00000000
 -0.16860435  0.06983821   -0.03592818 -0.08673829    0.00000000  0.00000000
  0.00000000  0.00000000    0.00000000  0.00000000   -0.03978084 -0.09603944
    2    1
 -0.03592818  0.08673829   -0.16860435 -0.06983821    0.00000000  0.00000000
 -0.16860435 -0.06983821   -0.03592818  0.08673829    0.00000000  0.00000000
  0.00000000  0.00000000    0.00000000  0.00000000   -0.03978084  0.09603944
    2    2
  0.24623058  0.00000000    0.00000000  0.00000000    0.00000000  0.00000000
  0.00000000  0.00000000    0.24623058  0.00000000    0.00000000  0.00000000
  0.00000000  0.00000000    0.00000000  0.00000000    0.34363398  0.00000000

     Dynamical  Matrix in cartesian axes

     q = (   -0.750000000   0.000000000   0.000000000 ) 

    1    1
  0.34363398  0.00000000    0.00000000  0.00000000    0.00000000  0.00000000
  0.00000000  0.00000000    0.24623058  0.00000000    0.00000000  0.00000000
  0.00000000  0.00000000    0.00000000  0.00000000    0.24623058  0.00000000
    1    2
 -0.03978084 -0.09603944    0.00000000  0.00000000    0.00000000  0.00000000
  0.00000000  0.00000000   -0.03592818 -0.08673829   -0.16860435  0.06983821
  0.00000000  0.00000000   -0.16860435  0.06983821   -0.03592818 -0.08673829
    2    1
 -0.03978084  0.09603944    0.00000000  0.00000000    0.00000000  0.00000000
  0.00000000  0.00000000   -0.03592818  0.08673829   -0.16860435 -0.06983821
  0.00000000  0.00000000   -0.16860435 -0.06983821   -0.03592818  0.08673829
    2    2
  0.34363398  0.00000000    0.00000000  0.00000000    0.00000000  0.00000000
  0.00000000  0.00000000    0.24623058  0.00000000    0.00000000  0.00000000
  0.00000000  0.00000000    0.00000000  0.00000000    0.24623058  0.00000000

     Diagonalizing the dynamical matrix

     q = (    0.000000000   0.750000000   0.000000000 ) 

 **************************************************************************
     omega( 1) =       4.163537 [THz] =     138.880645 [cm-1]
 (  0.288490 -0.147130  0.000000  0.000000  0.286529  0.559489 ) 
 (  0.538472  0.458309  0.000000  0.000000  0.000637  0.000000 ) 
     omega( 2) =       4.163537 [THz] =     138.880645 [cm-1]
 (  0.580657  0.240756  0.000000  0.000000  0.123530 -0.299356 ) 
 ( -0.000485 -0.000413  0.000000  0.000000  0.707106  0.000000 ) 
     omega( 3) =      10.066591 [THz] =     335.785330 [cm-1]
 (  0.000000  0.000000  0.282741 -0.648118  0.000000  0.000000 ) 
 (  0.000000  0.000000  0.706984  0.013195  0.000000  0.000000 ) 
     omega( 4) =      13.756357 [THz] =     458.862679 [cm-1]
 (  0.000000  0.000000 -0.580526  0.403720  0.000000  0.000000 ) 
 (  0.000000  0.000000  0.595146  0.381839  0.000000  0.000000 ) 
     omega( 5) =      13.815759 [THz] =     460.844106 [cm-1]
 (  0.615055  0.179957  0.000000  0.000000  0.226283 -0.195241 ) 
 ( -0.151078 -0.054051  0.000000  0.000000 -0.688661  0.000000 ) 
     omega( 6) =      13.815759 [THz] =     460.844106 [cm-1]
 ( -0.079737  0.288036  0.000000  0.000000 -0.425666 -0.479047 ) 
 (  0.648413  0.231981  0.000000  0.000000 -0.160455  0.000000 ) 
 **************************************************************************
