Dynamical matrix file
                                                                           
  1    2  2 10.2000000  0.0000000  0.0000000  0.0000000  0.0000000  0.0000000
           1  'Si  '    25598.8229845270     
    1    1      0.0000000      0.0000000      0.0000000
    2    1      0.2500000      0.2500000      0.2500000

     Dynamical  Matrix in cartesian axes

     q = (   -0.375000000   0.375000000  -0.375000000 ) 

    1    1
  0.28343909  0.00000000   -0.01857055  0.00000000    0.01857055  0.00000000
 -0.01857055  0.00000000    0.28343909  0.00000000   -0.01857055  0.00000000
  0.01857055  0.00000000   -0.01857055  0.00000000    0.28343909  0.00000000
    1    2
 -0.16575511 -0.04053726   -0.07540645  0.03145228    0.07540645 -0.03145228
 -0.07540645  0.03145228   -0.16575511 -0.04053726   -0.07540645  0.03145228
  0.07540645 -0.03145228   -0.07540645  0.03145228   -0.16575511 -0.04053726
    2    1
 -0.16575511  0.04053726   -0.07540645 -0.03145228    0.07540645  0.03145228
 -0.07540645 -0.03145228   -0.16575511  0.04053726   -0.07540645 -0.03145228
  0.07540645  0.03145228   -0.07540645 -0.03145228   -0.16575511  0.04053726
    2    2
  0.28343909  0.00000000   -0.01857055  0.00000000    0.01857055  0.00000000
 -0.01857055  0.00000000    0.28343909  0.00000000   -0.01857055  0.00000000
  0.01857055  0.00000000   -0.01857055  0.00000000    0.28343909  0.00000000

     Dynamical  Matrix in cartesian axes

     q = (    0.375000000  -0.375000000  -0.375000000 ) 

    1    1
  0.28343909  0.00000000   -0.01857055  0.00000000   -0.01857055  0.00000000
 -0.01857055  0.00000000    0.28343909  0.00000000    0.01857055  0.00000000
 -0.01857055  0.00000000    0.01857055  0.00000000    0.28343909  0.00000000
    1    2
 -0.16575511 -0.04053726   -0.07540645  0.03145228   -0.07540645  0.03145228
 -0.07540645  0.03145228   -0.16575511 -0.04053726    0.07540645 -0.03145228
 -0.07540645  0.03145228    0.07540645 -0.03145228   -0.16575511 -0.04053726
    2    1
 -0.16575511  0.04053726   -0.07540645 -0.03145228   -0.07540645 -0.03145228
 -0.07540645 -0.03145228   -0.16575511  0.04053726    0.07540645  0.03145228
 -0.07540645 -0.03145228    0.07540645  0.03145228   -0.16575511  0.04053726
    2    2
  0.28343909  0.00000000   -0.01857055  0.00000000   -0.01857055  0.00000000
 -0.01857055  0.00000000    0.28343909  0.00000000    0.01857055  0.00000000
 -0.01857055  0.00000000    0.01857055  0.00000000    0.28343909  0.00000000

     Dynamical  Matrix in cartesian axes

     q = (    0.375000000  -0.375000000   0.375000000 ) 

    1    1
  0.28343909  0.00000000   -0.01857055  0.00000000    0.01857055  0.00000000
 -0.01857055  0.00000000    0.28343909  0.00000000   -0.01857055  0.00000000
  0.01857055  0.00000000   -0.01857055  0.00000000    0.28343909  0.00000000
    1    2
 -0.16575511  0.04053726   -0.07540645 -0.03145228    0.07540645  0.03145228
 -0.07540645 -0.03145228   -0.16575511  0.04053726   -0.07540645 -0.03145228
  0.07540645  0.03145228   -0.07540645 -0.03145228   -0.16575511  0.04053726
    2    1
 -0.16575511 -0.04053726   -0.07540645  0.03145228    0.07540645 -0.03145228
 -0.07540645  0.03145228   -0.16575511 -0.04053726   -0.07540645  0.03145228
  0.07540645 -0.03145228   -0.07540645  0.03145228   -0.16575511 -0.04053726
    2    2
  0.28343909  0.00000000   -0.01857055  0.00000000    0.01857055  0.00000000
 -0.01857055  0.00000000    0.28343909  0.00000000   -0.01857055  0.00000000
  0.01857055  0.00000000   -0.01857055  0.00000000    0.28343909  0.00000000

     Dynamical  Matrix in cartesian axes

     q = (   -0.375000000   0.375000000   0.375000000 ) 

    1    1
  0.28343909  0.00000000   -0.01857055  0.00000000   -0.01857055  0.00000000
 -0.01857055  0.00000000    0.28343909  0.00000000    0.01857055  0.00000000
 -0.01857055  0.00000000    0.01857055  0.00000000    0.28343909  0.00000000
    1    2
 -0.16575511  0.04053726   -0.07540645 -0.03145228   -0.07540645 -0.03145228
 -0.07540645 -0.03145228   -0.16575511  0.04053726    0.07540645  0.03145228
 -0.07540645 -0.03145228    0.07540645  0.03145228   -0.16575511  0.04053726
    2    1
 -0.16575511 -0.04053726   -0.07540645  0.03145228   -0.07540645  0.03145228
 -0.07540645  0.03145228   -0.16575511 -0.04053726    0.07540645 -0.03145228
 -0.07540645  0.03145228    0.07540645 -0.03145228   -0.16575511 -0.04053726
    2    2
  0.28343909  0.00000000   -0.01857055  0.00000000   -0.01857055  0.00000000
 -0.01857055  0.00000000    0.28343909  0.00000000    0.01857055  0.00000000
 -0.01857055  0.00000000    0.01857055  0.00000000    0.28343909  0.00000000

     Dynamical  Matrix in cartesian axes

     q = (    0.375000000   0.375000000  -0.375000000 ) 

    1    1
  0.28343909  0.00000000    0.01857055  0.00000000   -0.01857055  0.00000000
  0.01857055  0.00000000    0.28343909  0.00000000   -0.01857055  0.00000000
 -0.01857055  0.00000000   -0.01857055  0.00000000    0.28343909  0.00000000
    1    2
 -0.16575511  0.04053726    0.07540645  0.03145228   -0.07540645 -0.03145228
  0.07540645  0.03145228   -0.16575511  0.04053726   -0.07540645 -0.03145228
 -0.07540645 -0.03145228   -0.07540645 -0.03145228   -0.16575511  0.04053726
    2    1
 -0.16575511 -0.04053726    0.07540645 -0.03145228   -0.07540645  0.03145228
  0.07540645 -0.03145228   -0.16575511 -0.04053726   -0.07540645  0.03145228
 -0.07540645  0.03145228   -0.07540645  0.03145228   -0.16575511 -0.04053726
    2    2
  0.28343909  0.00000000    0.01857055  0.00000000   -0.01857055  0.00000000
  0.01857055  0.00000000    0.28343909  0.00000000   -0.01857055  0.00000000
 -0.01857055  0.00000000   -0.01857055  0.00000000    0.28343909  0.00000000

     Dynamical  Matrix in cartesian axes

     q = (   -0.375000000  -0.375000000  -0.375000000 ) 

    1    1
  0.28343909  0.00000000    0.01857055  0.00000000    0.01857055  0.00000000
  0.01857055  0.00000000    0.28343909  0.00000000    0.01857055  0.00000000
  0.01857055  0.00000000    0.01857055  0.00000000    0.28343909  0.00000000
    1    2
  0.08854239 -0.14587074   -0.07556054  0.03108029   -0.07556054  0.03108029
 -0.07556054  0.03108029    0.08854239 -0.14587074   -0.07556054  0.03108029
 -0.07556054  0.03108029   -0.07556054  0.03108029    0.08854239 -0.14587074
    2    1
  0.08854239  0.14587074   -0.07556054 -0.03108029   -0.07556054 -0.03108029
 -0.07556054 -0.03108029    0.08854239  0.14587074   -0.07556054 -0.03108029
 -0.07556054 -0.03108029   -0.07556054 -0.03108029    0.08854239  0.14587074
    2    2
  0.28343909  0.00000000    0.01857055  0.00000000    0.01857055  0.00000000
  0.01857055  0.00000000    0.28343909  0.00000000    0.01857055  0.00000000
  0.01857055  0.00000000    0.01857055  0.00000000    0.28343909  0.00000000

     Dynamical  Matrix in cartesian axes

     q = (   -0.375000000  -0.375000000   0.375000000 ) 

    1    1
  0.28343909  0.00000000    0.01857055  0.00000000   -0.01857055  0.00000000
  0.01857055  0.00000000    0.28343909  0.00000000   -0.01857055  0.00000000
 -0.01857055  0.00000000   -0.01857055  0.00000000    0.28343909  0.00000000
    1    2
 -0.16575511 -0.04053726    0.07540645 -0.03145228   -0.07540645  0.03145228
  0.07540645 -0.03145228   -0.16575511 -0.04053726   -0.07540645  0.03145228
 -0.07540645  0.03145228   -0.07540645  0.03145228   -0.16575511 -0.04053726
    2    1
 -0.16575511  0.04053726    0.07540645  0.03145228   -0.07540645 -0.03145228
  0.07540645  0.03145228   -0.16575511  0.04053726   -0.07540645 -0.03145228
 -0.07540645 -0.03145228   -0.07540645 -0.03145228   -0.16575511  0.04053726
    2    2
  0.28343909  0.00000000    0.01857055  0.00000000   -0.01857055  0.00000000
  0.01857055  0.00000000    0.28343909  0.00000000   -0.01857055  0.00000000
 -0.01857055  0.00000000   -0.01857055  0.00000000    0.28343909  0.00000000

     Dynamical  Matrix in cartesian axes

     q = (    0.375000000   0.375000000   0.375000000 ) 

    1    1
  0.28343909  0.00000000    0.01857055  0.00000000    0.01857055  0.00000000
  0.01857055  0.00000000    0.28343909  0.00000000    0.01857055  0.00000000
  0.01857055  0.00000000    0.01857055  0.00000000    0.28343909  0.00000000
    1    2
  0.08854239  0.14587074   -0.07556054 -0.03108029   -0.07556054 -0.03108029
 -0.07556054 -0.03108029    0.08854239  0.14587074   -0.07556054 -0.03108029
 -0.07556054 -0.03108029   -0.07556054 -0.03108029    0.08854239  0.14587074
    2    1
  0.08854239 -0.14587074   -0.07556054  0.03108029   -0.07556054  0.03108029
 -0.07556054  0.03108029    0.08854239 -0.14587074   -0.07556054  0.03108029
 -0.07556054  0.03108029   -0.07556054  0.03108029    0.08854239 -0.14587074
    2    2
  0.28343909  0.00000000    0.01857055  0.00000000    0.01857055  0.00000000
  0.01857055  0.00000000    0.28343909  0.00000000    0.01857055  0.00000000
  0.01857055  0.00000000    0.01857055  0.00000000    0.28343909  0.00000000

     Diagonalizing the dynamical matrix

     q = (   -0.375000000   0.375000000  -0.375000000 ) 

 **************************************************************************
     omega( 1) =       3.154501 [THz] =     105.222833 [cm-1]
 (  0.340074 -0.342309  0.386087 -0.340575  0.046013  0.001733 ) 
 (  0.326946 -0.354868  0.372992 -0.354868  0.046046  0.000000 ) 
     omega( 2) =       3.154501 [THz] =     105.222833 [cm-1]
 (  0.316601 -0.016486 -0.258502 -0.038151 -0.575103 -0.021665 ) 
 (  0.315756 -0.028392 -0.259755 -0.028392 -0.575511  0.000000 ) 
     omega( 3) =       9.557779 [THz] =     318.813177 [cm-1]
 (  0.058366  0.404055 -0.058366 -0.404055  0.058366  0.404055 ) 
 (  0.408248  0.000000 -0.408248  0.000000  0.408248  0.000000 ) 
     omega( 4) =      13.406283 [THz] =     447.185450 [cm-1]
 ( -0.058366 -0.404055  0.058366  0.404055 -0.058366 -0.404055 ) 
 (  0.408248  0.000000 -0.408248  0.000000  0.408248  0.000000 ) 
     omega( 5) =      14.629403 [THz] =     487.984364 [cm-1]
 ( -0.067005  0.140086 -0.512122  0.123318 -0.445117 -0.016768 ) 
 (  0.061684 -0.142509  0.507116 -0.142509  0.445433  0.000000 ) 
     omega( 6) =      14.629403 [THz] =     487.984364 [cm-1]
 (  0.534671 -0.152796  0.167612 -0.166624 -0.367058 -0.013828 ) 
 ( -0.528540  0.172815 -0.161221  0.172815  0.367319  0.000000 ) 
 **************************************************************************
