Dynamical matrix file
                                                                           
  1    2  2 10.2000000  0.0000000  0.0000000  0.0000000  0.0000000  0.0000000
           1  'Si  '    25598.8229845270     
    1    1      0.0000000      0.0000000      0.0000000
    2    1      0.2500000      0.2500000      0.2500000

     Dynamical  Matrix in cartesian axes

     q = (    0.500000000  -0.250000000   0.750000000 ) 

    1    1
  0.25693980  0.00000000   -0.00897403  0.00201565    0.00897403  0.00201565
 -0.00897403 -0.00201565    0.28110467  0.00000000   -0.00823325 -0.01367732
  0.00897403 -0.00201565   -0.00823325  0.01367732    0.28110467  0.00000000
    1    2
 -0.06340545  0.06340545   -0.11060832  0.02332124    0.02332124 -0.11060832
 -0.11060832  0.02332124   -0.06659843  0.07341011   -0.04708149  0.04708149
  0.02332124 -0.11060832   -0.04708149  0.04708149   -0.07341011  0.06659843
    2    1
 -0.06340545 -0.06340545   -0.11060832 -0.02332124    0.02332124  0.11060832
 -0.11060832 -0.02332124   -0.06659843 -0.07341011   -0.04708149 -0.04708149
  0.02332124  0.11060832   -0.04708149 -0.04708149   -0.07341011 -0.06659843
    2    2
  0.25693980  0.00000000   -0.00897403 -0.00201565    0.00897403 -0.00201565
 -0.00897403  0.00201565    0.28110467  0.00000000   -0.00823325  0.01367732
  0.00897403  0.00201565   -0.00823325 -0.01367732    0.28110467  0.00000000

     Dynamical  Matrix in cartesian axes

     q = (    0.750000000   0.250000000   0.500000000 ) 

    1    1
  0.28110467  0.00000000    0.00823325  0.01367732    0.00897403  0.00201565
  0.00823325 -0.01367732    0.28110467  0.00000000    0.00897403 -0.00201565
  0.00897403 -0.00201565    0.00897403  0.00201565    0.25693980  0.00000000
    1    2
  0.09900099 -0.00481659   -0.06658328  0.00000000   -0.09470250 -0.06172129
 -0.06658328  0.00000000    0.09900099  0.00481659   -0.09470250  0.06172129
 -0.09470250 -0.06172129   -0.09470250  0.06172129    0.08966885  0.00000000
    2    1
  0.09900099  0.00481659   -0.06658328  0.00000000   -0.09470250  0.06172129
 -0.06658328  0.00000000    0.09900099 -0.00481659   -0.09470250 -0.06172129
 -0.09470250  0.06172129   -0.09470250 -0.06172129    0.08966885  0.00000000
    2    2
  0.28110467  0.00000000    0.00823325 -0.01367732    0.00897403 -0.00201565
  0.00823325  0.01367732    0.28110467  0.00000000    0.00897403  0.00201565
  0.00897403  0.00201565    0.00897403 -0.00201565    0.25693980  0.00000000

     Dynamical  Matrix in cartesian axes

     q = (    0.500000000   0.250000000   0.750000000 ) 

    1    1
  0.25693980  0.00000000    0.00897403  0.00201565    0.00897403 -0.00201565
  0.00897403 -0.00201565    0.28110467  0.00000000    0.00823325 -0.01367732
  0.00897403  0.00201565    0.00823325  0.01367732    0.28110467  0.00000000
    1    2
  0.08966885  0.00000000   -0.09470250  0.06172129   -0.09470250 -0.06172129
 -0.09470250  0.06172129    0.09900099  0.00481659   -0.06658328  0.00000000
 -0.09470250 -0.06172129   -0.06658328  0.00000000    0.09900099 -0.00481659
    2    1
  0.08966885  0.00000000   -0.09470250 -0.06172129   -0.09470250  0.06172129
 -0.09470250 -0.06172129    0.09900099 -0.00481659   -0.06658328  0.00000000
 -0.09470250  0.06172129   -0.06658328  0.00000000    0.09900099  0.00481659
    2    2
  0.25693980  0.00000000    0.00897403 -0.00201565    0.00897403  0.00201565
  0.00897403  0.00201565    0.28110467  0.00000000    0.00823325  0.01367732
  0.00897403 -0.00201565    0.00823325 -0.01367732    0.28110467  0.00000000

     Dynamical  Matrix in cartesian axes

     q = (    0.750000000  -0.250000000  -0.500000000 ) 

    1    1
  0.28110467  0.00000000   -0.00823325 -0.01367732   -0.00897403 -0.00201565
 -0.00823325  0.01367732    0.28110467  0.00000000    0.00897403 -0.00201565
 -0.00897403  0.00201565    0.00897403  0.00201565    0.25693980  0.00000000
    1    2
 -0.06659843  0.07341011   -0.04708149  0.04708149   -0.11060832  0.02332124
 -0.04708149  0.04708149   -0.07341011  0.06659843    0.02332124 -0.11060832
 -0.11060832  0.02332124    0.02332124 -0.11060832   -0.06340545  0.06340545
    2    1
 -0.06659843 -0.07341011   -0.04708149 -0.04708149   -0.11060832 -0.02332124
 -0.04708149 -0.04708149   -0.07341011 -0.06659843    0.02332124  0.11060832
 -0.11060832 -0.02332124    0.02332124  0.11060832   -0.06340545 -0.06340545
    2    2
  0.28110467  0.00000000   -0.00823325  0.01367732   -0.00897403  0.00201565
 -0.00823325 -0.01367732    0.28110467  0.00000000    0.00897403  0.00201565
 -0.00897403 -0.00201565    0.00897403 -0.00201565    0.25693980  0.00000000

     Dynamical  Matrix in cartesian axes

     q = (    0.750000000  -0.250000000   0.500000000 ) 

    1    1
  0.28110467  0.00000000   -0.00823325  0.01367732    0.00897403 -0.00201565
 -0.00823325 -0.01367732    0.28110467  0.00000000   -0.00897403 -0.00201565
  0.00897403  0.00201565   -0.00897403  0.00201565    0.25693980  0.00000000
    1    2
 -0.07341011  0.06659843   -0.04708149  0.04708149    0.02332124 -0.11060832
 -0.04708149  0.04708149   -0.06659843  0.07341011   -0.11060832  0.02332124
  0.02332124 -0.11060832   -0.11060832  0.02332124   -0.06340545  0.06340545
    2    1
 -0.07341011 -0.06659843   -0.04708149 -0.04708149    0.02332124  0.11060832
 -0.04708149 -0.04708149   -0.06659843 -0.07341011   -0.11060832 -0.02332124
  0.02332124  0.11060832   -0.11060832 -0.02332124   -0.06340545 -0.06340545
    2    2
  0.28110467  0.00000000   -0.00823325 -0.01367732    0.00897403  0.00201565
 -0.00823325  0.01367732    0.28110467  0.00000000   -0.00897403  0.00201565
  0.00897403 -0.00201565   -0.00897403 -0.00201565    0.25693980  0.00000000

     Dynamical  Matrix in cartesian axes

     q = (   -0.750000000  -0.250000000   0.500000000 ) 

    1    1
  0.28110467  0.00000000    0.00823325  0.01367732   -0.00897403 -0.00201565
  0.00823325 -0.01367732    0.28110467  0.00000000   -0.00897403  0.00201565
 -0.00897403  0.00201565   -0.00897403 -0.00201565    0.25693980  0.00000000
    1    2
 -0.09900099  0.00481659    0.06658328  0.00000000   -0.09470250 -0.06172129
  0.06658328  0.00000000   -0.09900099 -0.00481659   -0.09470250  0.06172129
 -0.09470250 -0.06172129   -0.09470250  0.06172129   -0.08966885  0.00000000
    2    1
 -0.09900099 -0.00481659    0.06658328  0.00000000   -0.09470250  0.06172129
  0.06658328  0.00000000   -0.09900099  0.00481659   -0.09470250 -0.06172129
 -0.09470250  0.06172129   -0.09470250 -0.06172129   -0.08966885  0.00000000
    2    2
  0.28110467  0.00000000    0.00823325 -0.01367732   -0.00897403  0.00201565
  0.00823325  0.01367732    0.28110467  0.00000000   -0.00897403 -0.00201565
 -0.00897403 -0.00201565   -0.00897403  0.00201565    0.25693980  0.00000000

     Dynamical  Matrix in cartesian axes

     q = (   -0.500000000  -0.250000000  -0.750000000 ) 

    1    1
  0.25693980  0.00000000    0.00897403 -0.00201565    0.00897403  0.00201565
  0.00897403  0.00201565    0.28110467  0.00000000    0.00823325  0.01367732
  0.00897403 -0.00201565    0.00823325 -0.01367732    0.28110467  0.00000000
    1    2
  0.08966885  0.00000000   -0.09470250 -0.06172129   -0.09470250  0.06172129
 -0.09470250 -0.06172129    0.09900099 -0.00481659   -0.06658328  0.00000000
 -0.09470250  0.06172129   -0.06658328  0.00000000    0.09900099  0.00481659
    2    1
  0.08966885  0.00000000   -0.09470250  0.06172129   -0.09470250 -0.06172129
 -0.09470250  0.06172129    0.09900099  0.00481659   -0.06658328  0.00000000
 -0.09470250 -0.06172129   -0.06658328  0.00000000    0.09900099 -0.00481659
    2    2
  0.25693980  0.00000000    0.00897403  0.00201565    0.00897403 -0.00201565
  0.00897403 -0.00201565    0.28110467  0.00000000    0.00823325 -0.01367732
  0.00897403  0.00201565    0.00823325  0.01367732    0.28110467  0.00000000

     Dynamical  Matrix in cartesian axes

     q = (   -0.750000000   0.250000000  -0.500000000 ) 

    1    1
  0.28110467  0.00000000   -0.00823325 -0.01367732    0.00897403  0.00201565
 -0.00823325  0.01367732    0.28110467  0.00000000   -0.00897403  0.00201565
  0.00897403 -0.00201565   -0.00897403 -0.00201565    0.25693980  0.00000000
    1    2
 -0.07341011 -0.06659843   -0.04708149 -0.04708149    0.02332124  0.11060832
 -0.04708149 -0.04708149   -0.06659843 -0.07341011   -0.11060832 -0.02332124
  0.02332124  0.11060832   -0.11060832 -0.02332124   -0.06340545 -0.06340545
    2    1
 -0.07341011  0.06659843   -0.04708149  0.04708149    0.02332124 -0.11060832
 -0.04708149  0.04708149   -0.06659843  0.07341011   -0.11060832  0.02332124
  0.02332124 -0.11060832   -0.11060832  0.02332124   -0.06340545  0.06340545
    2    2
  0.28110467  0.00000000   -0.00823325  0.01367732    0.00897403 -0.00201565
 -0.00823325 -0.01367732    0.28110467  0.00000000   -0.00897403 -0.00201565
  0.00897403  0.00201565   -0.00897403  0.00201565    0.25693980  0.00000000

     Dynamical  Matrix in cartesian axes

     q = (   -0.500000000  -0.250000000   0.750000000 ) 

    1    1
  0.25693980  0.00000000    0.00897403  0.00201565   -0.00897403  0.00201565
  0.00897403 -0.00201565    0.28110467  0.00000000   -0.00823325  0.01367732
 -0.00897403 -0.00201565   -0.00823325 -0.01367732    0.28110467  0.00000000
    1    2
 -0.06340545  0.06340545    0.02332124 -0.11060832   -0.11060832  0.02332124
  0.02332124 -0.11060832   -0.07341011  0.06659843   -0.04708149  0.04708149
 -0.11060832  0.02332124   -0.04708149  0.04708149   -0.06659843  0.07341011
    2    1
 -0.06340545 -0.06340545    0.02332124  0.11060832   -0.11060832 -0.02332124
  0.02332124  0.11060832   -0.07341011 -0.06659843   -0.04708149 -0.04708149
 -0.11060832 -0.02332124   -0.04708149 -0.04708149   -0.06659843 -0.07341011
    2    2
  0.25693980  0.00000000    0.00897403 -0.00201565   -0.00897403 -0.00201565
  0.00897403  0.00201565    0.28110467  0.00000000   -0.00823325 -0.01367732
 -0.00897403  0.00201565   -0.00823325  0.01367732    0.28110467  0.00000000

     Dynamical  Matrix in cartesian axes

     q = (   -0.750000000   0.250000000   0.500000000 ) 

    1    1
  0.28110467  0.00000000   -0.00823325  0.01367732   -0.00897403  0.00201565
 -0.00823325 -0.01367732    0.28110467  0.00000000    0.00897403  0.00201565
 -0.00897403 -0.00201565    0.00897403 -0.00201565    0.25693980  0.00000000
    1    2
 -0.06659843 -0.07341011   -0.04708149 -0.04708149   -0.11060832 -0.02332124
 -0.04708149 -0.04708149   -0.07341011 -0.06659843    0.02332124  0.11060832
 -0.11060832 -0.02332124    0.02332124  0.11060832   -0.06340545 -0.06340545
    2    1
 -0.06659843  0.07341011   -0.04708149  0.04708149   -0.11060832  0.02332124
 -0.04708149  0.04708149   -0.07341011  0.06659843    0.02332124 -0.11060832
 -0.11060832  0.02332124    0.02332124 -0.11060832   -0.06340545  0.06340545
    2    2
  0.28110467  0.00000000   -0.00823325 -0.01367732   -0.00897403 -0.00201565
 -0.00823325  0.01367732    0.28110467  0.00000000    0.00897403 -0.00201565
 -0.00897403  0.00201565    0.00897403  0.00201565    0.25693980  0.00000000

     Dynamical  Matrix in cartesian axes

     q = (    0.750000000   0.250000000  -0.500000000 ) 

    1    1
  0.28110467  0.00000000    0.00823325 -0.01367732   -0.00897403  0.00201565
  0.00823325  0.01367732    0.28110467  0.00000000   -0.00897403 -0.00201565
 -0.00897403 -0.00201565   -0.00897403  0.00201565    0.25693980  0.00000000
    1    2
 -0.09900099 -0.00481659    0.06658328  0.00000000   -0.09470250  0.06172129
  0.06658328  0.00000000   -0.09900099  0.00481659   -0.09470250 -0.06172129
 -0.09470250  0.06172129   -0.09470250 -0.06172129   -0.08966885  0.00000000
    2    1
 -0.09900099  0.00481659    0.06658328  0.00000000   -0.09470250 -0.06172129
  0.06658328  0.00000000   -0.09900099 -0.00481659   -0.09470250  0.06172129
 -0.09470250 -0.06172129   -0.09470250  0.06172129   -0.08966885  0.00000000
    2    2
  0.28110467  0.00000000    0.00823325  0.01367732   -0.00897403 -0.00201565
  0.00823325 -0.01367732    0.28110467  0.00000000   -0.00897403  0.00201565
 -0.00897403  0.00201565   -0.00897403 -0.00201565    0.25693980  0.00000000

     Dynamical  Matrix in cartesian axes

     q = (   -0.500000000   0.250000000   0.750000000 ) 

    1    1
  0.25693980  0.00000000   -0.00897403  0.00201565   -0.00897403 -0.00201565
 -0.00897403 -0.00201565    0.28110467  0.00000000    0.00823325  0.01367732
 -0.00897403  0.00201565    0.00823325 -0.01367732    0.28110467  0.00000000
    1    2
 -0.08966885  0.00000000   -0.09470250 -0.06172129   -0.09470250  0.06172129
 -0.09470250 -0.06172129   -0.09900099  0.00481659    0.06658328  0.00000000
 -0.09470250  0.06172129    0.06658328  0.00000000   -0.09900099 -0.00481659
    2    1
 -0.08966885  0.00000000   -0.09470250  0.06172129   -0.09470250 -0.06172129
 -0.09470250  0.06172129   -0.09900099 -0.00481659    0.06658328  0.00000000
 -0.09470250 -0.06172129    0.06658328  0.00000000   -0.09900099  0.00481659
    2    2
  0.25693980  0.00000000   -0.00897403 -0.00201565   -0.00897403  0.00201565
 -0.00897403  0.00201565    0.28110467  0.00000000    0.00823325 -0.01367732
 -0.00897403 -0.00201565    0.00823325  0.01367732    0.28110467  0.00000000

     Dynamical  Matrix in cartesian axes

     q = (   -0.750000000  -0.250000000  -0.500000000 ) 

    1    1
  0.28110467  0.00000000    0.00823325 -0.01367732    0.00897403 -0.00201565
  0.00823325  0.01367732    0.28110467  0.00000000    0.00897403  0.00201565
  0.00897403  0.00201565    0.00897403 -0.00201565    0.25693980  0.00000000
    1    2
  0.09900099  0.00481659   -0.06658328  0.00000000   -0.09470250  0.06172129
 -0.06658328  0.00000000    0.09900099 -0.00481659   -0.09470250 -0.06172129
 -0.09470250  0.06172129   -0.09470250 -0.06172129    0.08966885  0.00000000
    2    1
  0.09900099 -0.00481659   -0.06658328  0.00000000   -0.09470250 -0.06172129
 -0.06658328  0.00000000    0.09900099  0.00481659   -0.09470250  0.06172129
 -0.09470250 -0.06172129   -0.09470250  0.06172129    0.08966885  0.00000000
    2    2
  0.28110467  0.00000000    0.00823325  0.01367732    0.00897403  0.00201565
  0.00823325 -0.01367732    0.28110467  0.00000000    0.00897403 -0.00201565
  0.00897403 -0.00201565    0.00897403  0.00201565    0.25693980  0.00000000

     Dynamical  Matrix in cartesian axes

     q = (    0.500000000   0.250000000  -0.750000000 ) 

    1    1
  0.25693980  0.00000000    0.00897403 -0.00201565   -0.00897403 -0.00201565
  0.00897403  0.00201565    0.28110467  0.00000000   -0.00823325 -0.01367732
 -0.00897403  0.00201565   -0.00823325  0.01367732    0.28110467  0.00000000
    1    2
 -0.06340545 -0.06340545    0.02332124  0.11060832   -0.11060832 -0.02332124
  0.02332124  0.11060832   -0.07341011 -0.06659843   -0.04708149 -0.04708149
 -0.11060832 -0.02332124   -0.04708149 -0.04708149   -0.06659843 -0.07341011
    2    1
 -0.06340545  0.06340545    0.02332124 -0.11060832   -0.11060832  0.02332124
  0.02332124 -0.11060832   -0.07341011  0.06659843   -0.04708149  0.04708149
 -0.11060832  0.02332124   -0.04708149  0.04708149   -0.06659843  0.07341011
    2    2
  0.25693980  0.00000000    0.00897403  0.00201565   -0.00897403  0.00201565
  0.00897403 -0.00201565    0.28110467  0.00000000   -0.00823325  0.01367732
 -0.00897403 -0.00201565   -0.00823325 -0.01367732    0.28110467  0.00000000

     Dynamical  Matrix in cartesian axes

     q = (   -0.500000000   0.250000000  -0.750000000 ) 

    1    1
  0.25693980  0.00000000   -0.00897403 -0.00201565    0.00897403 -0.00201565
 -0.00897403  0.00201565    0.28110467  0.00000000   -0.00823325  0.01367732
  0.00897403  0.00201565   -0.00823325 -0.01367732    0.28110467  0.00000000
    1    2
 -0.06340545 -0.06340545   -0.11060832 -0.02332124    0.02332124  0.11060832
 -0.11060832 -0.02332124   -0.06659843 -0.07341011   -0.04708149 -0.04708149
  0.02332124  0.11060832   -0.04708149 -0.04708149   -0.07341011 -0.06659843
    2    1
 -0.06340545  0.06340545   -0.11060832  0.02332124    0.02332124 -0.11060832
 -0.11060832  0.02332124   -0.06659843  0.07341011   -0.04708149  0.04708149
  0.02332124 -0.11060832   -0.04708149  0.04708149   -0.07341011  0.06659843
    2    2
  0.25693980  0.00000000   -0.00897403  0.00201565    0.00897403  0.00201565
 -0.00897403 -0.00201565    0.28110467  0.00000000   -0.00823325 -0.01367732
  0.00897403 -0.00201565   -0.00823325  0.01367732    0.28110467  0.00000000

     Dynamical  Matrix in cartesian axes

     q = (   -0.250000000   0.500000000  -0.750000000 ) 

    1    1
  0.28110467  0.00000000   -0.00897403  0.00201565    0.00823325 -0.01367732
 -0.00897403 -0.00201565    0.25693980  0.00000000   -0.00897403  0.00201565
  0.00823325  0.01367732   -0.00897403 -0.00201565    0.28110467  0.00000000
    1    2
 -0.09900099 -0.00481659   -0.09470250  0.06172129    0.06658328  0.00000000
 -0.09470250  0.06172129   -0.08966885  0.00000000   -0.09470250 -0.06172129
  0.06658328  0.00000000   -0.09470250 -0.06172129   -0.09900099  0.00481659
    2    1
 -0.09900099  0.00481659   -0.09470250 -0.06172129    0.06658328  0.00000000
 -0.09470250 -0.06172129   -0.08966885  0.00000000   -0.09470250  0.06172129
  0.06658328  0.00000000   -0.09470250  0.06172129   -0.09900099 -0.00481659
    2    2
  0.28110467  0.00000000   -0.00897403 -0.00201565    0.00823325  0.01367732
 -0.00897403  0.00201565    0.25693980  0.00000000   -0.00897403 -0.00201565
  0.00823325 -0.01367732   -0.00897403  0.00201565    0.28110467  0.00000000

     Dynamical  Matrix in cartesian axes

     q = (    0.750000000   0.500000000  -0.250000000 ) 

    1    1
  0.28110467  0.00000000    0.00897403 -0.00201565   -0.00823325  0.01367732
  0.00897403  0.00201565    0.25693980  0.00000000   -0.00897403  0.00201565
 -0.00823325 -0.01367732   -0.00897403 -0.00201565    0.28110467  0.00000000
    1    2
 -0.07341011  0.06659843    0.02332124 -0.11060832   -0.04708149  0.04708149
  0.02332124 -0.11060832   -0.06340545  0.06340545   -0.11060832  0.02332124
 -0.04708149  0.04708149   -0.11060832  0.02332124   -0.06659843  0.07341011
    2    1
 -0.07341011 -0.06659843    0.02332124  0.11060832   -0.04708149 -0.04708149
  0.02332124  0.11060832   -0.06340545 -0.06340545   -0.11060832 -0.02332124
 -0.04708149 -0.04708149   -0.11060832 -0.02332124   -0.06659843 -0.07341011
    2    2
  0.28110467  0.00000000    0.00897403  0.00201565   -0.00823325 -0.01367732
  0.00897403 -0.00201565    0.25693980  0.00000000   -0.00897403 -0.00201565
 -0.00823325  0.01367732   -0.00897403  0.00201565    0.28110467  0.00000000

     Dynamical  Matrix in cartesian axes

     q = (   -0.750000000  -0.500000000  -0.250000000 ) 

    1    1
  0.28110467  0.00000000    0.00897403 -0.00201565    0.00823325 -0.01367732
  0.00897403  0.00201565    0.25693980  0.00000000    0.00897403 -0.00201565
  0.00823325  0.01367732    0.00897403  0.00201565    0.28110467  0.00000000
    1    2
  0.09900099  0.00481659   -0.09470250  0.06172129   -0.06658328  0.00000000
 -0.09470250  0.06172129    0.08966885  0.00000000   -0.09470250 -0.06172129
 -0.06658328  0.00000000   -0.09470250 -0.06172129    0.09900099 -0.00481659
    2    1
  0.09900099 -0.00481659   -0.09470250 -0.06172129   -0.06658328  0.00000000
 -0.09470250 -0.06172129    0.08966885  0.00000000   -0.09470250  0.06172129
 -0.06658328  0.00000000   -0.09470250  0.06172129    0.09900099  0.00481659
    2    2
  0.28110467  0.00000000    0.00897403  0.00201565    0.00823325  0.01367732
  0.00897403 -0.00201565    0.25693980  0.00000000    0.00897403  0.00201565
  0.00823325 -0.01367732    0.00897403 -0.00201565    0.28110467  0.00000000

     Dynamical  Matrix in cartesian axes

     q = (   -0.750000000   0.500000000   0.250000000 ) 

    1    1
  0.28110467  0.00000000   -0.00897403  0.00201565   -0.00823325  0.01367732
 -0.00897403 -0.00201565    0.25693980  0.00000000    0.00897403 -0.00201565
 -0.00823325 -0.01367732    0.00897403  0.00201565    0.28110467  0.00000000
    1    2
 -0.06659843 -0.07341011   -0.11060832 -0.02332124   -0.04708149 -0.04708149
 -0.11060832 -0.02332124   -0.06340545 -0.06340545    0.02332124  0.11060832
 -0.04708149 -0.04708149    0.02332124  0.11060832   -0.07341011 -0.06659843
    2    1
 -0.06659843  0.07341011   -0.11060832  0.02332124   -0.04708149  0.04708149
 -0.11060832  0.02332124   -0.06340545  0.06340545    0.02332124 -0.11060832
 -0.04708149  0.04708149    0.02332124 -0.11060832   -0.07341011  0.06659843
    2    2
  0.28110467  0.00000000   -0.00897403 -0.00201565   -0.00823325 -0.01367732
 -0.00897403  0.00201565    0.25693980  0.00000000    0.00897403  0.00201565
 -0.00823325  0.01367732    0.00897403 -0.00201565    0.28110467  0.00000000

     Dynamical  Matrix in cartesian axes

     q = (    0.250000000  -0.500000000   0.750000000 ) 

    1    1
  0.28110467  0.00000000   -0.00897403 -0.00201565    0.00823325  0.01367732
 -0.00897403  0.00201565    0.25693980  0.00000000   -0.00897403 -0.00201565
  0.00823325 -0.01367732   -0.00897403  0.00201565    0.28110467  0.00000000
    1    2
 -0.09900099  0.00481659   -0.09470250 -0.06172129    0.06658328  0.00000000
 -0.09470250 -0.06172129   -0.08966885  0.00000000   -0.09470250  0.06172129
  0.06658328  0.00000000   -0.09470250  0.06172129   -0.09900099 -0.00481659
    2    1
 -0.09900099 -0.00481659   -0.09470250  0.06172129    0.06658328  0.00000000
 -0.09470250  0.06172129   -0.08966885  0.00000000   -0.09470250 -0.06172129
  0.06658328  0.00000000   -0.09470250 -0.06172129   -0.09900099  0.00481659
    2    2
  0.28110467  0.00000000   -0.00897403  0.00201565    0.00823325 -0.01367732
 -0.00897403 -0.00201565    0.25693980  0.00000000   -0.00897403  0.00201565
  0.00823325  0.01367732   -0.00897403 -0.00201565    0.28110467  0.00000000

     Dynamical  Matrix in cartesian axes

     q = (   -0.250000000   0.500000000   0.750000000 ) 

    1    1
  0.28110467  0.00000000   -0.00897403 -0.00201565   -0.00823325 -0.01367732
 -0.00897403  0.00201565    0.25693980  0.00000000    0.00897403  0.00201565
 -0.00823325  0.01367732    0.00897403 -0.00201565    0.28110467  0.00000000
    1    2
 -0.06659843  0.07341011   -0.11060832  0.02332124   -0.04708149  0.04708149
 -0.11060832  0.02332124   -0.06340545  0.06340545    0.02332124 -0.11060832
 -0.04708149  0.04708149    0.02332124 -0.11060832   -0.07341011  0.06659843
    2    1
 -0.06659843 -0.07341011   -0.11060832 -0.02332124   -0.04708149 -0.04708149
 -0.11060832 -0.02332124   -0.06340545 -0.06340545    0.02332124  0.11060832
 -0.04708149 -0.04708149    0.02332124  0.11060832   -0.07341011 -0.06659843
    2    2
  0.28110467  0.00000000   -0.00897403  0.00201565   -0.00823325  0.01367732
 -0.00897403 -0.00201565    0.25693980  0.00000000    0.00897403 -0.00201565
 -0.00823325 -0.01367732    0.00897403  0.00201565    0.28110467  0.00000000

     Dynamical  Matrix in cartesian axes

     q = (    0.250000000   0.500000000  -0.750000000 ) 

    1    1
  0.28110467  0.00000000    0.00897403  0.00201565   -0.00823325 -0.01367732
  0.00897403 -0.00201565    0.25693980  0.00000000   -0.00897403 -0.00201565
 -0.00823325  0.01367732   -0.00897403  0.00201565    0.28110467  0.00000000
    1    2
 -0.07341011 -0.06659843    0.02332124  0.11060832   -0.04708149 -0.04708149
  0.02332124  0.11060832   -0.06340545 -0.06340545   -0.11060832 -0.02332124
 -0.04708149 -0.04708149   -0.11060832 -0.02332124   -0.06659843 -0.07341011
    2    1
 -0.07341011  0.06659843    0.02332124 -0.11060832   -0.04708149  0.04708149
  0.02332124 -0.11060832   -0.06340545  0.06340545   -0.11060832  0.02332124
 -0.04708149  0.04708149   -0.11060832  0.02332124   -0.06659843  0.07341011
    2    2
  0.28110467  0.00000000    0.00897403 -0.00201565   -0.00823325  0.01367732
  0.00897403  0.00201565    0.25693980  0.00000000   -0.00897403  0.00201565
 -0.00823325 -0.01367732   -0.00897403 -0.00201565    0.28110467  0.00000000

     Dynamical  Matrix in cartesian axes

     q = (   -0.250000000  -0.500000000  -0.750000000 ) 

    1    1
  0.28110467  0.00000000    0.00897403  0.00201565    0.00823325  0.01367732
  0.00897403 -0.00201565    0.25693980  0.00000000    0.00897403  0.00201565
  0.00823325 -0.01367732    0.00897403 -0.00201565    0.28110467  0.00000000
    1    2
  0.09900099 -0.00481659   -0.09470250 -0.06172129   -0.06658328  0.00000000
 -0.09470250 -0.06172129    0.08966885  0.00000000   -0.09470250  0.06172129
 -0.06658328  0.00000000   -0.09470250  0.06172129    0.09900099  0.00481659
    2    1
  0.09900099  0.00481659   -0.09470250  0.06172129   -0.06658328  0.00000000
 -0.09470250  0.06172129    0.08966885  0.00000000   -0.09470250 -0.06172129
 -0.06658328  0.00000000   -0.09470250 -0.06172129    0.09900099 -0.00481659
    2    2
  0.28110467  0.00000000    0.00897403 -0.00201565    0.00823325 -0.01367732
  0.00897403  0.00201565    0.25693980  0.00000000    0.00897403 -0.00201565
  0.00823325  0.01367732    0.00897403  0.00201565    0.28110467  0.00000000

     Dynamical  Matrix in cartesian axes

     q = (    0.500000000  -0.250000000  -0.750000000 ) 

    1    1
  0.25693980  0.00000000   -0.00897403 -0.00201565   -0.00897403  0.00201565
 -0.00897403  0.00201565    0.28110467  0.00000000    0.00823325 -0.01367732
 -0.00897403 -0.00201565    0.00823325  0.01367732    0.28110467  0.00000000
    1    2
 -0.08966885  0.00000000   -0.09470250  0.06172129   -0.09470250 -0.06172129
 -0.09470250  0.06172129   -0.09900099 -0.00481659    0.06658328  0.00000000
 -0.09470250 -0.06172129    0.06658328  0.00000000   -0.09900099  0.00481659
    2    1
 -0.08966885  0.00000000   -0.09470250 -0.06172129   -0.09470250  0.06172129
 -0.09470250 -0.06172129   -0.09900099  0.00481659    0.06658328  0.00000000
 -0.09470250  0.06172129    0.06658328  0.00000000   -0.09900099 -0.00481659
    2    2
  0.25693980  0.00000000   -0.00897403  0.00201565   -0.00897403 -0.00201565
 -0.00897403 -0.00201565    0.28110467  0.00000000    0.00823325  0.01367732
 -0.00897403  0.00201565    0.00823325 -0.01367732    0.28110467  0.00000000

     Diagonalizing the dynamical matrix

     q = (    0.500000000  -0.250000000   0.750000000 ) 

 **************************************************************************
     omega( 1) =       4.537760 [THz] =     151.363388 [cm-1]
 ( -0.277660  0.503842 -0.205577  0.205577  0.064001 -0.283598 ) 
 ( -0.552606  0.159935 -0.245789  0.155279  0.290730  0.000000 ) 
     omega( 2) =       5.686320 [THz] =     189.675230 [cm-1]
 (  0.147684  0.200679  0.330877 -0.330877  0.414301 -0.217516 ) 
 (  0.037473 -0.246329  0.446762  0.139148  0.467930  0.000000 ) 
     omega( 3) =       9.856023 [THz] =     328.761531 [cm-1]
 (  0.364936 -0.145760 -0.293929  0.293929  0.415544  0.010557 ) 
 ( -0.361116 -0.154981  0.286369  0.301299 -0.415678  0.000000 ) 
     omega( 4) =      11.772581 [THz] =     392.691043 [cm-1]
 (  0.296538 -0.068390 -0.319135  0.319135  0.426669  0.147133 ) 
 (  0.258042  0.161325 -0.197662 -0.405739  0.451325  0.000000 ) 
     omega( 5) =      14.087807 [THz] =     469.918652 [cm-1]
 ( -0.251019  0.469556 -0.232651  0.232651  0.064227 -0.322689 ) 
 (  0.509524 -0.154529  0.273591 -0.182760 -0.329019  0.000000 ) 
     omega( 6) =      14.336598 [THz] =     478.217425 [cm-1]
 ( -0.115408 -0.251232 -0.325409  0.325409 -0.458875  0.034867 ) 
 (  0.096042 -0.259253  0.349128  0.299819  0.460198  0.000000 ) 
 **************************************************************************
