Dynamical matrix file
                                                                           
  1    2  2 10.2000000  0.0000000  0.0000000  0.0000000  0.0000000  0.0000000
           1  'Si  '    25598.8229845270     
    1    1      0.0000000      0.0000000      0.0000000
    2    1      0.2500000      0.2500000      0.2500000

     Dynamical  Matrix in cartesian axes

     q = (    0.750000000   0.000000000   0.750000000 ) 

    1    1
  0.25306828  0.00000000    0.00000000  0.00890102    0.00633178  0.00000000
  0.00000000 -0.00890102    0.31507998  0.00000000    0.00000000 -0.00890102
  0.00633178  0.00000000    0.00000000  0.00890102    0.25306828  0.00000000
    1    2
  0.02589831  0.02589831   -0.04428304  0.04428304   -0.11749166 -0.11749166
 -0.04428304  0.04428304    0.04043506  0.04043506   -0.04428304  0.04428304
 -0.11749166 -0.11749166   -0.04428304  0.04428304    0.02589831  0.02589831
    2    1
  0.02589831 -0.02589831   -0.04428304 -0.04428304   -0.11749166  0.11749166
 -0.04428304 -0.04428304    0.04043506 -0.04043506   -0.04428304 -0.04428304
 -0.11749166  0.11749166   -0.04428304 -0.04428304    0.02589831 -0.02589831
    2    2
  0.25306828  0.00000000    0.00000000 -0.00890102    0.00633178  0.00000000
  0.00000000  0.00890102    0.31507998  0.00000000    0.00000000  0.00890102
  0.00633178  0.00000000    0.00000000 -0.00890102    0.25306828  0.00000000

     Dynamical  Matrix in cartesian axes

     q = (    0.750000000   0.000000000  -0.750000000 ) 

    1    1
  0.25306828  0.00000000    0.00000000 -0.00890102   -0.00633178  0.00000000
  0.00000000  0.00890102    0.31507998  0.00000000    0.00000000 -0.00890102
 -0.00633178  0.00000000    0.00000000  0.00890102    0.25306828  0.00000000
    1    2
 -0.03662574  0.00000000    0.00000000  0.06262568   -0.16615830  0.00000000
  0.00000000  0.06262568   -0.05718382  0.00000000    0.00000000 -0.06262568
 -0.16615830  0.00000000    0.00000000 -0.06262568   -0.03662574  0.00000000
    2    1
 -0.03662574  0.00000000    0.00000000 -0.06262568   -0.16615830  0.00000000
  0.00000000 -0.06262568   -0.05718382  0.00000000    0.00000000  0.06262568
 -0.16615830  0.00000000    0.00000000  0.06262568   -0.03662574  0.00000000
    2    2
  0.25306828  0.00000000    0.00000000  0.00890102   -0.00633178  0.00000000
  0.00000000 -0.00890102    0.31507998  0.00000000    0.00000000  0.00890102
 -0.00633178  0.00000000    0.00000000 -0.00890102    0.25306828  0.00000000

     Dynamical  Matrix in cartesian axes

     q = (   -0.750000000   0.000000000   0.750000000 ) 

    1    1
  0.25306828  0.00000000    0.00000000  0.00890102   -0.00633178  0.00000000
  0.00000000 -0.00890102    0.31507998  0.00000000    0.00000000  0.00890102
 -0.00633178  0.00000000    0.00000000 -0.00890102    0.25306828  0.00000000
    1    2
 -0.03662574  0.00000000    0.00000000 -0.06262568   -0.16615830  0.00000000
  0.00000000 -0.06262568   -0.05718382  0.00000000    0.00000000  0.06262568
 -0.16615830  0.00000000    0.00000000  0.06262568   -0.03662574  0.00000000
    2    1
 -0.03662574  0.00000000    0.00000000  0.06262568   -0.16615830  0.00000000
  0.00000000  0.06262568   -0.05718382  0.00000000    0.00000000 -0.06262568
 -0.16615830  0.00000000    0.00000000 -0.06262568   -0.03662574  0.00000000
    2    2
  0.25306828  0.00000000    0.00000000 -0.00890102   -0.00633178  0.00000000
  0.00000000  0.00890102    0.31507998  0.00000000    0.00000000 -0.00890102
 -0.00633178  0.00000000    0.00000000  0.00890102    0.25306828  0.00000000

     Dynamical  Matrix in cartesian axes

     q = (   -0.750000000   0.000000000  -0.750000000 ) 

    1    1
  0.25306828  0.00000000    0.00000000 -0.00890102    0.00633178  0.00000000
  0.00000000  0.00890102    0.31507998  0.00000000    0.00000000  0.00890102
  0.00633178  0.00000000    0.00000000 -0.00890102    0.25306828  0.00000000
    1    2
  0.02589831 -0.02589831   -0.04428304 -0.04428304   -0.11749166  0.11749166
 -0.04428304 -0.04428304    0.04043506 -0.04043506   -0.04428304 -0.04428304
 -0.11749166  0.11749166   -0.04428304 -0.04428304    0.02589831 -0.02589831
    2    1
  0.02589831  0.02589831   -0.04428304  0.04428304   -0.11749166 -0.11749166
 -0.04428304  0.04428304    0.04043506  0.04043506   -0.04428304  0.04428304
 -0.11749166 -0.11749166   -0.04428304  0.04428304    0.02589831  0.02589831
    2    2
  0.25306828  0.00000000    0.00000000  0.00890102    0.00633178  0.00000000
  0.00000000 -0.00890102    0.31507998  0.00000000    0.00000000 -0.00890102
  0.00633178  0.00000000    0.00000000  0.00890102    0.25306828  0.00000000

     Dynamical  Matrix in cartesian axes

     q = (    0.000000000   0.750000000  -0.750000000 ) 

    1    1
  0.31507998  0.00000000    0.00000000  0.00890102    0.00000000 -0.00890102
  0.00000000 -0.00890102    0.25306828  0.00000000   -0.00633178  0.00000000
  0.00000000  0.00890102   -0.00633178  0.00000000    0.25306828  0.00000000
    1    2
 -0.05718382  0.00000000    0.00000000  0.06262568    0.00000000 -0.06262568
  0.00000000  0.06262568   -0.03662574  0.00000000   -0.16615830  0.00000000
  0.00000000 -0.06262568   -0.16615830  0.00000000   -0.03662574  0.00000000
    2    1
 -0.05718382  0.00000000    0.00000000 -0.06262568    0.00000000  0.06262568
  0.00000000 -0.06262568   -0.03662574  0.00000000   -0.16615830  0.00000000
  0.00000000  0.06262568   -0.16615830  0.00000000   -0.03662574  0.00000000
    2    2
  0.31507998  0.00000000    0.00000000 -0.00890102    0.00000000  0.00890102
  0.00000000  0.00890102    0.25306828  0.00000000   -0.00633178  0.00000000
  0.00000000 -0.00890102   -0.00633178  0.00000000    0.25306828  0.00000000

     Dynamical  Matrix in cartesian axes

     q = (   -0.750000000   0.750000000   0.000000000 ) 

    1    1
  0.25306828  0.00000000   -0.00633178  0.00000000    0.00000000  0.00890102
 -0.00633178  0.00000000    0.25306828  0.00000000    0.00000000 -0.00890102
  0.00000000 -0.00890102    0.00000000  0.00890102    0.31507998  0.00000000
    1    2
 -0.03662574  0.00000000   -0.16615830  0.00000000    0.00000000 -0.06262568
 -0.16615830  0.00000000   -0.03662574  0.00000000    0.00000000  0.06262568
  0.00000000 -0.06262568    0.00000000  0.06262568   -0.05718382  0.00000000
    2    1
 -0.03662574  0.00000000   -0.16615830  0.00000000    0.00000000  0.06262568
 -0.16615830  0.00000000   -0.03662574  0.00000000    0.00000000 -0.06262568
  0.00000000  0.06262568    0.00000000 -0.06262568   -0.05718382  0.00000000
    2    2
  0.25306828  0.00000000   -0.00633178  0.00000000    0.00000000 -0.00890102
 -0.00633178  0.00000000    0.25306828  0.00000000    0.00000000  0.00890102
  0.00000000  0.00890102    0.00000000 -0.00890102    0.31507998  0.00000000

     Dynamical  Matrix in cartesian axes

     q = (    0.000000000   0.750000000   0.750000000 ) 

    1    1
  0.31507998  0.00000000    0.00000000 -0.00890102    0.00000000 -0.00890102
  0.00000000  0.00890102    0.25306828  0.00000000    0.00633178  0.00000000
  0.00000000  0.00890102    0.00633178  0.00000000    0.25306828  0.00000000
    1    2
  0.04043506  0.04043506   -0.04428304  0.04428304   -0.04428304  0.04428304
 -0.04428304  0.04428304    0.02589831  0.02589831   -0.11749166 -0.11749166
 -0.04428304  0.04428304   -0.11749166 -0.11749166    0.02589831  0.02589831
    2    1
  0.04043506 -0.04043506   -0.04428304 -0.04428304   -0.04428304 -0.04428304
 -0.04428304 -0.04428304    0.02589831 -0.02589831   -0.11749166  0.11749166
 -0.04428304 -0.04428304   -0.11749166  0.11749166    0.02589831 -0.02589831
    2    2
  0.31507998  0.00000000    0.00000000  0.00890102    0.00000000  0.00890102
  0.00000000 -0.00890102    0.25306828  0.00000000    0.00633178  0.00000000
  0.00000000 -0.00890102    0.00633178  0.00000000    0.25306828  0.00000000

     Dynamical  Matrix in cartesian axes

     q = (    0.000000000  -0.750000000  -0.750000000 ) 

    1    1
  0.31507998  0.00000000    0.00000000  0.00890102    0.00000000  0.00890102
  0.00000000 -0.00890102    0.25306828  0.00000000    0.00633178  0.00000000
  0.00000000 -0.00890102    0.00633178  0.00000000    0.25306828  0.00000000
    1    2
  0.04043506 -0.04043506   -0.04428304 -0.04428304   -0.04428304 -0.04428304
 -0.04428304 -0.04428304    0.02589831 -0.02589831   -0.11749166  0.11749166
 -0.04428304 -0.04428304   -0.11749166  0.11749166    0.02589831 -0.02589831
    2    1
  0.04043506  0.04043506   -0.04428304  0.04428304   -0.04428304  0.04428304
 -0.04428304  0.04428304    0.02589831  0.02589831   -0.11749166 -0.11749166
 -0.04428304  0.04428304   -0.11749166 -0.11749166    0.02589831  0.02589831
    2    2
  0.31507998  0.00000000    0.00000000 -0.00890102    0.00000000 -0.00890102
  0.00000000  0.00890102    0.25306828  0.00000000    0.00633178  0.00000000
  0.00000000  0.00890102    0.00633178  0.00000000    0.25306828  0.00000000

     Dynamical  Matrix in cartesian axes

     q = (    0.750000000   0.750000000   0.000000000 ) 

    1    1
  0.25306828  0.00000000    0.00633178  0.00000000    0.00000000  0.00890102
  0.00633178  0.00000000    0.25306828  0.00000000    0.00000000  0.00890102
  0.00000000 -0.00890102    0.00000000 -0.00890102    0.31507998  0.00000000
    1    2
  0.02589831  0.02589831   -0.11749166 -0.11749166   -0.04428304  0.04428304
 -0.11749166 -0.11749166    0.02589831  0.02589831   -0.04428304  0.04428304
 -0.04428304  0.04428304   -0.04428304  0.04428304    0.04043506  0.04043506
    2    1
  0.02589831 -0.02589831   -0.11749166  0.11749166   -0.04428304 -0.04428304
 -0.11749166  0.11749166    0.02589831 -0.02589831   -0.04428304 -0.04428304
 -0.04428304 -0.04428304   -0.04428304 -0.04428304    0.04043506 -0.04043506
    2    2
  0.25306828  0.00000000    0.00633178  0.00000000    0.00000000 -0.00890102
  0.00633178  0.00000000    0.25306828  0.00000000    0.00000000 -0.00890102
  0.00000000  0.00890102    0.00000000  0.00890102    0.31507998  0.00000000

     Dynamical  Matrix in cartesian axes

     q = (   -0.750000000  -0.750000000   0.000000000 ) 

    1    1
  0.25306828  0.00000000    0.00633178  0.00000000    0.00000000 -0.00890102
  0.00633178  0.00000000    0.25306828  0.00000000    0.00000000 -0.00890102
  0.00000000  0.00890102    0.00000000  0.00890102    0.31507998  0.00000000
    1    2
  0.02589831 -0.02589831   -0.11749166  0.11749166   -0.04428304 -0.04428304
 -0.11749166  0.11749166    0.02589831 -0.02589831   -0.04428304 -0.04428304
 -0.04428304 -0.04428304   -0.04428304 -0.04428304    0.04043506 -0.04043506
    2    1
  0.02589831  0.02589831   -0.11749166 -0.11749166   -0.04428304  0.04428304
 -0.11749166 -0.11749166    0.02589831  0.02589831   -0.04428304  0.04428304
 -0.04428304  0.04428304   -0.04428304  0.04428304    0.04043506  0.04043506
    2    2
  0.25306828  0.00000000    0.00633178  0.00000000    0.00000000  0.00890102
  0.00633178  0.00000000    0.25306828  0.00000000    0.00000000  0.00890102
  0.00000000 -0.00890102    0.00000000 -0.00890102    0.31507998  0.00000000

     Dynamical  Matrix in cartesian axes

     q = (    0.000000000  -0.750000000   0.750000000 ) 

    1    1
  0.31507998  0.00000000    0.00000000 -0.00890102    0.00000000  0.00890102
  0.00000000  0.00890102    0.25306828  0.00000000   -0.00633178  0.00000000
  0.00000000 -0.00890102   -0.00633178  0.00000000    0.25306828  0.00000000
    1    2
 -0.05718382  0.00000000    0.00000000 -0.06262568    0.00000000  0.06262568
  0.00000000 -0.06262568   -0.03662574  0.00000000   -0.16615830  0.00000000
  0.00000000  0.06262568   -0.16615830  0.00000000   -0.03662574  0.00000000
    2    1
 -0.05718382  0.00000000    0.00000000  0.06262568    0.00000000 -0.06262568
  0.00000000  0.06262568   -0.03662574  0.00000000   -0.16615830  0.00000000
  0.00000000 -0.06262568   -0.16615830  0.00000000   -0.03662574  0.00000000
    2    2
  0.31507998  0.00000000    0.00000000  0.00890102    0.00000000 -0.00890102
  0.00000000 -0.00890102    0.25306828  0.00000000   -0.00633178  0.00000000
  0.00000000  0.00890102   -0.00633178  0.00000000    0.25306828  0.00000000

     Dynamical  Matrix in cartesian axes

     q = (    0.750000000  -0.750000000   0.000000000 ) 

    1    1
  0.25306828  0.00000000   -0.00633178  0.00000000    0.00000000 -0.00890102
 -0.00633178  0.00000000    0.25306828  0.00000000    0.00000000  0.00890102
  0.00000000  0.00890102    0.00000000 -0.00890102    0.31507998  0.00000000
    1    2
 -0.03662574  0.00000000   -0.16615830  0.00000000    0.00000000  0.06262568
 -0.16615830  0.00000000   -0.03662574  0.00000000    0.00000000 -0.06262568
  0.00000000  0.06262568    0.00000000 -0.06262568   -0.05718382  0.00000000
    2    1
 -0.03662574  0.00000000   -0.16615830  0.00000000    0.00000000 -0.06262568
 -0.16615830  0.00000000   -0.03662574  0.00000000    0.00000000  0.06262568
  0.00000000 -0.06262568    0.00000000  0.06262568   -0.05718382  0.00000000
    2    2
  0.25306828  0.00000000   -0.00633178  0.00000000    0.00000000  0.00890102
 -0.00633178  0.00000000    0.25306828  0.00000000    0.00000000 -0.00890102
  0.00000000 -0.00890102    0.00000000  0.00890102    0.31507998  0.00000000

     Diagonalizing the dynamical matrix

     q = (    0.750000000   0.000000000   0.750000000 ) 

 **************************************************************************
     omega( 1) =       4.310788 [THz] =     143.792397 [cm-1]
 (  0.353553  0.353553  0.000000  0.000000 -0.353553 -0.353553 ) 
 ( -0.500000  0.000000  0.000000  0.000000  0.500000  0.000000 ) 
     omega( 2) =       6.321979 [THz] =     210.878507 [cm-1]
 ( -0.320578 -0.320578 -0.210853  0.210853 -0.320578 -0.320578 ) 
 ( -0.453366  0.000000  0.000000 -0.298191 -0.453366  0.000000 ) 
     omega( 3) =      10.862907 [THz] =     362.347564 [cm-1]
 ( -0.239516 -0.239516  0.367783 -0.367783 -0.239516 -0.239516 ) 
 (  0.338726  0.000000  0.000000 -0.520124  0.338726  0.000000 ) 
     omega( 4) =      11.134505 [THz] =     371.407125 [cm-1]
 ( -0.149095 -0.149095  0.453366 -0.453366 -0.149095 -0.149095 ) 
 ( -0.210853  0.000000  0.000000  0.641157 -0.210853  0.000000 ) 
     omega( 5) =      13.786049 [THz] =     459.853082 [cm-1]
 ( -0.353553 -0.353553  0.000000  0.000000  0.353553  0.353553 ) 
 ( -0.500000  0.000000  0.000000  0.000000  0.500000  0.000000 ) 
     omega( 6) =      14.276816 [THz] =     476.223310 [cm-1]
 ( -0.260062 -0.260062 -0.338726  0.338726 -0.260062 -0.260062 ) 
 (  0.367783  0.000000  0.000000  0.479032  0.367783  0.000000 ) 
 **************************************************************************
