Dynamical matrix file
                                                                           
  1    2  2 10.2000000  0.0000000  0.0000000  0.0000000  0.0000000  0.0000000
           1  'Si  '    25598.8229845270     
    1    1      0.0000000      0.0000000      0.0000000
    2    1      0.2500000      0.2500000      0.2500000

     Dynamical  Matrix in cartesian axes

     q = (    0.375000000  -0.125000000   0.375000000 ) 

    1    1
  0.27448166  0.00000000   -0.00753027  0.00562415    0.01137664  0.00000000
 -0.00753027 -0.00562415    0.27715902  0.00000000   -0.00753027 -0.00562415
  0.01137664  0.00000000   -0.00753027  0.00562415    0.27448166  0.00000000
    1    2
 -0.11599385  0.13506224   -0.07543839 -0.03059345    0.05110960 -0.02992895
 -0.07543839 -0.03059345   -0.12118538  0.14292006   -0.07543839 -0.03059345
  0.05110960 -0.02992895   -0.07543839 -0.03059345   -0.11599385  0.13506224
    2    1
 -0.11599385 -0.13506224   -0.07543839  0.03059345    0.05110960  0.02992895
 -0.07543839  0.03059345   -0.12118538 -0.14292006   -0.07543839  0.03059345
  0.05110960  0.02992895   -0.07543839  0.03059345   -0.11599385 -0.13506224
    2    2
  0.27448166  0.00000000   -0.00753027 -0.00562415    0.01137664  0.00000000
 -0.00753027  0.00562415    0.27715902  0.00000000   -0.00753027  0.00562415
  0.01137664  0.00000000   -0.00753027 -0.00562415    0.27448166  0.00000000

     Dynamical  Matrix in cartesian axes

     q = (    0.375000000  -0.125000000  -0.375000000 ) 

    1    1
  0.27448166  0.00000000   -0.00753027 -0.00562415   -0.01137664  0.00000000
 -0.00753027  0.00562415    0.27715902  0.00000000    0.00753027 -0.00562415
 -0.01137664  0.00000000    0.00753027  0.00562415    0.27448166  0.00000000
    1    2
 -0.17752346 -0.01348339   -0.03171016  0.07497583   -0.05730291  0.01497698
 -0.03171016  0.07497583   -0.18675075 -0.01536874    0.03171016 -0.07497583
 -0.05730291  0.01497698    0.03171016 -0.07497583   -0.17752346 -0.01348339
    2    1
 -0.17752346  0.01348339   -0.03171016 -0.07497583   -0.05730291 -0.01497698
 -0.03171016 -0.07497583   -0.18675075  0.01536874    0.03171016  0.07497583
 -0.05730291 -0.01497698    0.03171016  0.07497583   -0.17752346  0.01348339
    2    2
  0.27448166  0.00000000   -0.00753027  0.00562415   -0.01137664  0.00000000
 -0.00753027 -0.00562415    0.27715902  0.00000000    0.00753027  0.00562415
 -0.01137664  0.00000000    0.00753027 -0.00562415    0.27448166  0.00000000

     Dynamical  Matrix in cartesian axes

     q = (   -0.375000000  -0.125000000   0.375000000 ) 

    1    1
  0.27448166  0.00000000    0.00753027  0.00562415   -0.01137664  0.00000000
  0.00753027 -0.00562415    0.27715902  0.00000000   -0.00753027  0.00562415
 -0.01137664  0.00000000   -0.00753027 -0.00562415    0.27448166  0.00000000
    1    2
 -0.17752346 -0.01348339    0.03171016 -0.07497583   -0.05730291  0.01497698
  0.03171016 -0.07497583   -0.18675075 -0.01536874   -0.03171016  0.07497583
 -0.05730291  0.01497698   -0.03171016  0.07497583   -0.17752346 -0.01348339
    2    1
 -0.17752346  0.01348339    0.03171016  0.07497583   -0.05730291 -0.01497698
  0.03171016  0.07497583   -0.18675075  0.01536874   -0.03171016 -0.07497583
 -0.05730291 -0.01497698   -0.03171016 -0.07497583   -0.17752346  0.01348339
    2    2
  0.27448166  0.00000000    0.00753027 -0.00562415   -0.01137664  0.00000000
  0.00753027  0.00562415    0.27715902  0.00000000   -0.00753027 -0.00562415
 -0.01137664  0.00000000   -0.00753027  0.00562415    0.27448166  0.00000000

     Dynamical  Matrix in cartesian axes

     q = (   -0.375000000  -0.125000000  -0.375000000 ) 

    1    1
  0.27448166  0.00000000    0.00753027 -0.00562415    0.01137664  0.00000000
  0.00753027  0.00562415    0.27715902  0.00000000    0.00753027  0.00562415
  0.01137664  0.00000000    0.00753027 -0.00562415    0.27448166  0.00000000
    1    2
 -0.01348339 -0.17752346   -0.07497583  0.03171016   -0.01497698  0.05730291
 -0.07497583  0.03171016   -0.01536874 -0.18675075   -0.07497583  0.03171016
 -0.01497698  0.05730291   -0.07497583  0.03171016   -0.01348339 -0.17752346
    2    1
 -0.01348339  0.17752346   -0.07497583 -0.03171016   -0.01497698 -0.05730291
 -0.07497583 -0.03171016   -0.01536874  0.18675075   -0.07497583 -0.03171016
 -0.01497698 -0.05730291   -0.07497583 -0.03171016   -0.01348339  0.17752346
    2    2
  0.27448166  0.00000000    0.00753027  0.00562415    0.01137664  0.00000000
  0.00753027 -0.00562415    0.27715902  0.00000000    0.00753027 -0.00562415
  0.01137664  0.00000000    0.00753027  0.00562415    0.27448166  0.00000000

     Dynamical  Matrix in cartesian axes

     q = (   -0.375000000   0.125000000  -0.375000000 ) 

    1    1
  0.27448166  0.00000000   -0.00753027 -0.00562415    0.01137664  0.00000000
 -0.00753027  0.00562415    0.27715902  0.00000000   -0.00753027  0.00562415
  0.01137664  0.00000000   -0.00753027 -0.00562415    0.27448166  0.00000000
    1    2
 -0.11599385 -0.13506224   -0.07543839  0.03059345    0.05110960  0.02992895
 -0.07543839  0.03059345   -0.12118538 -0.14292006   -0.07543839  0.03059345
  0.05110960  0.02992895   -0.07543839  0.03059345   -0.11599385 -0.13506224
    2    1
 -0.11599385  0.13506224   -0.07543839 -0.03059345    0.05110960 -0.02992895
 -0.07543839 -0.03059345   -0.12118538  0.14292006   -0.07543839 -0.03059345
  0.05110960 -0.02992895   -0.07543839 -0.03059345   -0.11599385  0.13506224
    2    2
  0.27448166  0.00000000   -0.00753027  0.00562415    0.01137664  0.00000000
 -0.00753027 -0.00562415    0.27715902  0.00000000   -0.00753027 -0.00562415
  0.01137664  0.00000000   -0.00753027  0.00562415    0.27448166  0.00000000

     Dynamical  Matrix in cartesian axes

     q = (   -0.125000000   0.375000000  -0.375000000 ) 

    1    1
  0.27715902  0.00000000   -0.00753027  0.00562415    0.00753027 -0.00562415
 -0.00753027 -0.00562415    0.27448166  0.00000000   -0.01137664  0.00000000
  0.00753027  0.00562415   -0.01137664  0.00000000    0.27448166  0.00000000
    1    2
 -0.18675075 -0.01536874   -0.03171016  0.07497583    0.03171016 -0.07497583
 -0.03171016  0.07497583   -0.17752346 -0.01348339   -0.05730291  0.01497698
  0.03171016 -0.07497583   -0.05730291  0.01497698   -0.17752346 -0.01348339
    2    1
 -0.18675075  0.01536874   -0.03171016 -0.07497583    0.03171016  0.07497583
 -0.03171016 -0.07497583   -0.17752346  0.01348339   -0.05730291 -0.01497698
  0.03171016  0.07497583   -0.05730291 -0.01497698   -0.17752346  0.01348339
    2    2
  0.27715902  0.00000000   -0.00753027 -0.00562415    0.00753027  0.00562415
 -0.00753027  0.00562415    0.27448166  0.00000000   -0.01137664  0.00000000
  0.00753027 -0.00562415   -0.01137664  0.00000000    0.27448166  0.00000000

     Dynamical  Matrix in cartesian axes

     q = (   -0.375000000   0.375000000  -0.125000000 ) 

    1    1
  0.27448166  0.00000000   -0.01137664  0.00000000    0.00753027  0.00562415
 -0.01137664  0.00000000    0.27448166  0.00000000   -0.00753027 -0.00562415
  0.00753027 -0.00562415   -0.00753027  0.00562415    0.27715902  0.00000000
    1    2
 -0.17752346 -0.01348339   -0.05730291  0.01497698    0.03171016 -0.07497583
 -0.05730291  0.01497698   -0.17752346 -0.01348339   -0.03171016  0.07497583
  0.03171016 -0.07497583   -0.03171016  0.07497583   -0.18675075 -0.01536874
    2    1
 -0.17752346  0.01348339   -0.05730291 -0.01497698    0.03171016  0.07497583
 -0.05730291 -0.01497698   -0.17752346  0.01348339   -0.03171016 -0.07497583
  0.03171016  0.07497583   -0.03171016 -0.07497583   -0.18675075  0.01536874
    2    2
  0.27448166  0.00000000   -0.01137664  0.00000000    0.00753027 -0.00562415
 -0.01137664  0.00000000    0.27448166  0.00000000   -0.00753027  0.00562415
  0.00753027  0.00562415   -0.00753027 -0.00562415    0.27715902  0.00000000

     Dynamical  Matrix in cartesian axes

     q = (    0.375000000   0.125000000   0.375000000 ) 

    1    1
  0.27448166  0.00000000    0.00753027  0.00562415    0.01137664  0.00000000
  0.00753027 -0.00562415    0.27715902  0.00000000    0.00753027 -0.00562415
  0.01137664  0.00000000    0.00753027  0.00562415    0.27448166  0.00000000
    1    2
 -0.01348339  0.17752346   -0.07497583 -0.03171016   -0.01497698 -0.05730291
 -0.07497583 -0.03171016   -0.01536874  0.18675075   -0.07497583 -0.03171016
 -0.01497698 -0.05730291   -0.07497583 -0.03171016   -0.01348339  0.17752346
    2    1
 -0.01348339 -0.17752346   -0.07497583  0.03171016   -0.01497698  0.05730291
 -0.07497583  0.03171016   -0.01536874 -0.18675075   -0.07497583  0.03171016
 -0.01497698  0.05730291   -0.07497583  0.03171016   -0.01348339 -0.17752346
    2    2
  0.27448166  0.00000000    0.00753027 -0.00562415    0.01137664  0.00000000
  0.00753027  0.00562415    0.27715902  0.00000000    0.00753027  0.00562415
  0.01137664  0.00000000    0.00753027 -0.00562415    0.27448166  0.00000000

     Dynamical  Matrix in cartesian axes

     q = (   -0.375000000   0.125000000   0.375000000 ) 

    1    1
  0.27448166  0.00000000   -0.00753027  0.00562415   -0.01137664  0.00000000
 -0.00753027 -0.00562415    0.27715902  0.00000000    0.00753027  0.00562415
 -0.01137664  0.00000000    0.00753027 -0.00562415    0.27448166  0.00000000
    1    2
 -0.17752346  0.01348339   -0.03171016 -0.07497583   -0.05730291 -0.01497698
 -0.03171016 -0.07497583   -0.18675075  0.01536874    0.03171016  0.07497583
 -0.05730291 -0.01497698    0.03171016  0.07497583   -0.17752346  0.01348339
    2    1
 -0.17752346 -0.01348339   -0.03171016  0.07497583   -0.05730291  0.01497698
 -0.03171016  0.07497583   -0.18675075 -0.01536874    0.03171016 -0.07497583
 -0.05730291  0.01497698    0.03171016 -0.07497583   -0.17752346 -0.01348339
    2    2
  0.27448166  0.00000000   -0.00753027 -0.00562415   -0.01137664  0.00000000
 -0.00753027  0.00562415    0.27715902  0.00000000    0.00753027 -0.00562415
 -0.01137664  0.00000000    0.00753027  0.00562415    0.27448166  0.00000000

     Dynamical  Matrix in cartesian axes

     q = (    0.375000000   0.125000000  -0.375000000 ) 

    1    1
  0.27448166  0.00000000    0.00753027 -0.00562415   -0.01137664  0.00000000
  0.00753027  0.00562415    0.27715902  0.00000000   -0.00753027 -0.00562415
 -0.01137664  0.00000000   -0.00753027  0.00562415    0.27448166  0.00000000
    1    2
 -0.17752346  0.01348339    0.03171016  0.07497583   -0.05730291 -0.01497698
  0.03171016  0.07497583   -0.18675075  0.01536874   -0.03171016 -0.07497583
 -0.05730291 -0.01497698   -0.03171016 -0.07497583   -0.17752346  0.01348339
    2    1
 -0.17752346 -0.01348339    0.03171016 -0.07497583   -0.05730291  0.01497698
  0.03171016 -0.07497583   -0.18675075 -0.01536874   -0.03171016  0.07497583
 -0.05730291  0.01497698   -0.03171016  0.07497583   -0.17752346 -0.01348339
    2    2
  0.27448166  0.00000000    0.00753027  0.00562415   -0.01137664  0.00000000
  0.00753027 -0.00562415    0.27715902  0.00000000   -0.00753027  0.00562415
 -0.01137664  0.00000000   -0.00753027 -0.00562415    0.27448166  0.00000000

     Dynamical  Matrix in cartesian axes

     q = (   -0.375000000   0.375000000   0.125000000 ) 

    1    1
  0.27448166  0.00000000   -0.01137664  0.00000000   -0.00753027  0.00562415
 -0.01137664  0.00000000    0.27448166  0.00000000    0.00753027 -0.00562415
 -0.00753027 -0.00562415    0.00753027  0.00562415    0.27715902  0.00000000
    1    2
 -0.17752346  0.01348339   -0.05730291 -0.01497698   -0.03171016 -0.07497583
 -0.05730291 -0.01497698   -0.17752346  0.01348339    0.03171016  0.07497583
 -0.03171016 -0.07497583    0.03171016  0.07497583   -0.18675075  0.01536874
    2    1
 -0.17752346 -0.01348339   -0.05730291  0.01497698   -0.03171016  0.07497583
 -0.05730291  0.01497698   -0.17752346 -0.01348339    0.03171016 -0.07497583
 -0.03171016  0.07497583    0.03171016 -0.07497583   -0.18675075 -0.01536874
    2    2
  0.27448166  0.00000000   -0.01137664  0.00000000   -0.00753027 -0.00562415
 -0.01137664  0.00000000    0.27448166  0.00000000    0.00753027  0.00562415
 -0.00753027  0.00562415    0.00753027 -0.00562415    0.27715902  0.00000000

     Dynamical  Matrix in cartesian axes

     q = (   -0.125000000   0.375000000   0.375000000 ) 

    1    1
  0.27715902  0.00000000   -0.00753027 -0.00562415   -0.00753027 -0.00562415
 -0.00753027  0.00562415    0.27448166  0.00000000    0.01137664  0.00000000
 -0.00753027  0.00562415    0.01137664  0.00000000    0.27448166  0.00000000
    1    2
 -0.12118538  0.14292006   -0.07543839 -0.03059345   -0.07543839 -0.03059345
 -0.07543839 -0.03059345   -0.11599385  0.13506224    0.05110960 -0.02992895
 -0.07543839 -0.03059345    0.05110960 -0.02992895   -0.11599385  0.13506224
    2    1
 -0.12118538 -0.14292006   -0.07543839  0.03059345   -0.07543839  0.03059345
 -0.07543839  0.03059345   -0.11599385 -0.13506224    0.05110960  0.02992895
 -0.07543839  0.03059345    0.05110960  0.02992895   -0.11599385 -0.13506224
    2    2
  0.27715902  0.00000000   -0.00753027  0.00562415   -0.00753027  0.00562415
 -0.00753027 -0.00562415    0.27448166  0.00000000    0.01137664  0.00000000
 -0.00753027 -0.00562415    0.01137664  0.00000000    0.27448166  0.00000000

     Dynamical  Matrix in cartesian axes

     q = (    0.125000000   0.375000000  -0.375000000 ) 

    1    1
  0.27715902  0.00000000    0.00753027  0.00562415   -0.00753027 -0.00562415
  0.00753027 -0.00562415    0.27448166  0.00000000   -0.01137664  0.00000000
 -0.00753027  0.00562415   -0.01137664  0.00000000    0.27448166  0.00000000
    1    2
 -0.18675075  0.01536874    0.03171016  0.07497583   -0.03171016 -0.07497583
  0.03171016  0.07497583   -0.17752346  0.01348339   -0.05730291 -0.01497698
 -0.03171016 -0.07497583   -0.05730291 -0.01497698   -0.17752346  0.01348339
    2    1
 -0.18675075 -0.01536874    0.03171016 -0.07497583   -0.03171016  0.07497583
  0.03171016 -0.07497583   -0.17752346 -0.01348339   -0.05730291  0.01497698
 -0.03171016  0.07497583   -0.05730291  0.01497698   -0.17752346 -0.01348339
    2    2
  0.27715902  0.00000000    0.00753027 -0.00562415   -0.00753027  0.00562415
  0.00753027  0.00562415    0.27448166  0.00000000   -0.01137664  0.00000000
 -0.00753027 -0.00562415   -0.01137664  0.00000000    0.27448166  0.00000000

     Dynamical  Matrix in cartesian axes

     q = (   -0.125000000  -0.375000000  -0.375000000 ) 

    1    1
  0.27715902  0.00000000    0.00753027  0.00562415    0.00753027  0.00562415
  0.00753027 -0.00562415    0.27448166  0.00000000    0.01137664  0.00000000
  0.00753027 -0.00562415    0.01137664  0.00000000    0.27448166  0.00000000
    1    2
 -0.01536874 -0.18675075   -0.07497583  0.03171016   -0.07497583  0.03171016
 -0.07497583  0.03171016   -0.01348339 -0.17752346   -0.01497698  0.05730291
 -0.07497583  0.03171016   -0.01497698  0.05730291   -0.01348339 -0.17752346
    2    1
 -0.01536874  0.18675075   -0.07497583 -0.03171016   -0.07497583 -0.03171016
 -0.07497583 -0.03171016   -0.01348339  0.17752346   -0.01497698 -0.05730291
 -0.07497583 -0.03171016   -0.01497698 -0.05730291   -0.01348339  0.17752346
    2    2
  0.27715902  0.00000000    0.00753027 -0.00562415    0.00753027 -0.00562415
  0.00753027  0.00562415    0.27448166  0.00000000    0.01137664  0.00000000
  0.00753027  0.00562415    0.01137664  0.00000000    0.27448166  0.00000000

     Dynamical  Matrix in cartesian axes

     q = (    0.375000000   0.375000000  -0.125000000 ) 

    1    1
  0.27448166  0.00000000    0.01137664  0.00000000   -0.00753027  0.00562415
  0.01137664  0.00000000    0.27448166  0.00000000   -0.00753027  0.00562415
 -0.00753027 -0.00562415   -0.00753027 -0.00562415    0.27715902  0.00000000
    1    2
 -0.11599385  0.13506224    0.05110960 -0.02992895   -0.07543839 -0.03059345
  0.05110960 -0.02992895   -0.11599385  0.13506224   -0.07543839 -0.03059345
 -0.07543839 -0.03059345   -0.07543839 -0.03059345   -0.12118538  0.14292006
    2    1
 -0.11599385 -0.13506224    0.05110960  0.02992895   -0.07543839  0.03059345
  0.05110960  0.02992895   -0.11599385 -0.13506224   -0.07543839  0.03059345
 -0.07543839  0.03059345   -0.07543839  0.03059345   -0.12118538 -0.14292006
    2    2
  0.27448166  0.00000000    0.01137664  0.00000000   -0.00753027 -0.00562415
  0.01137664  0.00000000    0.27448166  0.00000000   -0.00753027 -0.00562415
 -0.00753027  0.00562415   -0.00753027  0.00562415    0.27715902  0.00000000

     Dynamical  Matrix in cartesian axes

     q = (   -0.375000000  -0.375000000  -0.125000000 ) 

    1    1
  0.27448166  0.00000000    0.01137664  0.00000000    0.00753027 -0.00562415
  0.01137664  0.00000000    0.27448166  0.00000000    0.00753027 -0.00562415
  0.00753027  0.00562415    0.00753027  0.00562415    0.27715902  0.00000000
    1    2
 -0.01348339 -0.17752346   -0.01497698  0.05730291   -0.07497583  0.03171016
 -0.01497698  0.05730291   -0.01348339 -0.17752346   -0.07497583  0.03171016
 -0.07497583  0.03171016   -0.07497583  0.03171016   -0.01536874 -0.18675075
    2    1
 -0.01348339  0.17752346   -0.01497698 -0.05730291   -0.07497583 -0.03171016
 -0.01497698 -0.05730291   -0.01348339  0.17752346   -0.07497583 -0.03171016
 -0.07497583 -0.03171016   -0.07497583 -0.03171016   -0.01536874  0.18675075
    2    2
  0.27448166  0.00000000    0.01137664  0.00000000    0.00753027  0.00562415
  0.01137664  0.00000000    0.27448166  0.00000000    0.00753027  0.00562415
  0.00753027 -0.00562415    0.00753027 -0.00562415    0.27715902  0.00000000

     Dynamical  Matrix in cartesian axes

     q = (    0.125000000  -0.375000000   0.375000000 ) 

    1    1
  0.27715902  0.00000000   -0.00753027 -0.00562415    0.00753027  0.00562415
 -0.00753027  0.00562415    0.27448166  0.00000000   -0.01137664  0.00000000
  0.00753027 -0.00562415   -0.01137664  0.00000000    0.27448166  0.00000000
    1    2
 -0.18675075  0.01536874   -0.03171016 -0.07497583    0.03171016  0.07497583
 -0.03171016 -0.07497583   -0.17752346  0.01348339   -0.05730291 -0.01497698
  0.03171016  0.07497583   -0.05730291 -0.01497698   -0.17752346  0.01348339
    2    1
 -0.18675075 -0.01536874   -0.03171016  0.07497583    0.03171016 -0.07497583
 -0.03171016  0.07497583   -0.17752346 -0.01348339   -0.05730291  0.01497698
  0.03171016 -0.07497583   -0.05730291  0.01497698   -0.17752346 -0.01348339
    2    2
  0.27715902  0.00000000   -0.00753027  0.00562415    0.00753027 -0.00562415
 -0.00753027 -0.00562415    0.27448166  0.00000000   -0.01137664  0.00000000
  0.00753027  0.00562415   -0.01137664  0.00000000    0.27448166  0.00000000

     Dynamical  Matrix in cartesian axes

     q = (    0.375000000  -0.375000000   0.125000000 ) 

    1    1
  0.27448166  0.00000000   -0.01137664  0.00000000    0.00753027 -0.00562415
 -0.01137664  0.00000000    0.27448166  0.00000000   -0.00753027  0.00562415
  0.00753027  0.00562415   -0.00753027 -0.00562415    0.27715902  0.00000000
    1    2
 -0.17752346  0.01348339   -0.05730291 -0.01497698    0.03171016  0.07497583
 -0.05730291 -0.01497698   -0.17752346  0.01348339   -0.03171016 -0.07497583
  0.03171016  0.07497583   -0.03171016 -0.07497583   -0.18675075  0.01536874
    2    1
 -0.17752346 -0.01348339   -0.05730291  0.01497698    0.03171016 -0.07497583
 -0.05730291  0.01497698   -0.17752346 -0.01348339   -0.03171016  0.07497583
  0.03171016 -0.07497583   -0.03171016  0.07497583   -0.18675075 -0.01536874
    2    2
  0.27448166  0.00000000   -0.01137664  0.00000000    0.00753027  0.00562415
 -0.01137664  0.00000000    0.27448166  0.00000000   -0.00753027 -0.00562415
  0.00753027 -0.00562415   -0.00753027  0.00562415    0.27715902  0.00000000

     Dynamical  Matrix in cartesian axes

     q = (    0.125000000   0.375000000   0.375000000 ) 

    1    1
  0.27715902  0.00000000    0.00753027 -0.00562415    0.00753027 -0.00562415
  0.00753027  0.00562415    0.27448166  0.00000000    0.01137664  0.00000000
  0.00753027  0.00562415    0.01137664  0.00000000    0.27448166  0.00000000
    1    2
 -0.01536874  0.18675075   -0.07497583 -0.03171016   -0.07497583 -0.03171016
 -0.07497583 -0.03171016   -0.01348339  0.17752346   -0.01497698 -0.05730291
 -0.07497583 -0.03171016   -0.01497698 -0.05730291   -0.01348339  0.17752346
    2    1
 -0.01536874 -0.18675075   -0.07497583  0.03171016   -0.07497583  0.03171016
 -0.07497583  0.03171016   -0.01348339 -0.17752346   -0.01497698  0.05730291
 -0.07497583  0.03171016   -0.01497698  0.05730291   -0.01348339 -0.17752346
    2    2
  0.27715902  0.00000000    0.00753027  0.00562415    0.00753027  0.00562415
  0.00753027 -0.00562415    0.27448166  0.00000000    0.01137664  0.00000000
  0.00753027 -0.00562415    0.01137664  0.00000000    0.27448166  0.00000000

     Dynamical  Matrix in cartesian axes

     q = (   -0.375000000  -0.375000000   0.125000000 ) 

    1    1
  0.27448166  0.00000000    0.01137664  0.00000000   -0.00753027 -0.00562415
  0.01137664  0.00000000    0.27448166  0.00000000   -0.00753027 -0.00562415
 -0.00753027  0.00562415   -0.00753027  0.00562415    0.27715902  0.00000000
    1    2
 -0.11599385 -0.13506224    0.05110960  0.02992895   -0.07543839  0.03059345
  0.05110960  0.02992895   -0.11599385 -0.13506224   -0.07543839  0.03059345
 -0.07543839  0.03059345   -0.07543839  0.03059345   -0.12118538 -0.14292006
    2    1
 -0.11599385  0.13506224    0.05110960 -0.02992895   -0.07543839 -0.03059345
  0.05110960 -0.02992895   -0.11599385  0.13506224   -0.07543839 -0.03059345
 -0.07543839 -0.03059345   -0.07543839 -0.03059345   -0.12118538  0.14292006
    2    2
  0.27448166  0.00000000    0.01137664  0.00000000   -0.00753027  0.00562415
  0.01137664  0.00000000    0.27448166  0.00000000   -0.00753027  0.00562415
 -0.00753027 -0.00562415   -0.00753027 -0.00562415    0.27715902  0.00000000

     Dynamical  Matrix in cartesian axes

     q = (   -0.125000000  -0.375000000   0.375000000 ) 

    1    1
  0.27715902  0.00000000    0.00753027 -0.00562415   -0.00753027  0.00562415
  0.00753027  0.00562415    0.27448166  0.00000000   -0.01137664  0.00000000
 -0.00753027 -0.00562415   -0.01137664  0.00000000    0.27448166  0.00000000
    1    2
 -0.18675075 -0.01536874    0.03171016 -0.07497583   -0.03171016  0.07497583
  0.03171016 -0.07497583   -0.17752346 -0.01348339   -0.05730291  0.01497698
 -0.03171016  0.07497583   -0.05730291  0.01497698   -0.17752346 -0.01348339
    2    1
 -0.18675075  0.01536874    0.03171016  0.07497583   -0.03171016 -0.07497583
  0.03171016  0.07497583   -0.17752346  0.01348339   -0.05730291 -0.01497698
 -0.03171016 -0.07497583   -0.05730291 -0.01497698   -0.17752346  0.01348339
    2    2
  0.27715902  0.00000000    0.00753027  0.00562415   -0.00753027 -0.00562415
  0.00753027 -0.00562415    0.27448166  0.00000000   -0.01137664  0.00000000
 -0.00753027  0.00562415   -0.01137664  0.00000000    0.27448166  0.00000000

     Dynamical  Matrix in cartesian axes

     q = (    0.375000000   0.375000000   0.125000000 ) 

    1    1
  0.27448166  0.00000000    0.01137664  0.00000000    0.00753027  0.00562415
  0.01137664  0.00000000    0.27448166  0.00000000    0.00753027  0.00562415
  0.00753027 -0.00562415    0.00753027 -0.00562415    0.27715902  0.00000000
    1    2
 -0.01348339  0.17752346   -0.01497698 -0.05730291   -0.07497583 -0.03171016
 -0.01497698 -0.05730291   -0.01348339  0.17752346   -0.07497583 -0.03171016
 -0.07497583 -0.03171016   -0.07497583 -0.03171016   -0.01536874  0.18675075
    2    1
 -0.01348339 -0.17752346   -0.01497698  0.05730291   -0.07497583  0.03171016
 -0.01497698  0.05730291   -0.01348339 -0.17752346   -0.07497583  0.03171016
 -0.07497583  0.03171016   -0.07497583  0.03171016   -0.01536874 -0.18675075
    2    2
  0.27448166  0.00000000    0.01137664  0.00000000    0.00753027 -0.00562415
  0.01137664  0.00000000    0.27448166  0.00000000    0.00753027 -0.00562415
  0.00753027  0.00562415    0.00753027  0.00562415    0.27715902  0.00000000

     Dynamical  Matrix in cartesian axes

     q = (    0.125000000  -0.375000000  -0.375000000 ) 

    1    1
  0.27715902  0.00000000   -0.00753027  0.00562415   -0.00753027  0.00562415
 -0.00753027 -0.00562415    0.27448166  0.00000000    0.01137664  0.00000000
 -0.00753027 -0.00562415    0.01137664  0.00000000    0.27448166  0.00000000
    1    2
 -0.12118538 -0.14292006   -0.07543839  0.03059345   -0.07543839  0.03059345
 -0.07543839  0.03059345   -0.11599385 -0.13506224    0.05110960  0.02992895
 -0.07543839  0.03059345    0.05110960  0.02992895   -0.11599385 -0.13506224
    2    1
 -0.12118538  0.14292006   -0.07543839 -0.03059345   -0.07543839 -0.03059345
 -0.07543839 -0.03059345   -0.11599385  0.13506224    0.05110960 -0.02992895
 -0.07543839 -0.03059345    0.05110960 -0.02992895   -0.11599385  0.13506224
    2    2
  0.27715902  0.00000000   -0.00753027 -0.00562415   -0.00753027 -0.00562415
 -0.00753027  0.00562415    0.27448166  0.00000000    0.01137664  0.00000000
 -0.00753027  0.00562415    0.01137664  0.00000000    0.27448166  0.00000000

     Dynamical  Matrix in cartesian axes

     q = (    0.375000000  -0.375000000  -0.125000000 ) 

    1    1
  0.27448166  0.00000000   -0.01137664  0.00000000   -0.00753027 -0.00562415
 -0.01137664  0.00000000    0.27448166  0.00000000    0.00753027  0.00562415
 -0.00753027  0.00562415    0.00753027 -0.00562415    0.27715902  0.00000000
    1    2
 -0.17752346 -0.01348339   -0.05730291  0.01497698   -0.03171016  0.07497583
 -0.05730291  0.01497698   -0.17752346 -0.01348339    0.03171016 -0.07497583
 -0.03171016  0.07497583    0.03171016 -0.07497583   -0.18675075 -0.01536874
    2    1
 -0.17752346  0.01348339   -0.05730291 -0.01497698   -0.03171016 -0.07497583
 -0.05730291 -0.01497698   -0.17752346  0.01348339    0.03171016  0.07497583
 -0.03171016 -0.07497583    0.03171016  0.07497583   -0.18675075  0.01536874
    2    2
  0.27448166  0.00000000   -0.01137664  0.00000000   -0.00753027  0.00562415
 -0.01137664  0.00000000    0.27448166  0.00000000    0.00753027 -0.00562415
 -0.00753027 -0.00562415    0.00753027  0.00562415    0.27715902  0.00000000

     Diagonalizing the dynamical matrix

     q = (    0.375000000  -0.125000000   0.375000000 ) 

 **************************************************************************
     omega( 1) =       3.457466 [THz] =     115.328637 [cm-1]
 (  0.355795 -0.351298  0.000000  0.000000 -0.355795  0.351298 ) 
 (  0.500000  0.000000  0.000000  0.000000 -0.500000  0.000000 ) 
     omega( 2) =       4.278798 [THz] =     142.725330 [cm-1]
 ( -0.228554 -0.027087 -0.606306  0.162640 -0.228554 -0.027087 ) 
 ( -0.230153  0.000000 -0.582951 -0.232866 -0.230153  0.000000 ) 
     omega( 3) =       7.555847 [THz] =     252.035932 [cm-1]
 ( -0.080392  0.429266 -0.090806 -0.332100 -0.080392  0.429266 ) 
 ( -0.436729  0.000000  0.309709  0.150387 -0.436729  0.000000 ) 
     omega( 4) =      13.631556 [THz] =     454.699776 [cm-1]
 ( -0.157391  0.446048 -0.130290 -0.188583 -0.157391  0.446048 ) 
 (  0.473002  0.000000 -0.134482 -0.185616  0.473002  0.000000 ) 
     omega( 5) =      14.509481 [THz] =     483.984174 [cm-1]
 (  0.355795 -0.351298  0.000000  0.000000 -0.355795  0.351298 ) 
 ( -0.500000  0.000000  0.000000  0.000000  0.500000  0.000000 ) 
     omega( 6) =      14.658233 [THz] =     488.946039 [cm-1]
 (  0.073509  0.164813  0.651509  0.101991  0.073509  0.164813 ) 
 ( -0.180463  0.000000 -0.358528 -0.553465 -0.180463  0.000000 ) 
 **************************************************************************
