Dynamical matrix file
                                                                           
  1    2  2 10.2000000  0.0000000  0.0000000  0.0000000  0.0000000  0.0000000
           1  'Si  '    25598.8229845270     
    1    1      0.0000000      0.0000000      0.0000000
    2    1      0.2500000      0.2500000      0.2500000

     Dynamical  Matrix in cartesian axes

     q = (   -0.250000000   0.250000000  -0.250000000 ) 

    1    1
  0.27943857  0.00000000   -0.01202998  0.00000000    0.01202998  0.00000000
 -0.01202998  0.00000000    0.27943857  0.00000000   -0.01202998  0.00000000
  0.01202998  0.00000000   -0.01202998  0.00000000    0.27943857  0.00000000
    1    2
 -0.20698978 -0.06044313   -0.04106517  0.04248000    0.04106517 -0.04248000
 -0.04106517  0.04248000   -0.20698978 -0.06044313   -0.04106517  0.04248000
  0.04106517 -0.04248000   -0.04106517  0.04248000   -0.20698978 -0.06044313
    2    1
 -0.20698978  0.06044313   -0.04106517 -0.04248000    0.04106517  0.04248000
 -0.04106517 -0.04248000   -0.20698978  0.06044313   -0.04106517 -0.04248000
  0.04106517  0.04248000   -0.04106517 -0.04248000   -0.20698978  0.06044313
    2    2
  0.27943857  0.00000000   -0.01202998  0.00000000    0.01202998  0.00000000
 -0.01202998  0.00000000    0.27943857  0.00000000   -0.01202998  0.00000000
  0.01202998  0.00000000   -0.01202998  0.00000000    0.27943857  0.00000000

     Dynamical  Matrix in cartesian axes

     q = (    0.250000000  -0.250000000  -0.250000000 ) 

    1    1
  0.27943857  0.00000000   -0.01202998  0.00000000   -0.01202998  0.00000000
 -0.01202998  0.00000000    0.27943857  0.00000000    0.01202998  0.00000000
 -0.01202998  0.00000000    0.01202998  0.00000000    0.27943857  0.00000000
    1    2
 -0.20698978 -0.06044313   -0.04106517  0.04248000   -0.04106517  0.04248000
 -0.04106517  0.04248000   -0.20698978 -0.06044313    0.04106517 -0.04248000
 -0.04106517  0.04248000    0.04106517 -0.04248000   -0.20698978 -0.06044313
    2    1
 -0.20698978  0.06044313   -0.04106517 -0.04248000   -0.04106517 -0.04248000
 -0.04106517 -0.04248000   -0.20698978  0.06044313    0.04106517  0.04248000
 -0.04106517 -0.04248000    0.04106517  0.04248000   -0.20698978  0.06044313
    2    2
  0.27943857  0.00000000   -0.01202998  0.00000000   -0.01202998  0.00000000
 -0.01202998  0.00000000    0.27943857  0.00000000    0.01202998  0.00000000
 -0.01202998  0.00000000    0.01202998  0.00000000    0.27943857  0.00000000

     Dynamical  Matrix in cartesian axes

     q = (    0.250000000  -0.250000000   0.250000000 ) 

    1    1
  0.27943857  0.00000000   -0.01202998  0.00000000    0.01202998  0.00000000
 -0.01202998  0.00000000    0.27943857  0.00000000   -0.01202998  0.00000000
  0.01202998  0.00000000   -0.01202998  0.00000000    0.27943857  0.00000000
    1    2
 -0.20698978  0.06044313   -0.04106517 -0.04248000    0.04106517  0.04248000
 -0.04106517 -0.04248000   -0.20698978  0.06044313   -0.04106517 -0.04248000
  0.04106517  0.04248000   -0.04106517 -0.04248000   -0.20698978  0.06044313
    2    1
 -0.20698978 -0.06044313   -0.04106517  0.04248000    0.04106517 -0.04248000
 -0.04106517  0.04248000   -0.20698978 -0.06044313   -0.04106517  0.04248000
  0.04106517 -0.04248000   -0.04106517  0.04248000   -0.20698978 -0.06044313
    2    2
  0.27943857  0.00000000   -0.01202998  0.00000000    0.01202998  0.00000000
 -0.01202998  0.00000000    0.27943857  0.00000000   -0.01202998  0.00000000
  0.01202998  0.00000000   -0.01202998  0.00000000    0.27943857  0.00000000

     Dynamical  Matrix in cartesian axes

     q = (   -0.250000000   0.250000000   0.250000000 ) 

    1    1
  0.27943857  0.00000000   -0.01202998  0.00000000   -0.01202998  0.00000000
 -0.01202998  0.00000000    0.27943857  0.00000000    0.01202998  0.00000000
 -0.01202998  0.00000000    0.01202998  0.00000000    0.27943857  0.00000000
    1    2
 -0.20698978  0.06044313   -0.04106517 -0.04248000   -0.04106517 -0.04248000
 -0.04106517 -0.04248000   -0.20698978  0.06044313    0.04106517  0.04248000
 -0.04106517 -0.04248000    0.04106517  0.04248000   -0.20698978  0.06044313
    2    1
 -0.20698978 -0.06044313   -0.04106517  0.04248000   -0.04106517  0.04248000
 -0.04106517  0.04248000   -0.20698978 -0.06044313    0.04106517 -0.04248000
 -0.04106517  0.04248000    0.04106517 -0.04248000   -0.20698978 -0.06044313
    2    2
  0.27943857  0.00000000   -0.01202998  0.00000000   -0.01202998  0.00000000
 -0.01202998  0.00000000    0.27943857  0.00000000    0.01202998  0.00000000
 -0.01202998  0.00000000    0.01202998  0.00000000    0.27943857  0.00000000

     Dynamical  Matrix in cartesian axes

     q = (    0.250000000   0.250000000  -0.250000000 ) 

    1    1
  0.27943857  0.00000000    0.01202998  0.00000000   -0.01202998  0.00000000
  0.01202998  0.00000000    0.27943857  0.00000000   -0.01202998  0.00000000
 -0.01202998  0.00000000   -0.01202998  0.00000000    0.27943857  0.00000000
    1    2
 -0.20698978  0.06044313    0.04106517  0.04248000   -0.04106517 -0.04248000
  0.04106517  0.04248000   -0.20698978  0.06044313   -0.04106517 -0.04248000
 -0.04106517 -0.04248000   -0.04106517 -0.04248000   -0.20698978  0.06044313
    2    1
 -0.20698978 -0.06044313    0.04106517 -0.04248000   -0.04106517  0.04248000
  0.04106517 -0.04248000   -0.20698978 -0.06044313   -0.04106517  0.04248000
 -0.04106517  0.04248000   -0.04106517  0.04248000   -0.20698978 -0.06044313
    2    2
  0.27943857  0.00000000    0.01202998  0.00000000   -0.01202998  0.00000000
  0.01202998  0.00000000    0.27943857  0.00000000   -0.01202998  0.00000000
 -0.01202998  0.00000000   -0.01202998  0.00000000    0.27943857  0.00000000

     Dynamical  Matrix in cartesian axes

     q = (   -0.250000000  -0.250000000  -0.250000000 ) 

    1    1
  0.27943857  0.00000000    0.01202998  0.00000000    0.01202998  0.00000000
  0.01202998  0.00000000    0.27943857  0.00000000    0.01202998  0.00000000
  0.01202998  0.00000000    0.01202998  0.00000000    0.27943857  0.00000000
    1    2
 -0.06044313 -0.20698978   -0.04248000  0.04106517   -0.04248000  0.04106517
 -0.04248000  0.04106517   -0.06044313 -0.20698978   -0.04248000  0.04106517
 -0.04248000  0.04106517   -0.04248000  0.04106517   -0.06044313 -0.20698978
    2    1
 -0.06044313  0.20698978   -0.04248000 -0.04106517   -0.04248000 -0.04106517
 -0.04248000 -0.04106517   -0.06044313  0.20698978   -0.04248000 -0.04106517
 -0.04248000 -0.04106517   -0.04248000 -0.04106517   -0.06044313  0.20698978
    2    2
  0.27943857  0.00000000    0.01202998  0.00000000    0.01202998  0.00000000
  0.01202998  0.00000000    0.27943857  0.00000000    0.01202998  0.00000000
  0.01202998  0.00000000    0.01202998  0.00000000    0.27943857  0.00000000

     Dynamical  Matrix in cartesian axes

     q = (   -0.250000000  -0.250000000   0.250000000 ) 

    1    1
  0.27943857  0.00000000    0.01202998  0.00000000   -0.01202998  0.00000000
  0.01202998  0.00000000    0.27943857  0.00000000   -0.01202998  0.00000000
 -0.01202998  0.00000000   -0.01202998  0.00000000    0.27943857  0.00000000
    1    2
 -0.20698978 -0.06044313    0.04106517 -0.04248000   -0.04106517  0.04248000
  0.04106517 -0.04248000   -0.20698978 -0.06044313   -0.04106517  0.04248000
 -0.04106517  0.04248000   -0.04106517  0.04248000   -0.20698978 -0.06044313
    2    1
 -0.20698978  0.06044313    0.04106517  0.04248000   -0.04106517 -0.04248000
  0.04106517  0.04248000   -0.20698978  0.06044313   -0.04106517 -0.04248000
 -0.04106517 -0.04248000   -0.04106517 -0.04248000   -0.20698978  0.06044313
    2    2
  0.27943857  0.00000000    0.01202998  0.00000000   -0.01202998  0.00000000
  0.01202998  0.00000000    0.27943857  0.00000000   -0.01202998  0.00000000
 -0.01202998  0.00000000   -0.01202998  0.00000000    0.27943857  0.00000000

     Dynamical  Matrix in cartesian axes

     q = (    0.250000000   0.250000000   0.250000000 ) 

    1    1
  0.27943857  0.00000000    0.01202998  0.00000000    0.01202998  0.00000000
  0.01202998  0.00000000    0.27943857  0.00000000    0.01202998  0.00000000
  0.01202998  0.00000000    0.01202998  0.00000000    0.27943857  0.00000000
    1    2
 -0.06044313  0.20698978   -0.04248000 -0.04106517   -0.04248000 -0.04106517
 -0.04248000 -0.04106517   -0.06044313  0.20698978   -0.04248000 -0.04106517
 -0.04248000 -0.04106517   -0.04248000 -0.04106517   -0.06044313  0.20698978
    2    1
 -0.06044313 -0.20698978   -0.04248000  0.04106517   -0.04248000  0.04106517
 -0.04248000  0.04106517   -0.06044313 -0.20698978   -0.04248000  0.04106517
 -0.04248000  0.04106517   -0.04248000  0.04106517   -0.06044313 -0.20698978
    2    2
  0.27943857  0.00000000    0.01202998  0.00000000    0.01202998  0.00000000
  0.01202998  0.00000000    0.27943857  0.00000000    0.01202998  0.00000000
  0.01202998  0.00000000    0.01202998  0.00000000    0.27943857  0.00000000

     Diagonalizing the dynamical matrix

     q = (   -0.250000000   0.250000000  -0.250000000 ) 

 **************************************************************************
     omega( 1) =       2.812116 [THz] =      93.802089 [cm-1]
 ( -0.094732  0.025718  0.442627  0.064632  0.537359  0.038913 ) 
 ( -0.092627  0.032493  0.446139  0.032493  0.538766  0.000000 ) 
     omega( 2) =       2.812116 [THz] =      93.802089 [cm-1]
 ( -0.555093 -0.124778 -0.348115 -0.109789  0.206978  0.014989 ) 
 ( -0.562655 -0.084360 -0.355135 -0.084360  0.207520  0.000000 ) 
     omega( 3) =       6.876523 [THz] =     229.376109 [cm-1]
 (  0.265965  0.309725 -0.265965 -0.309725  0.265965  0.309725 ) 
 (  0.408248  0.000000 -0.408248  0.000000  0.408248  0.000000 ) 
     omega( 4) =      14.468894 [THz] =     482.630355 [cm-1]
 (  0.265965  0.309725 -0.265965 -0.309725  0.265965  0.309725 ) 
 ( -0.408248  0.000000  0.408248  0.000000 -0.408248  0.000000 ) 
     omega( 5) =      14.771938 [THz] =     492.738810 [cm-1]
 ( -0.469603  0.030814  0.049944  0.068437  0.519548  0.037624 ) 
 (  0.466151 -0.064651 -0.054757 -0.064651 -0.520908  0.000000 ) 
     omega( 6) =      14.771938 [THz] =     492.738810 [cm-1]
 ( -0.314847  0.112819 -0.563171  0.094836 -0.248324 -0.017983 ) 
 (  0.305876 -0.135264  0.554850 -0.135264  0.248974  0.000000 ) 
 **************************************************************************
