Dynamical matrix file
                                                                           
  1    2  2 10.2000000  0.0000000  0.0000000  0.0000000  0.0000000  0.0000000
           1  'Si  '    25598.8229845270     
    1    1      0.0000000      0.0000000      0.0000000
    2    1      0.2500000      0.2500000      0.2500000

     Dynamical  Matrix in cartesian axes

     q = (   -0.250000000   0.500000000   0.000000000 ) 

    1    1
  0.25753010  0.00000000   -0.00762838  0.00000000    0.00000000  0.00154066
 -0.00762838  0.00000000    0.29518326  0.00000000    0.00000000 -0.00990416
  0.00000000 -0.00154066    0.00000000  0.00990416    0.26488644  0.00000000
    1    2
 -0.15094994  0.06252551   -0.04341443  0.01798285   -0.04549494 -0.10983449
 -0.04341443  0.01798285   -0.15955732  0.06609081    0.01814053  0.04379512
 -0.04549494 -0.10983449    0.01814053  0.04379512   -0.15779814  0.06536213
    2    1
 -0.15094994 -0.06252551   -0.04341443 -0.01798285   -0.04549494  0.10983449
 -0.04341443 -0.01798285   -0.15955732 -0.06609081    0.01814053 -0.04379512
 -0.04549494  0.10983449    0.01814053 -0.04379512   -0.15779814 -0.06536213
    2    2
  0.25753010  0.00000000   -0.00762838  0.00000000    0.00000000 -0.00154066
 -0.00762838  0.00000000    0.29518326  0.00000000    0.00000000  0.00990416
  0.00000000  0.00154066    0.00000000 -0.00990416    0.26488644  0.00000000

     Dynamical  Matrix in cartesian axes

     q = (    0.000000000  -0.500000000  -0.250000000 ) 

    1    1
  0.26488644  0.00000000    0.00000000  0.00990416    0.00000000  0.00154066
  0.00000000 -0.00990416    0.29518326  0.00000000    0.00762838  0.00000000
  0.00000000 -0.00154066    0.00762838  0.00000000    0.25753010  0.00000000
    1    2
 -0.06536213 -0.15779814   -0.04379512  0.01814053   -0.10983449  0.04549494
 -0.04379512  0.01814053   -0.06609081 -0.15955732    0.01798285  0.04341443
 -0.10983449  0.04549494    0.01798285  0.04341443   -0.06252551 -0.15094994
    2    1
 -0.06536213  0.15779814   -0.04379512 -0.01814053   -0.10983449 -0.04549494
 -0.04379512 -0.01814053   -0.06609081  0.15955732    0.01798285 -0.04341443
 -0.10983449 -0.04549494    0.01798285 -0.04341443   -0.06252551  0.15094994
    2    2
  0.26488644  0.00000000    0.00000000 -0.00990416    0.00000000 -0.00154066
  0.00000000  0.00990416    0.29518326  0.00000000    0.00762838  0.00000000
  0.00000000  0.00154066    0.00762838  0.00000000    0.25753010  0.00000000

     Dynamical  Matrix in cartesian axes

     q = (   -0.250000000  -0.500000000   0.000000000 ) 

    1    1
  0.25753010  0.00000000    0.00762838  0.00000000    0.00000000 -0.00154066
  0.00762838  0.00000000    0.29518326  0.00000000    0.00000000 -0.00990416
  0.00000000  0.00154066    0.00000000  0.00990416    0.26488644  0.00000000
    1    2
 -0.06252551 -0.15094994    0.01798285  0.04341443   -0.10983449  0.04549494
  0.01798285  0.04341443   -0.06609081 -0.15955732   -0.04379512  0.01814053
 -0.10983449  0.04549494   -0.04379512  0.01814053   -0.06536213 -0.15779814
    2    1
 -0.06252551  0.15094994    0.01798285 -0.04341443   -0.10983449 -0.04549494
  0.01798285 -0.04341443   -0.06609081  0.15955732   -0.04379512 -0.01814053
 -0.10983449 -0.04549494   -0.04379512 -0.01814053   -0.06536213  0.15779814
    2    2
  0.25753010  0.00000000    0.00762838  0.00000000    0.00000000  0.00154066
  0.00762838  0.00000000    0.29518326  0.00000000    0.00000000  0.00990416
  0.00000000 -0.00154066    0.00000000 -0.00990416    0.26488644  0.00000000

     Dynamical  Matrix in cartesian axes

     q = (    0.000000000   0.500000000   0.250000000 ) 

    1    1
  0.26488644  0.00000000    0.00000000 -0.00990416    0.00000000 -0.00154066
  0.00000000  0.00990416    0.29518326  0.00000000    0.00762838  0.00000000
  0.00000000  0.00154066    0.00762838  0.00000000    0.25753010  0.00000000
    1    2
 -0.06536213  0.15779814   -0.04379512 -0.01814053   -0.10983449 -0.04549494
 -0.04379512 -0.01814053   -0.06609081  0.15955732    0.01798285 -0.04341443
 -0.10983449 -0.04549494    0.01798285 -0.04341443   -0.06252551  0.15094994
    2    1
 -0.06536213 -0.15779814   -0.04379512  0.01814053   -0.10983449  0.04549494
 -0.04379512  0.01814053   -0.06609081 -0.15955732    0.01798285  0.04341443
 -0.10983449  0.04549494    0.01798285  0.04341443   -0.06252551 -0.15094994
    2    2
  0.26488644  0.00000000    0.00000000  0.00990416    0.00000000  0.00154066
  0.00000000 -0.00990416    0.29518326  0.00000000    0.00762838  0.00000000
  0.00000000 -0.00154066    0.00762838  0.00000000    0.25753010  0.00000000

     Dynamical  Matrix in cartesian axes

     q = (    0.000000000   0.500000000  -0.250000000 ) 

    1    1
  0.26488644  0.00000000    0.00000000  0.00990416    0.00000000 -0.00154066
  0.00000000 -0.00990416    0.29518326  0.00000000   -0.00762838  0.00000000
  0.00000000  0.00154066   -0.00762838  0.00000000    0.25753010  0.00000000
    1    2
 -0.15779814  0.06536213    0.01814053  0.04379512   -0.04549494 -0.10983449
  0.01814053  0.04379512   -0.15955732  0.06609081   -0.04341443  0.01798285
 -0.04549494 -0.10983449   -0.04341443  0.01798285   -0.15094994  0.06252551
    2    1
 -0.15779814 -0.06536213    0.01814053 -0.04379512   -0.04549494  0.10983449
  0.01814053 -0.04379512   -0.15955732 -0.06609081   -0.04341443 -0.01798285
 -0.04549494  0.10983449   -0.04341443 -0.01798285   -0.15094994 -0.06252551
    2    2
  0.26488644  0.00000000    0.00000000 -0.00990416    0.00000000  0.00154066
  0.00000000  0.00990416    0.29518326  0.00000000   -0.00762838  0.00000000
  0.00000000 -0.00154066   -0.00762838  0.00000000    0.25753010  0.00000000

     Dynamical  Matrix in cartesian axes

     q = (    0.250000000   0.500000000   0.000000000 ) 

    1    1
  0.25753010  0.00000000    0.00762838  0.00000000    0.00000000  0.00154066
  0.00762838  0.00000000    0.29518326  0.00000000    0.00000000  0.00990416
  0.00000000 -0.00154066    0.00000000 -0.00990416    0.26488644  0.00000000
    1    2
 -0.06252551  0.15094994    0.01798285 -0.04341443   -0.10983449 -0.04549494
  0.01798285 -0.04341443   -0.06609081  0.15955732   -0.04379512 -0.01814053
 -0.10983449 -0.04549494   -0.04379512 -0.01814053   -0.06536213  0.15779814
    2    1
 -0.06252551 -0.15094994    0.01798285  0.04341443   -0.10983449  0.04549494
  0.01798285  0.04341443   -0.06609081 -0.15955732   -0.04379512  0.01814053
 -0.10983449  0.04549494   -0.04379512  0.01814053   -0.06536213 -0.15779814
    2    2
  0.25753010  0.00000000    0.00762838  0.00000000    0.00000000 -0.00154066
  0.00762838  0.00000000    0.29518326  0.00000000    0.00000000 -0.00990416
  0.00000000  0.00154066    0.00000000  0.00990416    0.26488644  0.00000000

     Dynamical  Matrix in cartesian axes

     q = (    0.000000000  -0.500000000   0.250000000 ) 

    1    1
  0.26488644  0.00000000    0.00000000 -0.00990416    0.00000000  0.00154066
  0.00000000  0.00990416    0.29518326  0.00000000   -0.00762838  0.00000000
  0.00000000 -0.00154066   -0.00762838  0.00000000    0.25753010  0.00000000
    1    2
 -0.15779814 -0.06536213    0.01814053 -0.04379512   -0.04549494  0.10983449
  0.01814053 -0.04379512   -0.15955732 -0.06609081   -0.04341443 -0.01798285
 -0.04549494  0.10983449   -0.04341443 -0.01798285   -0.15094994 -0.06252551
    2    1
 -0.15779814  0.06536213    0.01814053  0.04379512   -0.04549494 -0.10983449
  0.01814053  0.04379512   -0.15955732  0.06609081   -0.04341443  0.01798285
 -0.04549494 -0.10983449   -0.04341443  0.01798285   -0.15094994  0.06252551
    2    2
  0.26488644  0.00000000    0.00000000  0.00990416    0.00000000 -0.00154066
  0.00000000 -0.00990416    0.29518326  0.00000000   -0.00762838  0.00000000
  0.00000000  0.00154066   -0.00762838  0.00000000    0.25753010  0.00000000

     Dynamical  Matrix in cartesian axes

     q = (    0.250000000  -0.500000000   0.000000000 ) 

    1    1
  0.25753010  0.00000000   -0.00762838  0.00000000    0.00000000 -0.00154066
 -0.00762838  0.00000000    0.29518326  0.00000000    0.00000000  0.00990416
  0.00000000  0.00154066    0.00000000 -0.00990416    0.26488644  0.00000000
    1    2
 -0.15094994 -0.06252551   -0.04341443 -0.01798285   -0.04549494  0.10983449
 -0.04341443 -0.01798285   -0.15955732 -0.06609081    0.01814053 -0.04379512
 -0.04549494  0.10983449    0.01814053 -0.04379512   -0.15779814 -0.06536213
    2    1
 -0.15094994  0.06252551   -0.04341443  0.01798285   -0.04549494 -0.10983449
 -0.04341443  0.01798285   -0.15955732  0.06609081    0.01814053  0.04379512
 -0.04549494 -0.10983449    0.01814053  0.04379512   -0.15779814  0.06536213
    2    2
  0.25753010  0.00000000   -0.00762838  0.00000000    0.00000000  0.00154066
 -0.00762838  0.00000000    0.29518326  0.00000000    0.00000000 -0.00990416
  0.00000000 -0.00154066    0.00000000  0.00990416    0.26488644  0.00000000

     Dynamical  Matrix in cartesian axes

     q = (    0.500000000   0.000000000  -0.250000000 ) 

    1    1
  0.29518326  0.00000000    0.00000000 -0.00990416   -0.00762838  0.00000000
  0.00000000  0.00990416    0.26488644  0.00000000    0.00000000 -0.00154066
 -0.00762838  0.00000000    0.00000000  0.00154066    0.25753010  0.00000000
    1    2
 -0.15955732  0.06609081    0.01814053  0.04379512   -0.04341443  0.01798285
  0.01814053  0.04379512   -0.15779814  0.06536213   -0.04549494 -0.10983449
 -0.04341443  0.01798285   -0.04549494 -0.10983449   -0.15094994  0.06252551
    2    1
 -0.15955732 -0.06609081    0.01814053 -0.04379512   -0.04341443 -0.01798285
  0.01814053 -0.04379512   -0.15779814 -0.06536213   -0.04549494  0.10983449
 -0.04341443 -0.01798285   -0.04549494  0.10983449   -0.15094994 -0.06252551
    2    2
  0.29518326  0.00000000    0.00000000  0.00990416   -0.00762838  0.00000000
  0.00000000 -0.00990416    0.26488644  0.00000000    0.00000000  0.00154066
 -0.00762838  0.00000000    0.00000000 -0.00154066    0.25753010  0.00000000

     Dynamical  Matrix in cartesian axes

     q = (   -0.500000000   0.000000000   0.250000000 ) 

    1    1
  0.29518326  0.00000000    0.00000000  0.00990416   -0.00762838  0.00000000
  0.00000000 -0.00990416    0.26488644  0.00000000    0.00000000  0.00154066
 -0.00762838  0.00000000    0.00000000 -0.00154066    0.25753010  0.00000000
    1    2
 -0.15955732 -0.06609081    0.01814053 -0.04379512   -0.04341443 -0.01798285
  0.01814053 -0.04379512   -0.15779814 -0.06536213   -0.04549494  0.10983449
 -0.04341443 -0.01798285   -0.04549494  0.10983449   -0.15094994 -0.06252551
    2    1
 -0.15955732  0.06609081    0.01814053  0.04379512   -0.04341443  0.01798285
  0.01814053  0.04379512   -0.15779814  0.06536213   -0.04549494 -0.10983449
 -0.04341443  0.01798285   -0.04549494 -0.10983449   -0.15094994  0.06252551
    2    2
  0.29518326  0.00000000    0.00000000 -0.00990416   -0.00762838  0.00000000
  0.00000000  0.00990416    0.26488644  0.00000000    0.00000000 -0.00154066
 -0.00762838  0.00000000    0.00000000  0.00154066    0.25753010  0.00000000

     Dynamical  Matrix in cartesian axes

     q = (    0.500000000   0.000000000   0.250000000 ) 

    1    1
  0.29518326  0.00000000    0.00000000  0.00990416    0.00762838  0.00000000
  0.00000000 -0.00990416    0.26488644  0.00000000    0.00000000 -0.00154066
  0.00762838  0.00000000    0.00000000  0.00154066    0.25753010  0.00000000
    1    2
 -0.06609081  0.15955732   -0.04379512 -0.01814053    0.01798285 -0.04341443
 -0.04379512 -0.01814053   -0.06536213  0.15779814   -0.10983449 -0.04549494
  0.01798285 -0.04341443   -0.10983449 -0.04549494   -0.06252551  0.15094994
    2    1
 -0.06609081 -0.15955732   -0.04379512  0.01814053    0.01798285  0.04341443
 -0.04379512  0.01814053   -0.06536213 -0.15779814   -0.10983449  0.04549494
  0.01798285  0.04341443   -0.10983449  0.04549494   -0.06252551 -0.15094994
    2    2
  0.29518326  0.00000000    0.00000000 -0.00990416    0.00762838  0.00000000
  0.00000000  0.00990416    0.26488644  0.00000000    0.00000000  0.00154066
  0.00762838  0.00000000    0.00000000 -0.00154066    0.25753010  0.00000000

     Dynamical  Matrix in cartesian axes

     q = (    0.500000000  -0.250000000   0.000000000 ) 

    1    1
  0.29518326  0.00000000   -0.00762838  0.00000000    0.00000000 -0.00990416
 -0.00762838  0.00000000    0.25753010  0.00000000    0.00000000  0.00154066
  0.00000000  0.00990416    0.00000000 -0.00154066    0.26488644  0.00000000
    1    2
 -0.15955732  0.06609081   -0.04341443  0.01798285    0.01814053  0.04379512
 -0.04341443  0.01798285   -0.15094994  0.06252551   -0.04549494 -0.10983449
  0.01814053  0.04379512   -0.04549494 -0.10983449   -0.15779814  0.06536213
    2    1
 -0.15955732 -0.06609081   -0.04341443 -0.01798285    0.01814053 -0.04379512
 -0.04341443 -0.01798285   -0.15094994 -0.06252551   -0.04549494  0.10983449
  0.01814053 -0.04379512   -0.04549494  0.10983449   -0.15779814 -0.06536213
    2    2
  0.29518326  0.00000000   -0.00762838  0.00000000    0.00000000  0.00990416
 -0.00762838  0.00000000    0.25753010  0.00000000    0.00000000 -0.00154066
  0.00000000 -0.00990416    0.00000000  0.00154066    0.26488644  0.00000000

     Dynamical  Matrix in cartesian axes

     q = (    0.000000000  -0.250000000   0.500000000 ) 

    1    1
  0.26488644  0.00000000    0.00000000 -0.00154066    0.00000000  0.00990416
  0.00000000  0.00154066    0.25753010  0.00000000   -0.00762838  0.00000000
  0.00000000 -0.00990416   -0.00762838  0.00000000    0.29518326  0.00000000
    1    2
 -0.15779814  0.06536213   -0.04549494 -0.10983449    0.01814053  0.04379512
 -0.04549494 -0.10983449   -0.15094994  0.06252551   -0.04341443  0.01798285
  0.01814053  0.04379512   -0.04341443  0.01798285   -0.15955732  0.06609081
    2    1
 -0.15779814 -0.06536213   -0.04549494  0.10983449    0.01814053 -0.04379512
 -0.04549494  0.10983449   -0.15094994 -0.06252551   -0.04341443 -0.01798285
  0.01814053 -0.04379512   -0.04341443 -0.01798285   -0.15955732 -0.06609081
    2    2
  0.26488644  0.00000000    0.00000000  0.00154066    0.00000000 -0.00990416
  0.00000000 -0.00154066    0.25753010  0.00000000   -0.00762838  0.00000000
  0.00000000  0.00990416   -0.00762838  0.00000000    0.29518326  0.00000000

     Dynamical  Matrix in cartesian axes

     q = (    0.000000000   0.250000000   0.500000000 ) 

    1    1
  0.26488644  0.00000000    0.00000000 -0.00154066    0.00000000 -0.00990416
  0.00000000  0.00154066    0.25753010  0.00000000    0.00762838  0.00000000
  0.00000000  0.00990416    0.00762838  0.00000000    0.29518326  0.00000000
    1    2
 -0.06536213  0.15779814   -0.10983449 -0.04549494   -0.04379512 -0.01814053
 -0.10983449 -0.04549494   -0.06252551  0.15094994    0.01798285 -0.04341443
 -0.04379512 -0.01814053    0.01798285 -0.04341443   -0.06609081  0.15955732
    2    1
 -0.06536213 -0.15779814   -0.10983449  0.04549494   -0.04379512  0.01814053
 -0.10983449  0.04549494   -0.06252551 -0.15094994    0.01798285  0.04341443
 -0.04379512  0.01814053    0.01798285  0.04341443   -0.06609081 -0.15955732
    2    2
  0.26488644  0.00000000    0.00000000  0.00154066    0.00000000  0.00990416
  0.00000000 -0.00154066    0.25753010  0.00000000    0.00762838  0.00000000
  0.00000000 -0.00990416    0.00762838  0.00000000    0.29518326  0.00000000

     Dynamical  Matrix in cartesian axes

     q = (    0.000000000  -0.250000000  -0.500000000 ) 

    1    1
  0.26488644  0.00000000    0.00000000  0.00154066    0.00000000  0.00990416
  0.00000000 -0.00154066    0.25753010  0.00000000    0.00762838  0.00000000
  0.00000000 -0.00990416    0.00762838  0.00000000    0.29518326  0.00000000
    1    2
 -0.06536213 -0.15779814   -0.10983449  0.04549494   -0.04379512  0.01814053
 -0.10983449  0.04549494   -0.06252551 -0.15094994    0.01798285  0.04341443
 -0.04379512  0.01814053    0.01798285  0.04341443   -0.06609081 -0.15955732
    2    1
 -0.06536213  0.15779814   -0.10983449 -0.04549494   -0.04379512 -0.01814053
 -0.10983449 -0.04549494   -0.06252551  0.15094994    0.01798285 -0.04341443
 -0.04379512 -0.01814053    0.01798285 -0.04341443   -0.06609081  0.15955732
    2    2
  0.26488644  0.00000000    0.00000000 -0.00154066    0.00000000 -0.00990416
  0.00000000  0.00154066    0.25753010  0.00000000    0.00762838  0.00000000
  0.00000000  0.00990416    0.00762838  0.00000000    0.29518326  0.00000000

     Dynamical  Matrix in cartesian axes

     q = (   -0.500000000   0.250000000   0.000000000 ) 

    1    1
  0.29518326  0.00000000   -0.00762838  0.00000000    0.00000000  0.00990416
 -0.00762838  0.00000000    0.25753010  0.00000000    0.00000000 -0.00154066
  0.00000000 -0.00990416    0.00000000  0.00154066    0.26488644  0.00000000
    1    2
 -0.15955732 -0.06609081   -0.04341443 -0.01798285    0.01814053 -0.04379512
 -0.04341443 -0.01798285   -0.15094994 -0.06252551   -0.04549494  0.10983449
  0.01814053 -0.04379512   -0.04549494  0.10983449   -0.15779814 -0.06536213
    2    1
 -0.15955732  0.06609081   -0.04341443  0.01798285    0.01814053  0.04379512
 -0.04341443  0.01798285   -0.15094994  0.06252551   -0.04549494 -0.10983449
  0.01814053  0.04379512   -0.04549494 -0.10983449   -0.15779814  0.06536213
    2    2
  0.29518326  0.00000000   -0.00762838  0.00000000    0.00000000 -0.00990416
 -0.00762838  0.00000000    0.25753010  0.00000000    0.00000000  0.00154066
  0.00000000  0.00990416    0.00000000 -0.00154066    0.26488644  0.00000000

     Dynamical  Matrix in cartesian axes

     q = (   -0.500000000   0.000000000  -0.250000000 ) 

    1    1
  0.29518326  0.00000000    0.00000000 -0.00990416    0.00762838  0.00000000
  0.00000000  0.00990416    0.26488644  0.00000000    0.00000000  0.00154066
  0.00762838  0.00000000    0.00000000 -0.00154066    0.25753010  0.00000000
    1    2
 -0.06609081 -0.15955732   -0.04379512  0.01814053    0.01798285  0.04341443
 -0.04379512  0.01814053   -0.06536213 -0.15779814   -0.10983449  0.04549494
  0.01798285  0.04341443   -0.10983449  0.04549494   -0.06252551 -0.15094994
    2    1
 -0.06609081  0.15955732   -0.04379512 -0.01814053    0.01798285 -0.04341443
 -0.04379512 -0.01814053   -0.06536213  0.15779814   -0.10983449 -0.04549494
  0.01798285 -0.04341443   -0.10983449 -0.04549494   -0.06252551  0.15094994
    2    2
  0.29518326  0.00000000    0.00000000  0.00990416    0.00762838  0.00000000
  0.00000000 -0.00990416    0.26488644  0.00000000    0.00000000 -0.00154066
  0.00762838  0.00000000    0.00000000  0.00154066    0.25753010  0.00000000

     Dynamical  Matrix in cartesian axes

     q = (   -0.250000000   0.000000000  -0.500000000 ) 

    1    1
  0.25753010  0.00000000    0.00000000 -0.00154066    0.00762838  0.00000000
  0.00000000  0.00154066    0.26488644  0.00000000    0.00000000  0.00990416
  0.00762838  0.00000000    0.00000000 -0.00990416    0.29518326  0.00000000
    1    2
 -0.06252551 -0.15094994   -0.10983449  0.04549494    0.01798285  0.04341443
 -0.10983449  0.04549494   -0.06536213 -0.15779814   -0.04379512  0.01814053
  0.01798285  0.04341443   -0.04379512  0.01814053   -0.06609081 -0.15955732
    2    1
 -0.06252551  0.15094994   -0.10983449 -0.04549494    0.01798285 -0.04341443
 -0.10983449 -0.04549494   -0.06536213  0.15779814   -0.04379512 -0.01814053
  0.01798285 -0.04341443   -0.04379512 -0.01814053   -0.06609081  0.15955732
    2    2
  0.25753010  0.00000000    0.00000000  0.00154066    0.00762838  0.00000000
  0.00000000 -0.00154066    0.26488644  0.00000000    0.00000000 -0.00990416
  0.00762838  0.00000000    0.00000000  0.00990416    0.29518326  0.00000000

     Dynamical  Matrix in cartesian axes

     q = (   -0.500000000  -0.250000000   0.000000000 ) 

    1    1
  0.29518326  0.00000000    0.00762838  0.00000000    0.00000000 -0.00990416
  0.00762838  0.00000000    0.25753010  0.00000000    0.00000000 -0.00154066
  0.00000000  0.00990416    0.00000000  0.00154066    0.26488644  0.00000000
    1    2
 -0.06609081 -0.15955732    0.01798285  0.04341443   -0.04379512  0.01814053
  0.01798285  0.04341443   -0.06252551 -0.15094994   -0.10983449  0.04549494
 -0.04379512  0.01814053   -0.10983449  0.04549494   -0.06536213 -0.15779814
    2    1
 -0.06609081  0.15955732    0.01798285 -0.04341443   -0.04379512 -0.01814053
  0.01798285 -0.04341443   -0.06252551  0.15094994   -0.10983449 -0.04549494
 -0.04379512 -0.01814053   -0.10983449 -0.04549494   -0.06536213  0.15779814
    2    2
  0.29518326  0.00000000    0.00762838  0.00000000    0.00000000  0.00990416
  0.00762838  0.00000000    0.25753010  0.00000000    0.00000000  0.00154066
  0.00000000 -0.00990416    0.00000000 -0.00154066    0.26488644  0.00000000

     Dynamical  Matrix in cartesian axes

     q = (    0.500000000   0.250000000   0.000000000 ) 

    1    1
  0.29518326  0.00000000    0.00762838  0.00000000    0.00000000  0.00990416
  0.00762838  0.00000000    0.25753010  0.00000000    0.00000000  0.00154066
  0.00000000 -0.00990416    0.00000000 -0.00154066    0.26488644  0.00000000
    1    2
 -0.06609081  0.15955732    0.01798285 -0.04341443   -0.04379512 -0.01814053
  0.01798285 -0.04341443   -0.06252551  0.15094994   -0.10983449 -0.04549494
 -0.04379512 -0.01814053   -0.10983449 -0.04549494   -0.06536213  0.15779814
    2    1
 -0.06609081 -0.15955732    0.01798285  0.04341443   -0.04379512  0.01814053
  0.01798285  0.04341443   -0.06252551 -0.15094994   -0.10983449  0.04549494
 -0.04379512  0.01814053   -0.10983449  0.04549494   -0.06536213 -0.15779814
    2    2
  0.29518326  0.00000000    0.00762838  0.00000000    0.00000000 -0.00990416
  0.00762838  0.00000000    0.25753010  0.00000000    0.00000000 -0.00154066
  0.00000000  0.00990416    0.00000000  0.00154066    0.26488644  0.00000000

     Dynamical  Matrix in cartesian axes

     q = (    0.250000000   0.000000000  -0.500000000 ) 

    1    1
  0.25753010  0.00000000    0.00000000 -0.00154066   -0.00762838  0.00000000
  0.00000000  0.00154066    0.26488644  0.00000000    0.00000000 -0.00990416
 -0.00762838  0.00000000    0.00000000  0.00990416    0.29518326  0.00000000
    1    2
 -0.15094994 -0.06252551   -0.04549494  0.10983449   -0.04341443 -0.01798285
 -0.04549494  0.10983449   -0.15779814 -0.06536213    0.01814053 -0.04379512
 -0.04341443 -0.01798285    0.01814053 -0.04379512   -0.15955732 -0.06609081
    2    1
 -0.15094994  0.06252551   -0.04549494 -0.10983449   -0.04341443  0.01798285
 -0.04549494 -0.10983449   -0.15779814  0.06536213    0.01814053  0.04379512
 -0.04341443  0.01798285    0.01814053  0.04379512   -0.15955732  0.06609081
    2    2
  0.25753010  0.00000000    0.00000000  0.00154066   -0.00762838  0.00000000
  0.00000000 -0.00154066    0.26488644  0.00000000    0.00000000  0.00990416
 -0.00762838  0.00000000    0.00000000 -0.00990416    0.29518326  0.00000000

     Dynamical  Matrix in cartesian axes

     q = (    0.000000000   0.250000000  -0.500000000 ) 

    1    1
  0.26488644  0.00000000    0.00000000  0.00154066    0.00000000 -0.00990416
  0.00000000 -0.00154066    0.25753010  0.00000000   -0.00762838  0.00000000
  0.00000000  0.00990416   -0.00762838  0.00000000    0.29518326  0.00000000
    1    2
 -0.15779814 -0.06536213   -0.04549494  0.10983449    0.01814053 -0.04379512
 -0.04549494  0.10983449   -0.15094994 -0.06252551   -0.04341443 -0.01798285
  0.01814053 -0.04379512   -0.04341443 -0.01798285   -0.15955732 -0.06609081
    2    1
 -0.15779814  0.06536213   -0.04549494 -0.10983449    0.01814053  0.04379512
 -0.04549494 -0.10983449   -0.15094994  0.06252551   -0.04341443  0.01798285
  0.01814053  0.04379512   -0.04341443  0.01798285   -0.15955732  0.06609081
    2    2
  0.26488644  0.00000000    0.00000000 -0.00154066    0.00000000  0.00990416
  0.00000000  0.00154066    0.25753010  0.00000000   -0.00762838  0.00000000
  0.00000000 -0.00990416   -0.00762838  0.00000000    0.29518326  0.00000000

     Dynamical  Matrix in cartesian axes

     q = (   -0.250000000   0.000000000   0.500000000 ) 

    1    1
  0.25753010  0.00000000    0.00000000  0.00154066   -0.00762838  0.00000000
  0.00000000 -0.00154066    0.26488644  0.00000000    0.00000000  0.00990416
 -0.00762838  0.00000000    0.00000000 -0.00990416    0.29518326  0.00000000
    1    2
 -0.15094994  0.06252551   -0.04549494 -0.10983449   -0.04341443  0.01798285
 -0.04549494 -0.10983449   -0.15779814  0.06536213    0.01814053  0.04379512
 -0.04341443  0.01798285    0.01814053  0.04379512   -0.15955732  0.06609081
    2    1
 -0.15094994 -0.06252551   -0.04549494  0.10983449   -0.04341443 -0.01798285
 -0.04549494  0.10983449   -0.15779814 -0.06536213    0.01814053 -0.04379512
 -0.04341443 -0.01798285    0.01814053 -0.04379512   -0.15955732 -0.06609081
    2    2
  0.25753010  0.00000000    0.00000000 -0.00154066   -0.00762838  0.00000000
  0.00000000  0.00154066    0.26488644  0.00000000    0.00000000 -0.00990416
 -0.00762838  0.00000000    0.00000000  0.00990416    0.29518326  0.00000000

     Dynamical  Matrix in cartesian axes

     q = (    0.250000000   0.000000000   0.500000000 ) 

    1    1
  0.25753010  0.00000000    0.00000000  0.00154066    0.00762838  0.00000000
  0.00000000 -0.00154066    0.26488644  0.00000000    0.00000000 -0.00990416
  0.00762838  0.00000000    0.00000000  0.00990416    0.29518326  0.00000000
    1    2
 -0.06252551  0.15094994   -0.10983449 -0.04549494    0.01798285 -0.04341443
 -0.10983449 -0.04549494   -0.06536213  0.15779814   -0.04379512 -0.01814053
  0.01798285 -0.04341443   -0.04379512 -0.01814053   -0.06609081  0.15955732
    2    1
 -0.06252551 -0.15094994   -0.10983449  0.04549494    0.01798285  0.04341443
 -0.10983449  0.04549494   -0.06536213 -0.15779814   -0.04379512  0.01814053
  0.01798285  0.04341443   -0.04379512  0.01814053   -0.06609081 -0.15955732
    2    2
  0.25753010  0.00000000    0.00000000 -0.00154066    0.00762838  0.00000000
  0.00000000  0.00154066    0.26488644  0.00000000    0.00000000  0.00990416
  0.00762838  0.00000000    0.00000000 -0.00990416    0.29518326  0.00000000

     Diagonalizing the dynamical matrix

     q = (   -0.250000000   0.500000000   0.000000000 ) 

 **************************************************************************
     omega( 1) =       4.067098 [THz] =     135.663793 [cm-1]
 (  0.237367  0.573055  0.117672  0.284084 -0.132967  0.055077 ) 
 (  0.000000  0.620271  0.000000  0.307491  0.143923  0.000000 ) 
     omega( 2) =       4.635829 [THz] =     154.634616 [cm-1]
 ( -0.084232 -0.203354  0.030904  0.074610 -0.616326  0.255290 ) 
 (  0.000000  0.220109  0.000000 -0.080757 -0.667106  0.000000 ) 
     omega( 3) =       7.279957 [THz] =     242.833238 [cm-1]
 (  0.098900  0.238767 -0.238040 -0.574679 -0.198775  0.082335 ) 
 (  0.000000  0.258439  0.000000 -0.622028  0.215153  0.000000 ) 
     omega( 4) =      13.626852 [THz] =     454.542850 [cm-1]
 (  0.199313  0.481184 -0.161899 -0.390858 -0.206080  0.085361 ) 
 (  0.000000 -0.520830  0.000000  0.423061 -0.223059  0.000000 ) 
     omega( 5) =      14.361543 [THz] =     479.049499 [cm-1]
 ( -0.084254 -0.203408  0.052094  0.125767 -0.607935  0.251815 ) 
 (  0.000000 -0.220167  0.000000  0.136129  0.658024  0.000000 ) 
     omega( 6) =      14.435360 [THz] =     481.511765 [cm-1]
 ( -0.162489 -0.392283 -0.214609 -0.518112  0.066712 -0.027633 ) 
 (  0.000000  0.424604  0.000000  0.560801  0.072208  0.000000 ) 
 **************************************************************************
