Dynamical matrix file
                                                                           
  1    2  2 10.2000000  0.0000000  0.0000000  0.0000000  0.0000000  0.0000000
           1  'Si  '    25598.8229845270     
    1    1      0.0000000      0.0000000      0.0000000
    2    1      0.2500000      0.2500000      0.2500000

     Dynamical  Matrix in cartesian axes

     q = (    0.750000000  -0.250000000   0.750000000 ) 

    1    1
  0.25638696  0.00000000   -0.00673471  0.00867526    0.00671005  0.00000000
 -0.00673471 -0.00867526    0.30853393  0.00000000   -0.00673471 -0.00867526
  0.00671005  0.00000000   -0.00673471  0.00867526    0.25638696  0.00000000
    1    2
 -0.06259670  0.06389585   -0.04356504  0.04635603   -0.04409159 -0.14462972
 -0.04356504  0.04635603   -0.06090698  0.08268124   -0.04356504  0.04635603
 -0.04409159 -0.14462972   -0.04356504  0.04635603   -0.06259670  0.06389585
    2    1
 -0.06259670 -0.06389585   -0.04356504 -0.04635603   -0.04409159  0.14462972
 -0.04356504 -0.04635603   -0.06090698 -0.08268124   -0.04356504 -0.04635603
 -0.04409159  0.14462972   -0.04356504 -0.04635603   -0.06259670 -0.06389585
    2    2
  0.25638696  0.00000000   -0.00673471 -0.00867526    0.00671005  0.00000000
 -0.00673471  0.00867526    0.30853393  0.00000000   -0.00673471  0.00867526
  0.00671005  0.00000000   -0.00673471 -0.00867526    0.25638696  0.00000000

     Dynamical  Matrix in cartesian axes

     q = (   -0.750000000  -0.250000000   0.750000000 ) 

    1    1
  0.25638696  0.00000000    0.00673471  0.00867526   -0.00671005  0.00000000
  0.00673471 -0.00867526    0.30853393  0.00000000   -0.00673471  0.00867526
 -0.00671005  0.00000000   -0.00673471 -0.00867526    0.25638696  0.00000000
    1    2
 -0.06389585  0.06259670    0.04635603 -0.04356504   -0.14462972 -0.04409159
  0.04635603 -0.04356504   -0.08268124  0.06090698   -0.04635603  0.04356504
 -0.14462972 -0.04409159   -0.04635603  0.04356504   -0.06389585  0.06259670
    2    1
 -0.06389585 -0.06259670    0.04635603  0.04356504   -0.14462972  0.04409159
  0.04635603  0.04356504   -0.08268124 -0.06090698   -0.04635603 -0.04356504
 -0.14462972  0.04409159   -0.04635603 -0.04356504   -0.06389585 -0.06259670
    2    2
  0.25638696  0.00000000    0.00673471 -0.00867526   -0.00671005  0.00000000
  0.00673471  0.00867526    0.30853393  0.00000000   -0.00673471 -0.00867526
 -0.00671005  0.00000000   -0.00673471  0.00867526    0.25638696  0.00000000

     Dynamical  Matrix in cartesian axes

     q = (   -0.750000000  -0.250000000  -0.750000000 ) 

    1    1
  0.25638696  0.00000000    0.00673471 -0.00867526    0.00671005  0.00000000
  0.00673471  0.00867526    0.30853393  0.00000000    0.00673471  0.00867526
  0.00671005  0.00000000    0.00673471 -0.00867526    0.25638696  0.00000000
    1    2
  0.06389585  0.06259670   -0.04635603 -0.04356504   -0.14462972  0.04409159
 -0.04635603 -0.04356504    0.08268124  0.06090698   -0.04635603 -0.04356504
 -0.14462972  0.04409159   -0.04635603 -0.04356504    0.06389585  0.06259670
    2    1
  0.06389585 -0.06259670   -0.04635603  0.04356504   -0.14462972 -0.04409159
 -0.04635603  0.04356504    0.08268124 -0.06090698   -0.04635603  0.04356504
 -0.14462972 -0.04409159   -0.04635603  0.04356504    0.06389585 -0.06259670
    2    2
  0.25638696  0.00000000    0.00673471  0.00867526    0.00671005  0.00000000
  0.00673471 -0.00867526    0.30853393  0.00000000    0.00673471 -0.00867526
  0.00671005  0.00000000    0.00673471  0.00867526    0.25638696  0.00000000

     Dynamical  Matrix in cartesian axes

     q = (    0.750000000  -0.250000000  -0.750000000 ) 

    1    1
  0.25638696  0.00000000   -0.00673471 -0.00867526   -0.00671005  0.00000000
 -0.00673471  0.00867526    0.30853393  0.00000000    0.00673471 -0.00867526
 -0.00671005  0.00000000    0.00673471  0.00867526    0.25638696  0.00000000
    1    2
 -0.06389585  0.06259670   -0.04635603  0.04356504   -0.14462972 -0.04409159
 -0.04635603  0.04356504   -0.08268124  0.06090698    0.04635603 -0.04356504
 -0.14462972 -0.04409159    0.04635603 -0.04356504   -0.06389585  0.06259670
    2    1
 -0.06389585 -0.06259670   -0.04635603 -0.04356504   -0.14462972  0.04409159
 -0.04635603 -0.04356504   -0.08268124 -0.06090698    0.04635603  0.04356504
 -0.14462972  0.04409159    0.04635603  0.04356504   -0.06389585 -0.06259670
    2    2
  0.25638696  0.00000000   -0.00673471  0.00867526   -0.00671005  0.00000000
 -0.00673471 -0.00867526    0.30853393  0.00000000    0.00673471  0.00867526
 -0.00671005  0.00000000    0.00673471 -0.00867526    0.25638696  0.00000000

     Dynamical  Matrix in cartesian axes

     q = (   -0.750000000   0.250000000  -0.750000000 ) 

    1    1
  0.25638696  0.00000000   -0.00673471 -0.00867526    0.00671005  0.00000000
 -0.00673471  0.00867526    0.30853393  0.00000000   -0.00673471  0.00867526
  0.00671005  0.00000000   -0.00673471 -0.00867526    0.25638696  0.00000000
    1    2
 -0.06259670 -0.06389585   -0.04356504 -0.04635603   -0.04409159  0.14462972
 -0.04356504 -0.04635603   -0.06090698 -0.08268124   -0.04356504 -0.04635603
 -0.04409159  0.14462972   -0.04356504 -0.04635603   -0.06259670 -0.06389585
    2    1
 -0.06259670  0.06389585   -0.04356504  0.04635603   -0.04409159 -0.14462972
 -0.04356504  0.04635603   -0.06090698  0.08268124   -0.04356504  0.04635603
 -0.04409159 -0.14462972   -0.04356504  0.04635603   -0.06259670  0.06389585
    2    2
  0.25638696  0.00000000   -0.00673471  0.00867526    0.00671005  0.00000000
 -0.00673471 -0.00867526    0.30853393  0.00000000   -0.00673471 -0.00867526
  0.00671005  0.00000000   -0.00673471  0.00867526    0.25638696  0.00000000

     Dynamical  Matrix in cartesian axes

     q = (   -0.250000000   0.750000000  -0.750000000 ) 

    1    1
  0.30853393  0.00000000   -0.00673471  0.00867526    0.00673471 -0.00867526
 -0.00673471 -0.00867526    0.25638696  0.00000000   -0.00671005  0.00000000
  0.00673471  0.00867526   -0.00671005  0.00000000    0.25638696  0.00000000
    1    2
 -0.08268124  0.06090698   -0.04635603  0.04356504    0.04635603 -0.04356504
 -0.04635603  0.04356504   -0.06389585  0.06259670   -0.14462972 -0.04409159
  0.04635603 -0.04356504   -0.14462972 -0.04409159   -0.06389585  0.06259670
    2    1
 -0.08268124 -0.06090698   -0.04635603 -0.04356504    0.04635603  0.04356504
 -0.04635603 -0.04356504   -0.06389585 -0.06259670   -0.14462972  0.04409159
  0.04635603  0.04356504   -0.14462972  0.04409159   -0.06389585 -0.06259670
    2    2
  0.30853393  0.00000000   -0.00673471 -0.00867526    0.00673471  0.00867526
 -0.00673471  0.00867526    0.25638696  0.00000000   -0.00671005  0.00000000
  0.00673471 -0.00867526   -0.00671005  0.00000000    0.25638696  0.00000000

     Dynamical  Matrix in cartesian axes

     q = (   -0.750000000   0.750000000  -0.250000000 ) 

    1    1
  0.25638696  0.00000000   -0.00671005  0.00000000    0.00673471  0.00867526
 -0.00671005  0.00000000    0.25638696  0.00000000   -0.00673471 -0.00867526
  0.00673471 -0.00867526   -0.00673471  0.00867526    0.30853393  0.00000000
    1    2
 -0.06389585  0.06259670   -0.14462972 -0.04409159    0.04635603 -0.04356504
 -0.14462972 -0.04409159   -0.06389585  0.06259670   -0.04635603  0.04356504
  0.04635603 -0.04356504   -0.04635603  0.04356504   -0.08268124  0.06090698
    2    1
 -0.06389585 -0.06259670   -0.14462972  0.04409159    0.04635603  0.04356504
 -0.14462972  0.04409159   -0.06389585 -0.06259670   -0.04635603 -0.04356504
  0.04635603  0.04356504   -0.04635603 -0.04356504   -0.08268124 -0.06090698
    2    2
  0.25638696  0.00000000   -0.00671005  0.00000000    0.00673471 -0.00867526
 -0.00671005  0.00000000    0.25638696  0.00000000   -0.00673471  0.00867526
  0.00673471  0.00867526   -0.00673471 -0.00867526    0.30853393  0.00000000

     Dynamical  Matrix in cartesian axes

     q = (    0.750000000   0.250000000   0.750000000 ) 

    1    1
  0.25638696  0.00000000    0.00673471  0.00867526    0.00671005  0.00000000
  0.00673471 -0.00867526    0.30853393  0.00000000    0.00673471 -0.00867526
  0.00671005  0.00000000    0.00673471  0.00867526    0.25638696  0.00000000
    1    2
  0.06389585 -0.06259670   -0.04635603  0.04356504   -0.14462972 -0.04409159
 -0.04635603  0.04356504    0.08268124 -0.06090698   -0.04635603  0.04356504
 -0.14462972 -0.04409159   -0.04635603  0.04356504    0.06389585 -0.06259670
    2    1
  0.06389585  0.06259670   -0.04635603 -0.04356504   -0.14462972  0.04409159
 -0.04635603 -0.04356504    0.08268124  0.06090698   -0.04635603 -0.04356504
 -0.14462972  0.04409159   -0.04635603 -0.04356504    0.06389585  0.06259670
    2    2
  0.25638696  0.00000000    0.00673471 -0.00867526    0.00671005  0.00000000
  0.00673471  0.00867526    0.30853393  0.00000000    0.00673471  0.00867526
  0.00671005  0.00000000    0.00673471 -0.00867526    0.25638696  0.00000000

     Dynamical  Matrix in cartesian axes

     q = (   -0.750000000   0.250000000   0.750000000 ) 

    1    1
  0.25638696  0.00000000   -0.00673471  0.00867526   -0.00671005  0.00000000
 -0.00673471 -0.00867526    0.30853393  0.00000000    0.00673471  0.00867526
 -0.00671005  0.00000000    0.00673471 -0.00867526    0.25638696  0.00000000
    1    2
 -0.06389585 -0.06259670   -0.04635603 -0.04356504   -0.14462972  0.04409159
 -0.04635603 -0.04356504   -0.08268124 -0.06090698    0.04635603  0.04356504
 -0.14462972  0.04409159    0.04635603  0.04356504   -0.06389585 -0.06259670
    2    1
 -0.06389585  0.06259670   -0.04635603  0.04356504   -0.14462972 -0.04409159
 -0.04635603  0.04356504   -0.08268124  0.06090698    0.04635603 -0.04356504
 -0.14462972 -0.04409159    0.04635603 -0.04356504   -0.06389585  0.06259670
    2    2
  0.25638696  0.00000000   -0.00673471 -0.00867526   -0.00671005  0.00000000
 -0.00673471  0.00867526    0.30853393  0.00000000    0.00673471 -0.00867526
 -0.00671005  0.00000000    0.00673471  0.00867526    0.25638696  0.00000000

     Dynamical  Matrix in cartesian axes

     q = (    0.750000000   0.250000000  -0.750000000 ) 

    1    1
  0.25638696  0.00000000    0.00673471 -0.00867526   -0.00671005  0.00000000
  0.00673471  0.00867526    0.30853393  0.00000000   -0.00673471 -0.00867526
 -0.00671005  0.00000000   -0.00673471  0.00867526    0.25638696  0.00000000
    1    2
 -0.06389585 -0.06259670    0.04635603  0.04356504   -0.14462972  0.04409159
  0.04635603  0.04356504   -0.08268124 -0.06090698   -0.04635603 -0.04356504
 -0.14462972  0.04409159   -0.04635603 -0.04356504   -0.06389585 -0.06259670
    2    1
 -0.06389585  0.06259670    0.04635603 -0.04356504   -0.14462972 -0.04409159
  0.04635603 -0.04356504   -0.08268124  0.06090698   -0.04635603  0.04356504
 -0.14462972 -0.04409159   -0.04635603  0.04356504   -0.06389585  0.06259670
    2    2
  0.25638696  0.00000000    0.00673471  0.00867526   -0.00671005  0.00000000
  0.00673471 -0.00867526    0.30853393  0.00000000   -0.00673471  0.00867526
 -0.00671005  0.00000000   -0.00673471 -0.00867526    0.25638696  0.00000000

     Dynamical  Matrix in cartesian axes

     q = (   -0.750000000   0.750000000   0.250000000 ) 

    1    1
  0.25638696  0.00000000   -0.00671005  0.00000000   -0.00673471  0.00867526
 -0.00671005  0.00000000    0.25638696  0.00000000    0.00673471 -0.00867526
 -0.00673471 -0.00867526    0.00673471  0.00867526    0.30853393  0.00000000
    1    2
 -0.06389585 -0.06259670   -0.14462972  0.04409159   -0.04635603 -0.04356504
 -0.14462972  0.04409159   -0.06389585 -0.06259670    0.04635603  0.04356504
 -0.04635603 -0.04356504    0.04635603  0.04356504   -0.08268124 -0.06090698
    2    1
 -0.06389585  0.06259670   -0.14462972 -0.04409159   -0.04635603  0.04356504
 -0.14462972 -0.04409159   -0.06389585  0.06259670    0.04635603 -0.04356504
 -0.04635603  0.04356504    0.04635603 -0.04356504   -0.08268124  0.06090698
    2    2
  0.25638696  0.00000000   -0.00671005  0.00000000   -0.00673471 -0.00867526
 -0.00671005  0.00000000    0.25638696  0.00000000    0.00673471  0.00867526
 -0.00673471  0.00867526    0.00673471 -0.00867526    0.30853393  0.00000000

     Dynamical  Matrix in cartesian axes

     q = (   -0.250000000   0.750000000   0.750000000 ) 

    1    1
  0.30853393  0.00000000   -0.00673471 -0.00867526   -0.00673471 -0.00867526
 -0.00673471  0.00867526    0.25638696  0.00000000    0.00671005  0.00000000
 -0.00673471  0.00867526    0.00671005  0.00000000    0.25638696  0.00000000
    1    2
 -0.06090698  0.08268124   -0.04356504  0.04635603   -0.04356504  0.04635603
 -0.04356504  0.04635603   -0.06259670  0.06389585   -0.04409159 -0.14462972
 -0.04356504  0.04635603   -0.04409159 -0.14462972   -0.06259670  0.06389585
    2    1
 -0.06090698 -0.08268124   -0.04356504 -0.04635603   -0.04356504 -0.04635603
 -0.04356504 -0.04635603   -0.06259670 -0.06389585   -0.04409159  0.14462972
 -0.04356504 -0.04635603   -0.04409159  0.14462972   -0.06259670 -0.06389585
    2    2
  0.30853393  0.00000000   -0.00673471  0.00867526   -0.00673471  0.00867526
 -0.00673471 -0.00867526    0.25638696  0.00000000    0.00671005  0.00000000
 -0.00673471 -0.00867526    0.00671005  0.00000000    0.25638696  0.00000000

     Dynamical  Matrix in cartesian axes

     q = (    0.250000000   0.750000000  -0.750000000 ) 

    1    1
  0.30853393  0.00000000    0.00673471  0.00867526   -0.00673471 -0.00867526
  0.00673471 -0.00867526    0.25638696  0.00000000   -0.00671005  0.00000000
 -0.00673471  0.00867526   -0.00671005  0.00000000    0.25638696  0.00000000
    1    2
 -0.08268124 -0.06090698    0.04635603  0.04356504   -0.04635603 -0.04356504
  0.04635603  0.04356504   -0.06389585 -0.06259670   -0.14462972  0.04409159
 -0.04635603 -0.04356504   -0.14462972  0.04409159   -0.06389585 -0.06259670
    2    1
 -0.08268124  0.06090698    0.04635603 -0.04356504   -0.04635603  0.04356504
  0.04635603 -0.04356504   -0.06389585  0.06259670   -0.14462972 -0.04409159
 -0.04635603  0.04356504   -0.14462972 -0.04409159   -0.06389585  0.06259670
    2    2
  0.30853393  0.00000000    0.00673471 -0.00867526   -0.00673471  0.00867526
  0.00673471  0.00867526    0.25638696  0.00000000   -0.00671005  0.00000000
 -0.00673471 -0.00867526   -0.00671005  0.00000000    0.25638696  0.00000000

     Dynamical  Matrix in cartesian axes

     q = (   -0.250000000  -0.750000000  -0.750000000 ) 

    1    1
  0.30853393  0.00000000    0.00673471  0.00867526    0.00673471  0.00867526
  0.00673471 -0.00867526    0.25638696  0.00000000    0.00671005  0.00000000
  0.00673471 -0.00867526    0.00671005  0.00000000    0.25638696  0.00000000
    1    2
  0.08268124  0.06090698   -0.04635603 -0.04356504   -0.04635603 -0.04356504
 -0.04635603 -0.04356504    0.06389585  0.06259670   -0.14462972  0.04409159
 -0.04635603 -0.04356504   -0.14462972  0.04409159    0.06389585  0.06259670
    2    1
  0.08268124 -0.06090698   -0.04635603  0.04356504   -0.04635603  0.04356504
 -0.04635603  0.04356504    0.06389585 -0.06259670   -0.14462972 -0.04409159
 -0.04635603  0.04356504   -0.14462972 -0.04409159    0.06389585 -0.06259670
    2    2
  0.30853393  0.00000000    0.00673471 -0.00867526    0.00673471 -0.00867526
  0.00673471  0.00867526    0.25638696  0.00000000    0.00671005  0.00000000
  0.00673471  0.00867526    0.00671005  0.00000000    0.25638696  0.00000000

     Dynamical  Matrix in cartesian axes

     q = (    0.750000000   0.750000000  -0.250000000 ) 

    1    1
  0.25638696  0.00000000    0.00671005  0.00000000   -0.00673471  0.00867526
  0.00671005  0.00000000    0.25638696  0.00000000   -0.00673471  0.00867526
 -0.00673471 -0.00867526   -0.00673471 -0.00867526    0.30853393  0.00000000
    1    2
 -0.06259670  0.06389585   -0.04409159 -0.14462972   -0.04356504  0.04635603
 -0.04409159 -0.14462972   -0.06259670  0.06389585   -0.04356504  0.04635603
 -0.04356504  0.04635603   -0.04356504  0.04635603   -0.06090698  0.08268124
    2    1
 -0.06259670 -0.06389585   -0.04409159  0.14462972   -0.04356504 -0.04635603
 -0.04409159  0.14462972   -0.06259670 -0.06389585   -0.04356504 -0.04635603
 -0.04356504 -0.04635603   -0.04356504 -0.04635603   -0.06090698 -0.08268124
    2    2
  0.25638696  0.00000000    0.00671005  0.00000000   -0.00673471 -0.00867526
  0.00671005  0.00000000    0.25638696  0.00000000   -0.00673471 -0.00867526
 -0.00673471  0.00867526   -0.00673471  0.00867526    0.30853393  0.00000000

     Dynamical  Matrix in cartesian axes

     q = (   -0.750000000  -0.750000000  -0.250000000 ) 

    1    1
  0.25638696  0.00000000    0.00671005  0.00000000    0.00673471 -0.00867526
  0.00671005  0.00000000    0.25638696  0.00000000    0.00673471 -0.00867526
  0.00673471  0.00867526    0.00673471  0.00867526    0.30853393  0.00000000
    1    2
  0.06389585  0.06259670   -0.14462972  0.04409159   -0.04635603 -0.04356504
 -0.14462972  0.04409159    0.06389585  0.06259670   -0.04635603 -0.04356504
 -0.04635603 -0.04356504   -0.04635603 -0.04356504    0.08268124  0.06090698
    2    1
  0.06389585 -0.06259670   -0.14462972 -0.04409159   -0.04635603  0.04356504
 -0.14462972 -0.04409159    0.06389585 -0.06259670   -0.04635603  0.04356504
 -0.04635603  0.04356504   -0.04635603  0.04356504    0.08268124 -0.06090698
    2    2
  0.25638696  0.00000000    0.00671005  0.00000000    0.00673471  0.00867526
  0.00671005  0.00000000    0.25638696  0.00000000    0.00673471  0.00867526
  0.00673471 -0.00867526    0.00673471 -0.00867526    0.30853393  0.00000000

     Dynamical  Matrix in cartesian axes

     q = (    0.250000000  -0.750000000   0.750000000 ) 

    1    1
  0.30853393  0.00000000   -0.00673471 -0.00867526    0.00673471  0.00867526
 -0.00673471  0.00867526    0.25638696  0.00000000   -0.00671005  0.00000000
  0.00673471 -0.00867526   -0.00671005  0.00000000    0.25638696  0.00000000
    1    2
 -0.08268124 -0.06090698   -0.04635603 -0.04356504    0.04635603  0.04356504
 -0.04635603 -0.04356504   -0.06389585 -0.06259670   -0.14462972  0.04409159
  0.04635603  0.04356504   -0.14462972  0.04409159   -0.06389585 -0.06259670
    2    1
 -0.08268124  0.06090698   -0.04635603  0.04356504    0.04635603 -0.04356504
 -0.04635603  0.04356504   -0.06389585  0.06259670   -0.14462972 -0.04409159
  0.04635603 -0.04356504   -0.14462972 -0.04409159   -0.06389585  0.06259670
    2    2
  0.30853393  0.00000000   -0.00673471  0.00867526    0.00673471 -0.00867526
 -0.00673471 -0.00867526    0.25638696  0.00000000   -0.00671005  0.00000000
  0.00673471  0.00867526   -0.00671005  0.00000000    0.25638696  0.00000000

     Dynamical  Matrix in cartesian axes

     q = (    0.750000000  -0.750000000   0.250000000 ) 

    1    1
  0.25638696  0.00000000   -0.00671005  0.00000000    0.00673471 -0.00867526
 -0.00671005  0.00000000    0.25638696  0.00000000   -0.00673471  0.00867526
  0.00673471  0.00867526   -0.00673471 -0.00867526    0.30853393  0.00000000
    1    2
 -0.06389585 -0.06259670   -0.14462972  0.04409159    0.04635603  0.04356504
 -0.14462972  0.04409159   -0.06389585 -0.06259670   -0.04635603 -0.04356504
  0.04635603  0.04356504   -0.04635603 -0.04356504   -0.08268124 -0.06090698
    2    1
 -0.06389585  0.06259670   -0.14462972 -0.04409159    0.04635603 -0.04356504
 -0.14462972 -0.04409159   -0.06389585  0.06259670   -0.04635603  0.04356504
  0.04635603 -0.04356504   -0.04635603  0.04356504   -0.08268124  0.06090698
    2    2
  0.25638696  0.00000000   -0.00671005  0.00000000    0.00673471  0.00867526
 -0.00671005  0.00000000    0.25638696  0.00000000   -0.00673471 -0.00867526
  0.00673471 -0.00867526   -0.00673471  0.00867526    0.30853393  0.00000000

     Dynamical  Matrix in cartesian axes

     q = (    0.250000000   0.750000000   0.750000000 ) 

    1    1
  0.30853393  0.00000000    0.00673471 -0.00867526    0.00673471 -0.00867526
  0.00673471  0.00867526    0.25638696  0.00000000    0.00671005  0.00000000
  0.00673471  0.00867526    0.00671005  0.00000000    0.25638696  0.00000000
    1    2
  0.08268124 -0.06090698   -0.04635603  0.04356504   -0.04635603  0.04356504
 -0.04635603  0.04356504    0.06389585 -0.06259670   -0.14462972 -0.04409159
 -0.04635603  0.04356504   -0.14462972 -0.04409159    0.06389585 -0.06259670
    2    1
  0.08268124  0.06090698   -0.04635603 -0.04356504   -0.04635603 -0.04356504
 -0.04635603 -0.04356504    0.06389585  0.06259670   -0.14462972  0.04409159
 -0.04635603 -0.04356504   -0.14462972  0.04409159    0.06389585  0.06259670
    2    2
  0.30853393  0.00000000    0.00673471  0.00867526    0.00673471  0.00867526
  0.00673471 -0.00867526    0.25638696  0.00000000    0.00671005  0.00000000
  0.00673471 -0.00867526    0.00671005  0.00000000    0.25638696  0.00000000

     Dynamical  Matrix in cartesian axes

     q = (   -0.750000000  -0.750000000   0.250000000 ) 

    1    1
  0.25638696  0.00000000    0.00671005  0.00000000   -0.00673471 -0.00867526
  0.00671005  0.00000000    0.25638696  0.00000000   -0.00673471 -0.00867526
 -0.00673471  0.00867526   -0.00673471  0.00867526    0.30853393  0.00000000
    1    2
 -0.06259670 -0.06389585   -0.04409159  0.14462972   -0.04356504 -0.04635603
 -0.04409159  0.14462972   -0.06259670 -0.06389585   -0.04356504 -0.04635603
 -0.04356504 -0.04635603   -0.04356504 -0.04635603   -0.06090698 -0.08268124
    2    1
 -0.06259670  0.06389585   -0.04409159 -0.14462972   -0.04356504  0.04635603
 -0.04409159 -0.14462972   -0.06259670  0.06389585   -0.04356504  0.04635603
 -0.04356504  0.04635603   -0.04356504  0.04635603   -0.06090698  0.08268124
    2    2
  0.25638696  0.00000000    0.00671005  0.00000000   -0.00673471  0.00867526
  0.00671005  0.00000000    0.25638696  0.00000000   -0.00673471  0.00867526
 -0.00673471 -0.00867526   -0.00673471 -0.00867526    0.30853393  0.00000000

     Dynamical  Matrix in cartesian axes

     q = (   -0.250000000  -0.750000000   0.750000000 ) 

    1    1
  0.30853393  0.00000000    0.00673471 -0.00867526   -0.00673471  0.00867526
  0.00673471  0.00867526    0.25638696  0.00000000   -0.00671005  0.00000000
 -0.00673471 -0.00867526   -0.00671005  0.00000000    0.25638696  0.00000000
    1    2
 -0.08268124  0.06090698    0.04635603 -0.04356504   -0.04635603  0.04356504
  0.04635603 -0.04356504   -0.06389585  0.06259670   -0.14462972 -0.04409159
 -0.04635603  0.04356504   -0.14462972 -0.04409159   -0.06389585  0.06259670
    2    1
 -0.08268124 -0.06090698    0.04635603  0.04356504   -0.04635603 -0.04356504
  0.04635603  0.04356504   -0.06389585 -0.06259670   -0.14462972  0.04409159
 -0.04635603 -0.04356504   -0.14462972  0.04409159   -0.06389585 -0.06259670
    2    2
  0.30853393  0.00000000    0.00673471  0.00867526   -0.00673471 -0.00867526
  0.00673471 -0.00867526    0.25638696  0.00000000   -0.00671005  0.00000000
 -0.00673471  0.00867526   -0.00671005  0.00000000    0.25638696  0.00000000

     Dynamical  Matrix in cartesian axes

     q = (    0.750000000   0.750000000   0.250000000 ) 

    1    1
  0.25638696  0.00000000    0.00671005  0.00000000    0.00673471  0.00867526
  0.00671005  0.00000000    0.25638696  0.00000000    0.00673471  0.00867526
  0.00673471 -0.00867526    0.00673471 -0.00867526    0.30853393  0.00000000
    1    2
  0.06389585 -0.06259670   -0.14462972 -0.04409159   -0.04635603  0.04356504
 -0.14462972 -0.04409159    0.06389585 -0.06259670   -0.04635603  0.04356504
 -0.04635603  0.04356504   -0.04635603  0.04356504    0.08268124 -0.06090698
    2    1
  0.06389585  0.06259670   -0.14462972  0.04409159   -0.04635603 -0.04356504
 -0.14462972  0.04409159    0.06389585  0.06259670   -0.04635603 -0.04356504
 -0.04635603 -0.04356504   -0.04635603 -0.04356504    0.08268124  0.06090698
    2    2
  0.25638696  0.00000000    0.00671005  0.00000000    0.00673471 -0.00867526
  0.00671005  0.00000000    0.25638696  0.00000000    0.00673471 -0.00867526
  0.00673471  0.00867526    0.00673471  0.00867526    0.30853393  0.00000000

     Dynamical  Matrix in cartesian axes

     q = (    0.250000000  -0.750000000  -0.750000000 ) 

    1    1
  0.30853393  0.00000000   -0.00673471  0.00867526   -0.00673471  0.00867526
 -0.00673471 -0.00867526    0.25638696  0.00000000    0.00671005  0.00000000
 -0.00673471 -0.00867526    0.00671005  0.00000000    0.25638696  0.00000000
    1    2
 -0.06090698 -0.08268124   -0.04356504 -0.04635603   -0.04356504 -0.04635603
 -0.04356504 -0.04635603   -0.06259670 -0.06389585   -0.04409159  0.14462972
 -0.04356504 -0.04635603   -0.04409159  0.14462972   -0.06259670 -0.06389585
    2    1
 -0.06090698  0.08268124   -0.04356504  0.04635603   -0.04356504  0.04635603
 -0.04356504  0.04635603   -0.06259670  0.06389585   -0.04409159 -0.14462972
 -0.04356504  0.04635603   -0.04409159 -0.14462972   -0.06259670  0.06389585
    2    2
  0.30853393  0.00000000   -0.00673471 -0.00867526   -0.00673471 -0.00867526
 -0.00673471  0.00867526    0.25638696  0.00000000    0.00671005  0.00000000
 -0.00673471  0.00867526    0.00671005  0.00000000    0.25638696  0.00000000

     Dynamical  Matrix in cartesian axes

     q = (    0.750000000  -0.750000000  -0.250000000 ) 

    1    1
  0.25638696  0.00000000   -0.00671005  0.00000000   -0.00673471 -0.00867526
 -0.00671005  0.00000000    0.25638696  0.00000000    0.00673471  0.00867526
 -0.00673471  0.00867526    0.00673471 -0.00867526    0.30853393  0.00000000
    1    2
 -0.06389585  0.06259670   -0.14462972 -0.04409159   -0.04635603  0.04356504
 -0.14462972 -0.04409159   -0.06389585  0.06259670    0.04635603 -0.04356504
 -0.04635603  0.04356504    0.04635603 -0.04356504   -0.08268124  0.06090698
    2    1
 -0.06389585 -0.06259670   -0.14462972  0.04409159   -0.04635603 -0.04356504
 -0.14462972  0.04409159   -0.06389585 -0.06259670    0.04635603  0.04356504
 -0.04635603 -0.04356504    0.04635603  0.04356504   -0.08268124 -0.06090698
    2    2
  0.25638696  0.00000000   -0.00671005  0.00000000   -0.00673471  0.00867526
 -0.00671005  0.00000000    0.25638696  0.00000000    0.00673471 -0.00867526
 -0.00673471 -0.00867526    0.00673471  0.00867526    0.30853393  0.00000000

     Diagonalizing the dynamical matrix

     q = (    0.750000000  -0.250000000   0.750000000 ) 

 **************************************************************************
     omega( 1) =       4.129421 [THz] =     137.742657 [cm-1]
 (  0.044198 -0.498043  0.000000  0.000000 -0.044198  0.498043 ) 
 (  0.500000  0.000000  0.000000  0.000000 -0.500000  0.000000 ) 
     omega( 2) =       5.912649 [THz] =     197.224727 [cm-1]
 ( -0.388458 -0.168822 -0.343463  0.152422 -0.388458 -0.168822 ) 
 ( -0.423557  0.000000 -0.254248 -0.276689 -0.423557  0.000000 ) 
     omega( 3) =       9.502770 [THz] =     316.978296 [cm-1]
 (  0.125525 -0.284418  0.370103  0.411975  0.125525 -0.284418 ) 
 ( -0.310886  0.000000  0.227466  0.504935 -0.310886  0.000000 ) 
     omega( 4) =      12.347851 [THz] =     411.879975 [cm-1]
 (  0.060455  0.313909 -0.403637 -0.364267  0.060455  0.313909 ) 
 ( -0.319677  0.000000  0.434027  0.327465 -0.319677  0.000000 ) 
     omega( 5) =      13.930983 [THz] =     464.687584 [cm-1]
 (  0.044198 -0.498043  0.000000  0.000000 -0.044198  0.498043 ) 
 ( -0.500000  0.000000  0.000000  0.000000  0.500000  0.000000 ) 
     omega( 6) =      14.339951 [THz] =     478.329268 [cm-1]
 ( -0.304308 -0.170741 -0.456960  0.218347 -0.304308 -0.170741 ) 
 (  0.348936  0.000000  0.291676  0.414021  0.348936  0.000000 ) 
 **************************************************************************
