Dynamical matrix file
                                                                           
  1    2  2 10.2000000  0.0000000  0.0000000  0.0000000  0.0000000  0.0000000
           1  'Si  '    25598.8229845270     
    1    1      0.0000000      0.0000000      0.0000000
    2    1      0.2500000      0.2500000      0.2500000

     Dynamical  Matrix in cartesian axes

     q = (    0.625000000  -0.375000000   0.875000000 ) 

    1    1
  0.25662082  0.00000000   -0.00991143  0.00183753    0.00509030  0.00188413
 -0.00991143 -0.00183753    0.28879124  0.00000000   -0.00594790 -0.01297666
  0.00509030 -0.00188413   -0.00594790  0.01297666    0.27192994  0.00000000
    1    2
 -0.10515550  0.04571325   -0.07560441  0.03440968   -0.01077720 -0.12573322
 -0.07560441  0.03440968   -0.10909409  0.05366889   -0.01370734  0.05950619
 -0.01077720 -0.12573322   -0.01370734  0.05950619   -0.11497457  0.04908060
    2    1
 -0.10515550 -0.04571325   -0.07560441 -0.03440968   -0.01077720  0.12573322
 -0.07560441 -0.03440968   -0.10909409 -0.05366889   -0.01370734 -0.05950619
 -0.01077720  0.12573322   -0.01370734 -0.05950619   -0.11497457 -0.04908060
    2    2
  0.25662082  0.00000000   -0.00991143 -0.00183753    0.00509030 -0.00188413
 -0.00991143  0.00183753    0.28879124  0.00000000   -0.00594790  0.01297666
  0.00509030  0.00188413   -0.00594790 -0.01297666    0.27192994  0.00000000

     Dynamical  Matrix in cartesian axes

     q = (    0.625000000  -0.375000000  -0.875000000 ) 

    1    1
  0.25662082  0.00000000   -0.00991143 -0.00183753   -0.00509030  0.00188413
 -0.00991143  0.00183753    0.28879124  0.00000000    0.00594790 -0.01297666
 -0.00509030 -0.00188413    0.00594790  0.01297666    0.27192994  0.00000000
    1    2
 -0.10668031  0.04203202   -0.07779171  0.02912907   -0.08128618 -0.09652745
 -0.07779171  0.02912907   -0.11509081  0.03919153    0.05176979  0.03238468
 -0.08128618 -0.09652745    0.05176979  0.03238468   -0.11600452  0.04659407
    2    1
 -0.10668031 -0.04203202   -0.07779171 -0.02912907   -0.08128618  0.09652745
 -0.07779171 -0.02912907   -0.11509081 -0.03919153    0.05176979 -0.03238468
 -0.08128618  0.09652745    0.05176979 -0.03238468   -0.11600452 -0.04659407
    2    2
  0.25662082  0.00000000   -0.00991143  0.00183753   -0.00509030 -0.00188413
 -0.00991143 -0.00183753    0.28879124  0.00000000    0.00594790  0.01297666
 -0.00509030  0.00188413    0.00594790 -0.01297666    0.27192994  0.00000000

     Dynamical  Matrix in cartesian axes

     q = (    0.875000000   0.375000000   0.625000000 ) 

    1    1
  0.27192994  0.00000000    0.00594790  0.01297666    0.00509030  0.00188413
  0.00594790 -0.01297666    0.28879124  0.00000000    0.00991143 -0.00183753
  0.00509030 -0.00188413    0.00991143  0.00183753    0.25662082  0.00000000
    1    2
  0.04908060 -0.11497457   -0.05950619  0.01370734   -0.12573322 -0.01077720
 -0.05950619  0.01370734    0.05366889 -0.10909409   -0.03440968  0.07560441
 -0.12573322 -0.01077720   -0.03440968  0.07560441    0.04571325 -0.10515550
    2    1
  0.04908060  0.11497457   -0.05950619 -0.01370734   -0.12573322  0.01077720
 -0.05950619 -0.01370734    0.05366889  0.10909409   -0.03440968 -0.07560441
 -0.12573322  0.01077720   -0.03440968 -0.07560441    0.04571325  0.10515550
    2    2
  0.27192994  0.00000000    0.00594790 -0.01297666    0.00509030 -0.00188413
  0.00594790  0.01297666    0.28879124  0.00000000    0.00991143  0.00183753
  0.00509030  0.00188413    0.00991143 -0.00183753    0.25662082  0.00000000

     Dynamical  Matrix in cartesian axes

     q = (    0.625000000   0.375000000   0.875000000 ) 

    1    1
  0.25662082  0.00000000    0.00991143  0.00183753    0.00509030 -0.00188413
  0.00991143 -0.00183753    0.28879124  0.00000000    0.00594790 -0.01297666
  0.00509030  0.00188413    0.00594790  0.01297666    0.27192994  0.00000000
    1    2
  0.04571325 -0.10515550   -0.03440968  0.07560441   -0.12573322 -0.01077720
 -0.03440968  0.07560441    0.05366889 -0.10909409   -0.05950619  0.01370734
 -0.12573322 -0.01077720   -0.05950619  0.01370734    0.04908060 -0.11497457
    2    1
  0.04571325  0.10515550   -0.03440968 -0.07560441   -0.12573322  0.01077720
 -0.03440968 -0.07560441    0.05366889  0.10909409   -0.05950619 -0.01370734
 -0.12573322  0.01077720   -0.05950619 -0.01370734    0.04908060  0.11497457
    2    2
  0.25662082  0.00000000    0.00991143 -0.00183753    0.00509030  0.00188413
  0.00991143  0.00183753    0.28879124  0.00000000    0.00594790  0.01297666
  0.00509030 -0.00188413    0.00594790 -0.01297666    0.27192994  0.00000000

     Dynamical  Matrix in cartesian axes

     q = (    0.875000000  -0.375000000  -0.625000000 ) 

    1    1
  0.27192994  0.00000000   -0.00594790 -0.01297666   -0.00509030 -0.00188413
 -0.00594790  0.01297666    0.28879124  0.00000000    0.00991143 -0.00183753
 -0.00509030  0.00188413    0.00991143  0.00183753    0.25662082  0.00000000
    1    2
 -0.04908060  0.11497457   -0.05950619  0.01370734   -0.12573322 -0.01077720
 -0.05950619  0.01370734   -0.05366889  0.10909409    0.03440968 -0.07560441
 -0.12573322 -0.01077720    0.03440968 -0.07560441   -0.04571325  0.10515550
    2    1
 -0.04908060 -0.11497457   -0.05950619 -0.01370734   -0.12573322  0.01077720
 -0.05950619 -0.01370734   -0.05366889 -0.10909409    0.03440968  0.07560441
 -0.12573322  0.01077720    0.03440968  0.07560441   -0.04571325 -0.10515550
    2    2
  0.27192994  0.00000000   -0.00594790  0.01297666   -0.00509030  0.00188413
 -0.00594790 -0.01297666    0.28879124  0.00000000    0.00991143  0.00183753
 -0.00509030 -0.00188413    0.00991143 -0.00183753    0.25662082  0.00000000

     Dynamical  Matrix in cartesian axes

     q = (    0.875000000  -0.375000000   0.625000000 ) 

    1    1
  0.27192994  0.00000000   -0.00594790  0.01297666    0.00509030 -0.00188413
 -0.00594790 -0.01297666    0.28879124  0.00000000   -0.00991143 -0.00183753
  0.00509030  0.00188413   -0.00991143  0.00183753    0.25662082  0.00000000
    1    2
 -0.11497457  0.04908060   -0.01370734  0.05950619   -0.01077720 -0.12573322
 -0.01370734  0.05950619   -0.10909409  0.05366889   -0.07560441  0.03440968
 -0.01077720 -0.12573322   -0.07560441  0.03440968   -0.10515550  0.04571325
    2    1
 -0.11497457 -0.04908060   -0.01370734 -0.05950619   -0.01077720  0.12573322
 -0.01370734 -0.05950619   -0.10909409 -0.05366889   -0.07560441 -0.03440968
 -0.01077720  0.12573322   -0.07560441 -0.03440968   -0.10515550 -0.04571325
    2    2
  0.27192994  0.00000000   -0.00594790 -0.01297666    0.00509030  0.00188413
 -0.00594790  0.01297666    0.28879124  0.00000000   -0.00991143  0.00183753
  0.00509030 -0.00188413   -0.00991143 -0.00183753    0.25662082  0.00000000

     Dynamical  Matrix in cartesian axes

     q = (   -0.875000000  -0.375000000   0.625000000 ) 

    1    1
  0.27192994  0.00000000    0.00594790  0.01297666   -0.00509030 -0.00188413
  0.00594790 -0.01297666    0.28879124  0.00000000   -0.00991143  0.00183753
 -0.00509030  0.00188413   -0.00991143 -0.00183753    0.25662082  0.00000000
    1    2
 -0.11600452  0.04659407    0.05176979  0.03238468   -0.08128618 -0.09652745
  0.05176979  0.03238468   -0.11509081  0.03919153   -0.07779171  0.02912907
 -0.08128618 -0.09652745   -0.07779171  0.02912907   -0.10668031  0.04203202
    2    1
 -0.11600452 -0.04659407    0.05176979 -0.03238468   -0.08128618  0.09652745
  0.05176979 -0.03238468   -0.11509081 -0.03919153   -0.07779171 -0.02912907
 -0.08128618  0.09652745   -0.07779171 -0.02912907   -0.10668031 -0.04203202
    2    2
  0.27192994  0.00000000    0.00594790 -0.01297666   -0.00509030  0.00188413
  0.00594790  0.01297666    0.28879124  0.00000000   -0.00991143 -0.00183753
 -0.00509030 -0.00188413   -0.00991143  0.00183753    0.25662082  0.00000000

     Dynamical  Matrix in cartesian axes

     q = (   -0.625000000  -0.375000000  -0.875000000 ) 

    1    1
  0.25662082  0.00000000    0.00991143 -0.00183753    0.00509030  0.00188413
  0.00991143  0.00183753    0.28879124  0.00000000    0.00594790  0.01297666
  0.00509030 -0.00188413    0.00594790 -0.01297666    0.27192994  0.00000000
    1    2
  0.04571325  0.10515550   -0.03440968 -0.07560441   -0.12573322  0.01077720
 -0.03440968 -0.07560441    0.05366889  0.10909409   -0.05950619 -0.01370734
 -0.12573322  0.01077720   -0.05950619 -0.01370734    0.04908060  0.11497457
    2    1
  0.04571325 -0.10515550   -0.03440968  0.07560441   -0.12573322 -0.01077720
 -0.03440968  0.07560441    0.05366889 -0.10909409   -0.05950619  0.01370734
 -0.12573322 -0.01077720   -0.05950619  0.01370734    0.04908060 -0.11497457
    2    2
  0.25662082  0.00000000    0.00991143  0.00183753    0.00509030 -0.00188413
  0.00991143 -0.00183753    0.28879124  0.00000000    0.00594790 -0.01297666
  0.00509030  0.00188413    0.00594790  0.01297666    0.27192994  0.00000000

     Dynamical  Matrix in cartesian axes

     q = (   -0.875000000   0.375000000  -0.625000000 ) 

    1    1
  0.27192994  0.00000000   -0.00594790 -0.01297666    0.00509030  0.00188413
 -0.00594790  0.01297666    0.28879124  0.00000000   -0.00991143  0.00183753
  0.00509030 -0.00188413   -0.00991143 -0.00183753    0.25662082  0.00000000
    1    2
 -0.11497457 -0.04908060   -0.01370734 -0.05950619   -0.01077720  0.12573322
 -0.01370734 -0.05950619   -0.10909409 -0.05366889   -0.07560441 -0.03440968
 -0.01077720  0.12573322   -0.07560441 -0.03440968   -0.10515550 -0.04571325
    2    1
 -0.11497457  0.04908060   -0.01370734  0.05950619   -0.01077720 -0.12573322
 -0.01370734  0.05950619   -0.10909409  0.05366889   -0.07560441  0.03440968
 -0.01077720 -0.12573322   -0.07560441  0.03440968   -0.10515550  0.04571325
    2    2
  0.27192994  0.00000000   -0.00594790  0.01297666    0.00509030 -0.00188413
 -0.00594790 -0.01297666    0.28879124  0.00000000   -0.00991143 -0.00183753
  0.00509030  0.00188413   -0.00991143  0.00183753    0.25662082  0.00000000

     Dynamical  Matrix in cartesian axes

     q = (   -0.625000000  -0.375000000   0.875000000 ) 

    1    1
  0.25662082  0.00000000    0.00991143  0.00183753   -0.00509030  0.00188413
  0.00991143 -0.00183753    0.28879124  0.00000000   -0.00594790  0.01297666
 -0.00509030 -0.00188413   -0.00594790 -0.01297666    0.27192994  0.00000000
    1    2
 -0.04571325  0.10515550    0.03440968 -0.07560441   -0.12573322 -0.01077720
  0.03440968 -0.07560441   -0.05366889  0.10909409   -0.05950619  0.01370734
 -0.12573322 -0.01077720   -0.05950619  0.01370734   -0.04908060  0.11497457
    2    1
 -0.04571325 -0.10515550    0.03440968  0.07560441   -0.12573322  0.01077720
  0.03440968  0.07560441   -0.05366889 -0.10909409   -0.05950619 -0.01370734
 -0.12573322  0.01077720   -0.05950619 -0.01370734   -0.04908060 -0.11497457
    2    2
  0.25662082  0.00000000    0.00991143 -0.00183753   -0.00509030 -0.00188413
  0.00991143  0.00183753    0.28879124  0.00000000   -0.00594790 -0.01297666
 -0.00509030  0.00188413   -0.00594790  0.01297666    0.27192994  0.00000000

     Dynamical  Matrix in cartesian axes

     q = (   -0.875000000   0.375000000   0.625000000 ) 

    1    1
  0.27192994  0.00000000   -0.00594790  0.01297666   -0.00509030  0.00188413
 -0.00594790 -0.01297666    0.28879124  0.00000000    0.00991143  0.00183753
 -0.00509030 -0.00188413    0.00991143 -0.00183753    0.25662082  0.00000000
    1    2
 -0.04908060 -0.11497457   -0.05950619 -0.01370734   -0.12573322  0.01077720
 -0.05950619 -0.01370734   -0.05366889 -0.10909409    0.03440968  0.07560441
 -0.12573322  0.01077720    0.03440968  0.07560441   -0.04571325 -0.10515550
    2    1
 -0.04908060  0.11497457   -0.05950619  0.01370734   -0.12573322 -0.01077720
 -0.05950619  0.01370734   -0.05366889  0.10909409    0.03440968 -0.07560441
 -0.12573322 -0.01077720    0.03440968 -0.07560441   -0.04571325  0.10515550
    2    2
  0.27192994  0.00000000   -0.00594790 -0.01297666   -0.00509030 -0.00188413
 -0.00594790  0.01297666    0.28879124  0.00000000    0.00991143 -0.00183753
 -0.00509030  0.00188413    0.00991143  0.00183753    0.25662082  0.00000000

     Dynamical  Matrix in cartesian axes

     q = (    0.875000000   0.375000000  -0.625000000 ) 

    1    1
  0.27192994  0.00000000    0.00594790 -0.01297666   -0.00509030  0.00188413
  0.00594790  0.01297666    0.28879124  0.00000000   -0.00991143 -0.00183753
 -0.00509030 -0.00188413   -0.00991143  0.00183753    0.25662082  0.00000000
    1    2
 -0.11600452 -0.04659407    0.05176979 -0.03238468   -0.08128618  0.09652745
  0.05176979 -0.03238468   -0.11509081 -0.03919153   -0.07779171 -0.02912907
 -0.08128618  0.09652745   -0.07779171 -0.02912907   -0.10668031 -0.04203202
    2    1
 -0.11600452  0.04659407    0.05176979  0.03238468   -0.08128618 -0.09652745
  0.05176979  0.03238468   -0.11509081  0.03919153   -0.07779171  0.02912907
 -0.08128618 -0.09652745   -0.07779171  0.02912907   -0.10668031  0.04203202
    2    2
  0.27192994  0.00000000    0.00594790  0.01297666   -0.00509030 -0.00188413
  0.00594790 -0.01297666    0.28879124  0.00000000   -0.00991143  0.00183753
 -0.00509030  0.00188413   -0.00991143 -0.00183753    0.25662082  0.00000000

     Dynamical  Matrix in cartesian axes

     q = (   -0.625000000   0.375000000   0.875000000 ) 

    1    1
  0.25662082  0.00000000   -0.00991143  0.00183753   -0.00509030 -0.00188413
 -0.00991143 -0.00183753    0.28879124  0.00000000    0.00594790  0.01297666
 -0.00509030  0.00188413    0.00594790 -0.01297666    0.27192994  0.00000000
    1    2
 -0.10668031 -0.04203202   -0.07779171 -0.02912907   -0.08128618  0.09652745
 -0.07779171 -0.02912907   -0.11509081 -0.03919153    0.05176979 -0.03238468
 -0.08128618  0.09652745    0.05176979 -0.03238468   -0.11600452 -0.04659407
    2    1
 -0.10668031  0.04203202   -0.07779171  0.02912907   -0.08128618 -0.09652745
 -0.07779171  0.02912907   -0.11509081  0.03919153    0.05176979  0.03238468
 -0.08128618 -0.09652745    0.05176979  0.03238468   -0.11600452  0.04659407
    2    2
  0.25662082  0.00000000   -0.00991143 -0.00183753   -0.00509030  0.00188413
 -0.00991143  0.00183753    0.28879124  0.00000000    0.00594790 -0.01297666
 -0.00509030 -0.00188413    0.00594790  0.01297666    0.27192994  0.00000000

     Dynamical  Matrix in cartesian axes

     q = (   -0.875000000  -0.375000000  -0.625000000 ) 

    1    1
  0.27192994  0.00000000    0.00594790 -0.01297666    0.00509030 -0.00188413
  0.00594790  0.01297666    0.28879124  0.00000000    0.00991143  0.00183753
  0.00509030  0.00188413    0.00991143 -0.00183753    0.25662082  0.00000000
    1    2
  0.04908060  0.11497457   -0.05950619 -0.01370734   -0.12573322  0.01077720
 -0.05950619 -0.01370734    0.05366889  0.10909409   -0.03440968 -0.07560441
 -0.12573322  0.01077720   -0.03440968 -0.07560441    0.04571325  0.10515550
    2    1
  0.04908060 -0.11497457   -0.05950619  0.01370734   -0.12573322 -0.01077720
 -0.05950619  0.01370734    0.05366889 -0.10909409   -0.03440968  0.07560441
 -0.12573322 -0.01077720   -0.03440968  0.07560441    0.04571325 -0.10515550
    2    2
  0.27192994  0.00000000    0.00594790  0.01297666    0.00509030  0.00188413
  0.00594790 -0.01297666    0.28879124  0.00000000    0.00991143 -0.00183753
  0.00509030 -0.00188413    0.00991143  0.00183753    0.25662082  0.00000000

     Dynamical  Matrix in cartesian axes

     q = (    0.625000000   0.375000000  -0.875000000 ) 

    1    1
  0.25662082  0.00000000    0.00991143 -0.00183753   -0.00509030 -0.00188413
  0.00991143  0.00183753    0.28879124  0.00000000   -0.00594790 -0.01297666
 -0.00509030  0.00188413   -0.00594790  0.01297666    0.27192994  0.00000000
    1    2
 -0.04571325 -0.10515550    0.03440968  0.07560441   -0.12573322  0.01077720
  0.03440968  0.07560441   -0.05366889 -0.10909409   -0.05950619 -0.01370734
 -0.12573322  0.01077720   -0.05950619 -0.01370734   -0.04908060 -0.11497457
    2    1
 -0.04571325  0.10515550    0.03440968 -0.07560441   -0.12573322 -0.01077720
  0.03440968 -0.07560441   -0.05366889  0.10909409   -0.05950619  0.01370734
 -0.12573322 -0.01077720   -0.05950619  0.01370734   -0.04908060  0.11497457
    2    2
  0.25662082  0.00000000    0.00991143  0.00183753   -0.00509030  0.00188413
  0.00991143 -0.00183753    0.28879124  0.00000000   -0.00594790  0.01297666
 -0.00509030 -0.00188413   -0.00594790 -0.01297666    0.27192994  0.00000000

     Dynamical  Matrix in cartesian axes

     q = (   -0.625000000   0.375000000  -0.875000000 ) 

    1    1
  0.25662082  0.00000000   -0.00991143 -0.00183753    0.00509030 -0.00188413
 -0.00991143  0.00183753    0.28879124  0.00000000   -0.00594790  0.01297666
  0.00509030  0.00188413   -0.00594790 -0.01297666    0.27192994  0.00000000
    1    2
 -0.10515550 -0.04571325   -0.07560441 -0.03440968   -0.01077720  0.12573322
 -0.07560441 -0.03440968   -0.10909409 -0.05366889   -0.01370734 -0.05950619
 -0.01077720  0.12573322   -0.01370734 -0.05950619   -0.11497457 -0.04908060
    2    1
 -0.10515550  0.04571325   -0.07560441  0.03440968   -0.01077720 -0.12573322
 -0.07560441  0.03440968   -0.10909409  0.05366889   -0.01370734  0.05950619
 -0.01077720 -0.12573322   -0.01370734  0.05950619   -0.11497457  0.04908060
    2    2
  0.25662082  0.00000000   -0.00991143  0.00183753    0.00509030  0.00188413
 -0.00991143 -0.00183753    0.28879124  0.00000000   -0.00594790 -0.01297666
  0.00509030 -0.00188413   -0.00594790  0.01297666    0.27192994  0.00000000

     Dynamical  Matrix in cartesian axes

     q = (   -0.375000000   0.875000000   0.625000000 ) 

    1    1
  0.28879124  0.00000000   -0.00594790 -0.01297666   -0.00991143 -0.00183753
 -0.00594790  0.01297666    0.27192994  0.00000000    0.00509030 -0.00188413
 -0.00991143  0.00183753    0.00509030  0.00188413    0.25662082  0.00000000
    1    2
 -0.10909409  0.05366889   -0.01370734  0.05950619   -0.07560441  0.03440968
 -0.01370734  0.05950619   -0.11497457  0.04908060   -0.01077720 -0.12573322
 -0.07560441  0.03440968   -0.01077720 -0.12573322   -0.10515550  0.04571325
    2    1
 -0.10909409 -0.05366889   -0.01370734 -0.05950619   -0.07560441 -0.03440968
 -0.01370734 -0.05950619   -0.11497457 -0.04908060   -0.01077720  0.12573322
 -0.07560441 -0.03440968   -0.01077720  0.12573322   -0.10515550 -0.04571325
    2    2
  0.28879124  0.00000000   -0.00594790  0.01297666   -0.00991143  0.00183753
 -0.00594790 -0.01297666    0.27192994  0.00000000    0.00509030  0.00188413
 -0.00991143 -0.00183753    0.00509030 -0.00188413    0.25662082  0.00000000

     Dynamical  Matrix in cartesian axes

     q = (    0.375000000   0.875000000  -0.625000000 ) 

    1    1
  0.28879124  0.00000000    0.00594790  0.01297666   -0.00991143 -0.00183753
  0.00594790 -0.01297666    0.27192994  0.00000000   -0.00509030  0.00188413
 -0.00991143  0.00183753   -0.00509030 -0.00188413    0.25662082  0.00000000
    1    2
 -0.11509081 -0.03919153    0.05176979 -0.03238468   -0.07779171 -0.02912907
  0.05176979 -0.03238468   -0.11600452 -0.04659407   -0.08128618  0.09652745
 -0.07779171 -0.02912907   -0.08128618  0.09652745   -0.10668031 -0.04203202
    2    1
 -0.11509081  0.03919153    0.05176979  0.03238468   -0.07779171  0.02912907
  0.05176979  0.03238468   -0.11600452  0.04659407   -0.08128618 -0.09652745
 -0.07779171  0.02912907   -0.08128618 -0.09652745   -0.10668031  0.04203202
    2    2
  0.28879124  0.00000000    0.00594790 -0.01297666   -0.00991143  0.00183753
  0.00594790  0.01297666    0.27192994  0.00000000   -0.00509030 -0.00188413
 -0.00991143 -0.00183753   -0.00509030  0.00188413    0.25662082  0.00000000

     Dynamical  Matrix in cartesian axes

     q = (   -0.375000000  -0.875000000  -0.625000000 ) 

    1    1
  0.28879124  0.00000000    0.00594790  0.01297666    0.00991143  0.00183753
  0.00594790 -0.01297666    0.27192994  0.00000000    0.00509030 -0.00188413
  0.00991143 -0.00183753    0.00509030  0.00188413    0.25662082  0.00000000
    1    2
  0.05366889  0.10909409   -0.05950619 -0.01370734   -0.03440968 -0.07560441
 -0.05950619 -0.01370734    0.04908060  0.11497457   -0.12573322  0.01077720
 -0.03440968 -0.07560441   -0.12573322  0.01077720    0.04571325  0.10515550
    2    1
  0.05366889 -0.10909409   -0.05950619  0.01370734   -0.03440968  0.07560441
 -0.05950619  0.01370734    0.04908060 -0.11497457   -0.12573322 -0.01077720
 -0.03440968  0.07560441   -0.12573322 -0.01077720    0.04571325 -0.10515550
    2    2
  0.28879124  0.00000000    0.00594790 -0.01297666    0.00991143 -0.00183753
  0.00594790  0.01297666    0.27192994  0.00000000    0.00509030  0.00188413
  0.00991143  0.00183753    0.00509030 -0.00188413    0.25662082  0.00000000

     Dynamical  Matrix in cartesian axes

     q = (   -0.375000000   0.625000000  -0.875000000 ) 

    1    1
  0.28879124  0.00000000   -0.00991143  0.00183753    0.00594790 -0.01297666
 -0.00991143 -0.00183753    0.25662082  0.00000000   -0.00509030  0.00188413
  0.00594790  0.01297666   -0.00509030 -0.00188413    0.27192994  0.00000000
    1    2
 -0.11509081  0.03919153   -0.07779171  0.02912907    0.05176979  0.03238468
 -0.07779171  0.02912907   -0.10668031  0.04203202   -0.08128618 -0.09652745
  0.05176979  0.03238468   -0.08128618 -0.09652745   -0.11600452  0.04659407
    2    1
 -0.11509081 -0.03919153   -0.07779171 -0.02912907    0.05176979 -0.03238468
 -0.07779171 -0.02912907   -0.10668031 -0.04203202   -0.08128618  0.09652745
  0.05176979 -0.03238468   -0.08128618  0.09652745   -0.11600452 -0.04659407
    2    2
  0.28879124  0.00000000   -0.00991143 -0.00183753    0.00594790  0.01297666
 -0.00991143  0.00183753    0.25662082  0.00000000   -0.00509030 -0.00188413
  0.00594790 -0.01297666   -0.00509030  0.00188413    0.27192994  0.00000000

     Dynamical  Matrix in cartesian axes

     q = (    0.875000000   0.625000000  -0.375000000 ) 

    1    1
  0.27192994  0.00000000    0.00509030 -0.00188413   -0.00594790  0.01297666
  0.00509030  0.00188413    0.25662082  0.00000000   -0.00991143  0.00183753
 -0.00594790 -0.01297666   -0.00991143 -0.00183753    0.28879124  0.00000000
    1    2
 -0.11497457  0.04908060   -0.01077720 -0.12573322   -0.01370734  0.05950619
 -0.01077720 -0.12573322   -0.10515550  0.04571325   -0.07560441  0.03440968
 -0.01370734  0.05950619   -0.07560441  0.03440968   -0.10909409  0.05366889
    2    1
 -0.11497457 -0.04908060   -0.01077720  0.12573322   -0.01370734 -0.05950619
 -0.01077720  0.12573322   -0.10515550 -0.04571325   -0.07560441 -0.03440968
 -0.01370734 -0.05950619   -0.07560441 -0.03440968   -0.10909409 -0.05366889
    2    2
  0.27192994  0.00000000    0.00509030  0.00188413   -0.00594790 -0.01297666
  0.00509030 -0.00188413    0.25662082  0.00000000   -0.00991143 -0.00183753
 -0.00594790  0.01297666   -0.00991143  0.00183753    0.28879124  0.00000000

     Dynamical  Matrix in cartesian axes

     q = (   -0.375000000   0.875000000  -0.625000000 ) 

    1    1
  0.28879124  0.00000000   -0.00594790  0.01297666    0.00991143 -0.00183753
 -0.00594790 -0.01297666    0.27192994  0.00000000   -0.00509030 -0.00188413
  0.00991143  0.00183753   -0.00509030  0.00188413    0.25662082  0.00000000
    1    2
 -0.05366889  0.10909409   -0.05950619  0.01370734    0.03440968 -0.07560441
 -0.05950619  0.01370734   -0.04908060  0.11497457   -0.12573322 -0.01077720
  0.03440968 -0.07560441   -0.12573322 -0.01077720   -0.04571325  0.10515550
    2    1
 -0.05366889 -0.10909409   -0.05950619 -0.01370734    0.03440968  0.07560441
 -0.05950619 -0.01370734   -0.04908060 -0.11497457   -0.12573322  0.01077720
  0.03440968  0.07560441   -0.12573322  0.01077720   -0.04571325 -0.10515550
    2    2
  0.28879124  0.00000000   -0.00594790 -0.01297666    0.00991143  0.00183753
 -0.00594790  0.01297666    0.27192994  0.00000000   -0.00509030  0.00188413
  0.00991143 -0.00183753   -0.00509030 -0.00188413    0.25662082  0.00000000

     Dynamical  Matrix in cartesian axes

     q = (   -0.875000000  -0.625000000  -0.375000000 ) 

    1    1
  0.27192994  0.00000000    0.00509030 -0.00188413    0.00594790 -0.01297666
  0.00509030  0.00188413    0.25662082  0.00000000    0.00991143 -0.00183753
  0.00594790  0.01297666    0.00991143  0.00183753    0.28879124  0.00000000
    1    2
  0.04908060  0.11497457   -0.12573322  0.01077720   -0.05950619 -0.01370734
 -0.12573322  0.01077720    0.04571325  0.10515550   -0.03440968 -0.07560441
 -0.05950619 -0.01370734   -0.03440968 -0.07560441    0.05366889  0.10909409
    2    1
  0.04908060 -0.11497457   -0.12573322 -0.01077720   -0.05950619  0.01370734
 -0.12573322 -0.01077720    0.04571325 -0.10515550   -0.03440968  0.07560441
 -0.05950619  0.01370734   -0.03440968  0.07560441    0.05366889 -0.10909409
    2    2
  0.27192994  0.00000000    0.00509030  0.00188413    0.00594790  0.01297666
  0.00509030 -0.00188413    0.25662082  0.00000000    0.00991143  0.00183753
  0.00594790 -0.01297666    0.00991143 -0.00183753    0.28879124  0.00000000

     Dynamical  Matrix in cartesian axes

     q = (   -0.875000000   0.625000000   0.375000000 ) 

    1    1
  0.27192994  0.00000000   -0.00509030  0.00188413   -0.00594790  0.01297666
 -0.00509030 -0.00188413    0.25662082  0.00000000    0.00991143 -0.00183753
 -0.00594790 -0.01297666    0.00991143  0.00183753    0.28879124  0.00000000
    1    2
 -0.04908060 -0.11497457   -0.12573322  0.01077720   -0.05950619 -0.01370734
 -0.12573322  0.01077720   -0.04571325 -0.10515550    0.03440968  0.07560441
 -0.05950619 -0.01370734    0.03440968  0.07560441   -0.05366889 -0.10909409
    2    1
 -0.04908060  0.11497457   -0.12573322 -0.01077720   -0.05950619  0.01370734
 -0.12573322 -0.01077720   -0.04571325  0.10515550    0.03440968 -0.07560441
 -0.05950619  0.01370734    0.03440968 -0.07560441   -0.05366889  0.10909409
    2    2
  0.27192994  0.00000000   -0.00509030 -0.00188413   -0.00594790 -0.01297666
 -0.00509030  0.00188413    0.25662082  0.00000000    0.00991143  0.00183753
 -0.00594790  0.01297666    0.00991143 -0.00183753    0.28879124  0.00000000

     Dynamical  Matrix in cartesian axes

     q = (    0.375000000  -0.625000000   0.875000000 ) 

    1    1
  0.28879124  0.00000000   -0.00991143 -0.00183753    0.00594790  0.01297666
 -0.00991143  0.00183753    0.25662082  0.00000000   -0.00509030 -0.00188413
  0.00594790 -0.01297666   -0.00509030  0.00188413    0.27192994  0.00000000
    1    2
 -0.11509081 -0.03919153   -0.07779171 -0.02912907    0.05176979 -0.03238468
 -0.07779171 -0.02912907   -0.10668031 -0.04203202   -0.08128618  0.09652745
  0.05176979 -0.03238468   -0.08128618  0.09652745   -0.11600452 -0.04659407
    2    1
 -0.11509081  0.03919153   -0.07779171  0.02912907    0.05176979  0.03238468
 -0.07779171  0.02912907   -0.10668031  0.04203202   -0.08128618 -0.09652745
  0.05176979  0.03238468   -0.08128618 -0.09652745   -0.11600452  0.04659407
    2    2
  0.28879124  0.00000000   -0.00991143  0.00183753    0.00594790 -0.01297666
 -0.00991143 -0.00183753    0.25662082  0.00000000   -0.00509030  0.00188413
  0.00594790  0.01297666   -0.00509030 -0.00188413    0.27192994  0.00000000

     Dynamical  Matrix in cartesian axes

     q = (    0.375000000  -0.875000000   0.625000000 ) 

    1    1
  0.28879124  0.00000000   -0.00594790 -0.01297666    0.00991143  0.00183753
 -0.00594790  0.01297666    0.27192994  0.00000000   -0.00509030  0.00188413
  0.00991143 -0.00183753   -0.00509030 -0.00188413    0.25662082  0.00000000
    1    2
 -0.05366889 -0.10909409   -0.05950619 -0.01370734    0.03440968  0.07560441
 -0.05950619 -0.01370734   -0.04908060 -0.11497457   -0.12573322  0.01077720
  0.03440968  0.07560441   -0.12573322  0.01077720   -0.04571325 -0.10515550
    2    1
 -0.05366889  0.10909409   -0.05950619  0.01370734    0.03440968 -0.07560441
 -0.05950619  0.01370734   -0.04908060  0.11497457   -0.12573322 -0.01077720
  0.03440968 -0.07560441   -0.12573322 -0.01077720   -0.04571325  0.10515550
    2    2
  0.28879124  0.00000000   -0.00594790  0.01297666    0.00991143 -0.00183753
 -0.00594790 -0.01297666    0.27192994  0.00000000   -0.00509030 -0.00188413
  0.00991143  0.00183753   -0.00509030  0.00188413    0.25662082  0.00000000

     Dynamical  Matrix in cartesian axes

     q = (    0.625000000  -0.875000000   0.375000000 ) 

    1    1
  0.25662082  0.00000000   -0.00509030 -0.00188413    0.00991143 -0.00183753
 -0.00509030  0.00188413    0.27192994  0.00000000   -0.00594790  0.01297666
  0.00991143  0.00183753   -0.00594790 -0.01297666    0.28879124  0.00000000
    1    2
 -0.04571325 -0.10515550   -0.12573322  0.01077720    0.03440968  0.07560441
 -0.12573322  0.01077720   -0.04908060 -0.11497457   -0.05950619 -0.01370734
  0.03440968  0.07560441   -0.05950619 -0.01370734   -0.05366889 -0.10909409
    2    1
 -0.04571325  0.10515550   -0.12573322 -0.01077720    0.03440968 -0.07560441
 -0.12573322 -0.01077720   -0.04908060  0.11497457   -0.05950619  0.01370734
  0.03440968 -0.07560441   -0.05950619  0.01370734   -0.05366889  0.10909409
    2    2
  0.25662082  0.00000000   -0.00509030  0.00188413    0.00991143  0.00183753
 -0.00509030 -0.00188413    0.27192994  0.00000000   -0.00594790 -0.01297666
  0.00991143 -0.00183753   -0.00594790  0.01297666    0.28879124  0.00000000

     Dynamical  Matrix in cartesian axes

     q = (   -0.875000000   0.625000000  -0.375000000 ) 

    1    1
  0.27192994  0.00000000   -0.00509030 -0.00188413    0.00594790  0.01297666
 -0.00509030  0.00188413    0.25662082  0.00000000   -0.00991143 -0.00183753
  0.00594790 -0.01297666   -0.00991143  0.00183753    0.28879124  0.00000000
    1    2
 -0.11600452  0.04659407   -0.08128618 -0.09652745    0.05176979  0.03238468
 -0.08128618 -0.09652745   -0.10668031  0.04203202   -0.07779171  0.02912907
  0.05176979  0.03238468   -0.07779171  0.02912907   -0.11509081  0.03919153
    2    1
 -0.11600452 -0.04659407   -0.08128618  0.09652745    0.05176979 -0.03238468
 -0.08128618  0.09652745   -0.10668031 -0.04203202   -0.07779171 -0.02912907
  0.05176979 -0.03238468   -0.07779171 -0.02912907   -0.11509081 -0.03919153
    2    2
  0.27192994  0.00000000   -0.00509030  0.00188413    0.00594790 -0.01297666
 -0.00509030 -0.00188413    0.25662082  0.00000000   -0.00991143  0.00183753
  0.00594790  0.01297666   -0.00991143 -0.00183753    0.28879124  0.00000000

     Dynamical  Matrix in cartesian axes

     q = (    0.375000000   0.625000000   0.875000000 ) 

    1    1
  0.28879124  0.00000000    0.00991143 -0.00183753    0.00594790 -0.01297666
  0.00991143  0.00183753    0.25662082  0.00000000    0.00509030 -0.00188413
  0.00594790  0.01297666    0.00509030  0.00188413    0.27192994  0.00000000
    1    2
  0.05366889 -0.10909409   -0.03440968  0.07560441   -0.05950619  0.01370734
 -0.03440968  0.07560441    0.04571325 -0.10515550   -0.12573322 -0.01077720
 -0.05950619  0.01370734   -0.12573322 -0.01077720    0.04908060 -0.11497457
    2    1
  0.05366889  0.10909409   -0.03440968 -0.07560441   -0.05950619 -0.01370734
 -0.03440968 -0.07560441    0.04571325  0.10515550   -0.12573322  0.01077720
 -0.05950619 -0.01370734   -0.12573322  0.01077720    0.04908060  0.11497457
    2    2
  0.28879124  0.00000000    0.00991143  0.00183753    0.00594790  0.01297666
  0.00991143 -0.00183753    0.25662082  0.00000000    0.00509030  0.00188413
  0.00594790 -0.01297666    0.00509030 -0.00188413    0.27192994  0.00000000

     Dynamical  Matrix in cartesian axes

     q = (   -0.375000000   0.625000000   0.875000000 ) 

    1    1
  0.28879124  0.00000000   -0.00991143 -0.00183753   -0.00594790 -0.01297666
 -0.00991143  0.00183753    0.25662082  0.00000000    0.00509030  0.00188413
 -0.00594790  0.01297666    0.00509030 -0.00188413    0.27192994  0.00000000
    1    2
 -0.10909409  0.05366889   -0.07560441  0.03440968   -0.01370734  0.05950619
 -0.07560441  0.03440968   -0.10515550  0.04571325   -0.01077720 -0.12573322
 -0.01370734  0.05950619   -0.01077720 -0.12573322   -0.11497457  0.04908060
    2    1
 -0.10909409 -0.05366889   -0.07560441 -0.03440968   -0.01370734 -0.05950619
 -0.07560441 -0.03440968   -0.10515550 -0.04571325   -0.01077720  0.12573322
 -0.01370734 -0.05950619   -0.01077720  0.12573322   -0.11497457 -0.04908060
    2    2
  0.28879124  0.00000000   -0.00991143  0.00183753   -0.00594790  0.01297666
 -0.00991143 -0.00183753    0.25662082  0.00000000    0.00509030 -0.00188413
 -0.00594790 -0.01297666    0.00509030  0.00188413    0.27192994  0.00000000

     Dynamical  Matrix in cartesian axes

     q = (    0.375000000   0.625000000  -0.875000000 ) 

    1    1
  0.28879124  0.00000000    0.00991143  0.00183753   -0.00594790 -0.01297666
  0.00991143 -0.00183753    0.25662082  0.00000000   -0.00509030 -0.00188413
 -0.00594790  0.01297666   -0.00509030  0.00188413    0.27192994  0.00000000
    1    2
 -0.05366889 -0.10909409    0.03440968  0.07560441   -0.05950619 -0.01370734
  0.03440968  0.07560441   -0.04571325 -0.10515550   -0.12573322  0.01077720
 -0.05950619 -0.01370734   -0.12573322  0.01077720   -0.04908060 -0.11497457
    2    1
 -0.05366889  0.10909409    0.03440968 -0.07560441   -0.05950619  0.01370734
  0.03440968 -0.07560441   -0.04571325  0.10515550   -0.12573322 -0.01077720
 -0.05950619  0.01370734   -0.12573322 -0.01077720   -0.04908060  0.11497457
    2    2
  0.28879124  0.00000000    0.00991143 -0.00183753   -0.00594790  0.01297666
  0.00991143  0.00183753    0.25662082  0.00000000   -0.00509030  0.00188413
 -0.00594790 -0.01297666   -0.00509030 -0.00188413    0.27192994  0.00000000

     Dynamical  Matrix in cartesian axes

     q = (   -0.375000000  -0.625000000  -0.875000000 ) 

    1    1
  0.28879124  0.00000000    0.00991143  0.00183753    0.00594790  0.01297666
  0.00991143 -0.00183753    0.25662082  0.00000000    0.00509030  0.00188413
  0.00594790 -0.01297666    0.00509030 -0.00188413    0.27192994  0.00000000
    1    2
  0.05366889  0.10909409   -0.03440968 -0.07560441   -0.05950619 -0.01370734
 -0.03440968 -0.07560441    0.04571325  0.10515550   -0.12573322  0.01077720
 -0.05950619 -0.01370734   -0.12573322  0.01077720    0.04908060  0.11497457
    2    1
  0.05366889 -0.10909409   -0.03440968  0.07560441   -0.05950619  0.01370734
 -0.03440968  0.07560441    0.04571325 -0.10515550   -0.12573322 -0.01077720
 -0.05950619  0.01370734   -0.12573322 -0.01077720    0.04908060 -0.11497457
    2    2
  0.28879124  0.00000000    0.00991143 -0.00183753    0.00594790 -0.01297666
  0.00991143  0.00183753    0.25662082  0.00000000    0.00509030 -0.00188413
  0.00594790  0.01297666    0.00509030  0.00188413    0.27192994  0.00000000

     Dynamical  Matrix in cartesian axes

     q = (   -0.625000000  -0.875000000   0.375000000 ) 

    1    1
  0.25662082  0.00000000    0.00509030 -0.00188413   -0.00991143 -0.00183753
  0.00509030  0.00188413    0.27192994  0.00000000   -0.00594790 -0.01297666
 -0.00991143  0.00183753   -0.00594790  0.01297666    0.28879124  0.00000000
    1    2
 -0.10515550 -0.04571325   -0.01077720  0.12573322   -0.07560441 -0.03440968
 -0.01077720  0.12573322   -0.11497457 -0.04908060   -0.01370734 -0.05950619
 -0.07560441 -0.03440968   -0.01370734 -0.05950619   -0.10909409 -0.05366889
    2    1
 -0.10515550  0.04571325   -0.01077720 -0.12573322   -0.07560441  0.03440968
 -0.01077720 -0.12573322   -0.11497457  0.04908060   -0.01370734  0.05950619
 -0.07560441  0.03440968   -0.01370734  0.05950619   -0.10909409  0.05366889
    2    2
  0.25662082  0.00000000    0.00509030  0.00188413   -0.00991143  0.00183753
  0.00509030 -0.00188413    0.27192994  0.00000000   -0.00594790  0.01297666
 -0.00991143 -0.00183753   -0.00594790 -0.01297666    0.28879124  0.00000000

     Dynamical  Matrix in cartesian axes

     q = (   -0.375000000  -0.625000000   0.875000000 ) 

    1    1
  0.28879124  0.00000000    0.00991143 -0.00183753   -0.00594790  0.01297666
  0.00991143  0.00183753    0.25662082  0.00000000   -0.00509030  0.00188413
 -0.00594790 -0.01297666   -0.00509030 -0.00188413    0.27192994  0.00000000
    1    2
 -0.05366889  0.10909409    0.03440968 -0.07560441   -0.05950619  0.01370734
  0.03440968 -0.07560441   -0.04571325  0.10515550   -0.12573322 -0.01077720
 -0.05950619  0.01370734   -0.12573322 -0.01077720   -0.04908060  0.11497457
    2    1
 -0.05366889 -0.10909409    0.03440968  0.07560441   -0.05950619 -0.01370734
  0.03440968  0.07560441   -0.04571325 -0.10515550   -0.12573322  0.01077720
 -0.05950619 -0.01370734   -0.12573322  0.01077720   -0.04908060 -0.11497457
    2    2
  0.28879124  0.00000000    0.00991143  0.00183753   -0.00594790 -0.01297666
  0.00991143 -0.00183753    0.25662082  0.00000000   -0.00509030 -0.00188413
 -0.00594790  0.01297666   -0.00509030  0.00188413    0.27192994  0.00000000

     Dynamical  Matrix in cartesian axes

     q = (    0.875000000  -0.625000000   0.375000000 ) 

    1    1
  0.27192994  0.00000000   -0.00509030  0.00188413    0.00594790 -0.01297666
 -0.00509030 -0.00188413    0.25662082  0.00000000   -0.00991143  0.00183753
  0.00594790  0.01297666   -0.00991143 -0.00183753    0.28879124  0.00000000
    1    2
 -0.11600452 -0.04659407   -0.08128618  0.09652745    0.05176979 -0.03238468
 -0.08128618  0.09652745   -0.10668031 -0.04203202   -0.07779171 -0.02912907
  0.05176979 -0.03238468   -0.07779171 -0.02912907   -0.11509081 -0.03919153
    2    1
 -0.11600452  0.04659407   -0.08128618 -0.09652745    0.05176979  0.03238468
 -0.08128618 -0.09652745   -0.10668031  0.04203202   -0.07779171  0.02912907
  0.05176979  0.03238468   -0.07779171  0.02912907   -0.11509081  0.03919153
    2    2
  0.27192994  0.00000000   -0.00509030 -0.00188413    0.00594790  0.01297666
 -0.00509030  0.00188413    0.25662082  0.00000000   -0.00991143 -0.00183753
  0.00594790 -0.01297666   -0.00991143  0.00183753    0.28879124  0.00000000

     Dynamical  Matrix in cartesian axes

     q = (    0.625000000   0.875000000   0.375000000 ) 

    1    1
  0.25662082  0.00000000    0.00509030 -0.00188413    0.00991143  0.00183753
  0.00509030  0.00188413    0.27192994  0.00000000    0.00594790  0.01297666
  0.00991143 -0.00183753    0.00594790 -0.01297666    0.28879124  0.00000000
    1    2
  0.04571325 -0.10515550   -0.12573322 -0.01077720   -0.03440968  0.07560441
 -0.12573322 -0.01077720    0.04908060 -0.11497457   -0.05950619  0.01370734
 -0.03440968  0.07560441   -0.05950619  0.01370734    0.05366889 -0.10909409
    2    1
  0.04571325  0.10515550   -0.12573322  0.01077720   -0.03440968 -0.07560441
 -0.12573322  0.01077720    0.04908060  0.11497457   -0.05950619 -0.01370734
 -0.03440968 -0.07560441   -0.05950619 -0.01370734    0.05366889  0.10909409
    2    2
  0.25662082  0.00000000    0.00509030  0.00188413    0.00991143 -0.00183753
  0.00509030 -0.00188413    0.27192994  0.00000000    0.00594790 -0.01297666
  0.00991143  0.00183753    0.00594790  0.01297666    0.28879124  0.00000000

     Dynamical  Matrix in cartesian axes

     q = (    0.375000000  -0.625000000  -0.875000000 ) 

    1    1
  0.28879124  0.00000000   -0.00991143  0.00183753   -0.00594790  0.01297666
 -0.00991143 -0.00183753    0.25662082  0.00000000    0.00509030 -0.00188413
 -0.00594790 -0.01297666    0.00509030  0.00188413    0.27192994  0.00000000
    1    2
 -0.10909409 -0.05366889   -0.07560441 -0.03440968   -0.01370734 -0.05950619
 -0.07560441 -0.03440968   -0.10515550 -0.04571325   -0.01077720  0.12573322
 -0.01370734 -0.05950619   -0.01077720  0.12573322   -0.11497457 -0.04908060
    2    1
 -0.10909409  0.05366889   -0.07560441  0.03440968   -0.01370734  0.05950619
 -0.07560441  0.03440968   -0.10515550  0.04571325   -0.01077720 -0.12573322
 -0.01370734  0.05950619   -0.01077720 -0.12573322   -0.11497457  0.04908060
    2    2
  0.28879124  0.00000000   -0.00991143 -0.00183753   -0.00594790 -0.01297666
 -0.00991143  0.00183753    0.25662082  0.00000000    0.00509030  0.00188413
 -0.00594790  0.01297666    0.00509030 -0.00188413    0.27192994  0.00000000

     Dynamical  Matrix in cartesian axes

     q = (    0.625000000   0.875000000  -0.375000000 ) 

    1    1
