Dynamical matrix file
                                                                           
  1    2  2 10.2000000  0.0000000  0.0000000  0.0000000  0.0000000  0.0000000
           1  'Si  '    25598.8229845270     
    1    1      0.0000000      0.0000000      0.0000000
    2    1      0.2500000      0.2500000      0.2500000

     Dynamical  Matrix in cartesian axes

     q = (    0.250000000   0.000000000   0.250000000 ) 

    1    1
  0.27551379  0.00000000    0.00000000  0.00328047    0.00593029  0.00000000
  0.00000000 -0.00328047    0.27351335  0.00000000    0.00000000 -0.00328047
  0.00593029  0.00000000    0.00000000  0.00328047    0.27551379  0.00000000
    1    2
 -0.16033244  0.16033244   -0.04155577 -0.04155577    0.01804516 -0.01804516
 -0.04155577 -0.04155577   -0.16377269  0.16377269   -0.04155577 -0.04155577
  0.01804516 -0.01804516   -0.04155577 -0.04155577   -0.16033244  0.16033244
    2    1
 -0.16033244 -0.16033244   -0.04155577  0.04155577    0.01804516  0.01804516
 -0.04155577  0.04155577   -0.16377269 -0.16377269   -0.04155577  0.04155577
  0.01804516  0.01804516   -0.04155577  0.04155577   -0.16033244 -0.16033244
    2    2
  0.27551379  0.00000000    0.00000000 -0.00328047    0.00593029  0.00000000
  0.00000000  0.00328047    0.27351335  0.00000000    0.00000000  0.00328047
  0.00593029  0.00000000    0.00000000 -0.00328047    0.27551379  0.00000000

     Dynamical  Matrix in cartesian axes

     q = (   -0.250000000   0.000000000   0.250000000 ) 

    1    1
  0.27551379  0.00000000    0.00000000  0.00328047   -0.00593029  0.00000000
  0.00000000 -0.00328047    0.27351335  0.00000000    0.00000000  0.00328047
 -0.00593029  0.00000000    0.00000000 -0.00328047    0.27551379  0.00000000
    1    2
 -0.22674432  0.00000000    0.00000000 -0.05876873   -0.02551971  0.00000000
  0.00000000 -0.05876873   -0.23160957  0.00000000    0.00000000  0.05876873
 -0.02551971  0.00000000    0.00000000  0.05876873   -0.22674432  0.00000000
    2    1
 -0.22674432  0.00000000    0.00000000  0.05876873   -0.02551971  0.00000000
  0.00000000  0.05876873   -0.23160957  0.00000000    0.00000000 -0.05876873
 -0.02551971  0.00000000    0.00000000 -0.05876873   -0.22674432  0.00000000
    2    2
  0.27551379  0.00000000    0.00000000 -0.00328047   -0.00593029  0.00000000
  0.00000000  0.00328047    0.27351335  0.00000000    0.00000000 -0.00328047
 -0.00593029  0.00000000    0.00000000  0.00328047    0.27551379  0.00000000

     Dynamical  Matrix in cartesian axes

     q = (   -0.250000000   0.000000000  -0.250000000 ) 

    1    1
  0.27551379  0.00000000    0.00000000 -0.00328047    0.00593029  0.00000000
  0.00000000  0.00328047    0.27351335  0.00000000    0.00000000  0.00328047
  0.00593029  0.00000000    0.00000000 -0.00328047    0.27551379  0.00000000
    1    2
 -0.16033244 -0.16033244   -0.04155577  0.04155577    0.01804516  0.01804516
 -0.04155577  0.04155577   -0.16377269 -0.16377269   -0.04155577  0.04155577
  0.01804516  0.01804516   -0.04155577  0.04155577   -0.16033244 -0.16033244
    2    1
 -0.16033244  0.16033244   -0.04155577 -0.04155577    0.01804516 -0.01804516
 -0.04155577 -0.04155577   -0.16377269  0.16377269   -0.04155577 -0.04155577
  0.01804516 -0.01804516   -0.04155577 -0.04155577   -0.16033244  0.16033244
    2    2
  0.27551379  0.00000000    0.00000000  0.00328047    0.00593029  0.00000000
  0.00000000 -0.00328047    0.27351335  0.00000000    0.00000000 -0.00328047
  0.00593029  0.00000000    0.00000000  0.00328047    0.27551379  0.00000000

     Dynamical  Matrix in cartesian axes

     q = (    0.000000000   0.250000000  -0.250000000 ) 

    1    1
  0.27351335  0.00000000    0.00000000  0.00328047    0.00000000 -0.00328047
  0.00000000 -0.00328047    0.27551379  0.00000000   -0.00593029  0.00000000
  0.00000000  0.00328047   -0.00593029  0.00000000    0.27551379  0.00000000
    1    2
 -0.23160957  0.00000000    0.00000000  0.05876873    0.00000000 -0.05876873
  0.00000000  0.05876873   -0.22674432  0.00000000   -0.02551971  0.00000000
  0.00000000 -0.05876873   -0.02551971  0.00000000   -0.22674432  0.00000000
    2    1
 -0.23160957  0.00000000    0.00000000 -0.05876873    0.00000000  0.05876873
  0.00000000 -0.05876873   -0.22674432  0.00000000   -0.02551971  0.00000000
  0.00000000  0.05876873   -0.02551971  0.00000000   -0.22674432  0.00000000
    2    2
  0.27351335  0.00000000    0.00000000 -0.00328047    0.00000000  0.00328047
  0.00000000  0.00328047    0.27551379  0.00000000   -0.00593029  0.00000000
  0.00000000 -0.00328047   -0.00593029  0.00000000    0.27551379  0.00000000

     Dynamical  Matrix in cartesian axes

     q = (   -0.250000000   0.250000000   0.000000000 ) 

    1    1
  0.27551379  0.00000000   -0.00593029  0.00000000    0.00000000  0.00328047
 -0.00593029  0.00000000    0.27551379  0.00000000    0.00000000 -0.00328047
  0.00000000 -0.00328047    0.00000000  0.00328047    0.27351335  0.00000000
    1    2
 -0.22674432  0.00000000   -0.02551971  0.00000000    0.00000000 -0.05876873
 -0.02551971  0.00000000   -0.22674432  0.00000000    0.00000000  0.05876873
  0.00000000 -0.05876873    0.00000000  0.05876873   -0.23160957  0.00000000
    2    1
 -0.22674432  0.00000000   -0.02551971  0.00000000    0.00000000  0.05876873
 -0.02551971  0.00000000   -0.22674432  0.00000000    0.00000000 -0.05876873
  0.00000000  0.05876873    0.00000000 -0.05876873   -0.23160957  0.00000000
    2    2
  0.27551379  0.00000000   -0.00593029  0.00000000    0.00000000 -0.00328047
 -0.00593029  0.00000000    0.27551379  0.00000000    0.00000000  0.00328047
  0.00000000  0.00328047    0.00000000 -0.00328047    0.27351335  0.00000000

     Dynamical  Matrix in cartesian axes

     q = (    0.250000000   0.000000000  -0.250000000 ) 

    1    1
  0.27551379  0.00000000    0.00000000 -0.00328047   -0.00593029  0.00000000
  0.00000000  0.00328047    0.27351335  0.00000000    0.00000000 -0.00328047
 -0.00593029  0.00000000    0.00000000  0.00328047    0.27551379  0.00000000
    1    2
 -0.22674432  0.00000000    0.00000000  0.05876873   -0.02551971  0.00000000
  0.00000000  0.05876873   -0.23160957  0.00000000    0.00000000 -0.05876873
 -0.02551971  0.00000000    0.00000000 -0.05876873   -0.22674432  0.00000000
    2    1
 -0.22674432  0.00000000    0.00000000 -0.05876873   -0.02551971  0.00000000
  0.00000000 -0.05876873   -0.23160957  0.00000000    0.00000000  0.05876873
 -0.02551971  0.00000000    0.00000000  0.05876873   -0.22674432  0.00000000
    2    2
  0.27551379  0.00000000    0.00000000  0.00328047   -0.00593029  0.00000000
  0.00000000 -0.00328047    0.27351335  0.00000000    0.00000000  0.00328047
 -0.00593029  0.00000000    0.00000000 -0.00328047    0.27551379  0.00000000

     Dynamical  Matrix in cartesian axes

     q = (    0.000000000   0.250000000   0.250000000 ) 

    1    1
  0.27351335  0.00000000    0.00000000 -0.00328047    0.00000000 -0.00328047
  0.00000000  0.00328047    0.27551379  0.00000000    0.00593029  0.00000000
  0.00000000  0.00328047    0.00593029  0.00000000    0.27551379  0.00000000
    1    2
 -0.16377269  0.16377269   -0.04155577 -0.04155577   -0.04155577 -0.04155577
 -0.04155577 -0.04155577   -0.16033244  0.16033244    0.01804516 -0.01804516
 -0.04155577 -0.04155577    0.01804516 -0.01804516   -0.16033244  0.16033244
    2    1
 -0.16377269 -0.16377269   -0.04155577  0.04155577   -0.04155577  0.04155577
 -0.04155577  0.04155577   -0.16033244 -0.16033244    0.01804516  0.01804516
 -0.04155577  0.04155577    0.01804516  0.01804516   -0.16033244 -0.16033244
    2    2
  0.27351335  0.00000000    0.00000000  0.00328047    0.00000000  0.00328047
  0.00000000 -0.00328047    0.27551379  0.00000000    0.00593029  0.00000000
  0.00000000 -0.00328047    0.00593029  0.00000000    0.27551379  0.00000000

     Dynamical  Matrix in cartesian axes

     q = (    0.000000000  -0.250000000  -0.250000000 ) 

    1    1
  0.27351335  0.00000000    0.00000000  0.00328047    0.00000000  0.00328047
  0.00000000 -0.00328047    0.27551379  0.00000000    0.00593029  0.00000000
  0.00000000 -0.00328047    0.00593029  0.00000000    0.27551379  0.00000000
    1    2
 -0.16377269 -0.16377269   -0.04155577  0.04155577   -0.04155577  0.04155577
 -0.04155577  0.04155577   -0.16033244 -0.16033244    0.01804516  0.01804516
 -0.04155577  0.04155577    0.01804516  0.01804516   -0.16033244 -0.16033244
    2    1
 -0.16377269  0.16377269   -0.04155577 -0.04155577   -0.04155577 -0.04155577
 -0.04155577 -0.04155577   -0.16033244  0.16033244    0.01804516 -0.01804516
 -0.04155577 -0.04155577    0.01804516 -0.01804516   -0.16033244  0.16033244
    2    2
  0.27351335  0.00000000    0.00000000 -0.00328047    0.00000000 -0.00328047
  0.00000000  0.00328047    0.27551379  0.00000000    0.00593029  0.00000000
  0.00000000  0.00328047    0.00593029  0.00000000    0.27551379  0.00000000

     Dynamical  Matrix in cartesian axes

     q = (    0.250000000   0.250000000   0.000000000 ) 

    1    1
  0.27551379  0.00000000    0.00593029  0.00000000    0.00000000  0.00328047
  0.00593029  0.00000000    0.27551379  0.00000000    0.00000000  0.00328047
  0.00000000 -0.00328047    0.00000000 -0.00328047    0.27351335  0.00000000
    1    2
 -0.16033244  0.16033244    0.01804516 -0.01804516   -0.04155577 -0.04155577
  0.01804516 -0.01804516   -0.16033244  0.16033244   -0.04155577 -0.04155577
 -0.04155577 -0.04155577   -0.04155577 -0.04155577   -0.16377269  0.16377269
    2    1
 -0.16033244 -0.16033244    0.01804516  0.01804516   -0.04155577  0.04155577
  0.01804516  0.01804516   -0.16033244 -0.16033244   -0.04155577  0.04155577
 -0.04155577  0.04155577   -0.04155577  0.04155577   -0.16377269 -0.16377269
    2    2
  0.27551379  0.00000000    0.00593029  0.00000000    0.00000000 -0.00328047
  0.00593029  0.00000000    0.27551379  0.00000000    0.00000000 -0.00328047
  0.00000000  0.00328047    0.00000000  0.00328047    0.27351335  0.00000000

     Dynamical  Matrix in cartesian axes

     q = (   -0.250000000  -0.250000000   0.000000000 ) 

    1    1
  0.27551379  0.00000000    0.00593029  0.00000000    0.00000000 -0.00328047
  0.00593029  0.00000000    0.27551379  0.00000000    0.00000000 -0.00328047
  0.00000000  0.00328047    0.00000000  0.00328047    0.27351335  0.00000000
    1    2
 -0.16033244 -0.16033244    0.01804516  0.01804516   -0.04155577  0.04155577
  0.01804516  0.01804516   -0.16033244 -0.16033244   -0.04155577  0.04155577
 -0.04155577  0.04155577   -0.04155577  0.04155577   -0.16377269 -0.16377269
    2    1
 -0.16033244  0.16033244    0.01804516 -0.01804516   -0.04155577 -0.04155577
  0.01804516 -0.01804516   -0.16033244  0.16033244   -0.04155577 -0.04155577
 -0.04155577 -0.04155577   -0.04155577 -0.04155577   -0.16377269  0.16377269
    2    2
  0.27551379  0.00000000    0.00593029  0.00000000    0.00000000  0.00328047
  0.00593029  0.00000000    0.27551379  0.00000000    0.00000000  0.00328047
  0.00000000 -0.00328047    0.00000000 -0.00328047    0.27351335  0.00000000

     Dynamical  Matrix in cartesian axes

     q = (    0.000000000  -0.250000000   0.250000000 ) 

    1    1
  0.27351335  0.00000000    0.00000000 -0.00328047    0.00000000  0.00328047
  0.00000000  0.00328047    0.27551379  0.00000000   -0.00593029  0.00000000
  0.00000000 -0.00328047   -0.00593029  0.00000000    0.27551379  0.00000000
    1    2
 -0.23160957  0.00000000    0.00000000 -0.05876873    0.00000000  0.05876873
  0.00000000 -0.05876873   -0.22674432  0.00000000   -0.02551971  0.00000000
  0.00000000  0.05876873   -0.02551971  0.00000000   -0.22674432  0.00000000
    2    1
 -0.23160957  0.00000000    0.00000000  0.05876873    0.00000000 -0.05876873
  0.00000000  0.05876873   -0.22674432  0.00000000   -0.02551971  0.00000000
  0.00000000 -0.05876873   -0.02551971  0.00000000   -0.22674432  0.00000000
    2    2
  0.27351335  0.00000000    0.00000000  0.00328047    0.00000000 -0.00328047
  0.00000000 -0.00328047    0.27551379  0.00000000   -0.00593029  0.00000000
  0.00000000  0.00328047   -0.00593029  0.00000000    0.27551379  0.00000000

     Dynamical  Matrix in cartesian axes

     q = (    0.250000000  -0.250000000   0.000000000 ) 

    1    1
  0.27551379  0.00000000   -0.00593029  0.00000000    0.00000000 -0.00328047
 -0.00593029  0.00000000    0.27551379  0.00000000    0.00000000  0.00328047
  0.00000000  0.00328047    0.00000000 -0.00328047    0.27351335  0.00000000
    1    2
 -0.22674432  0.00000000   -0.02551971  0.00000000    0.00000000  0.05876873
 -0.02551971  0.00000000   -0.22674432  0.00000000    0.00000000 -0.05876873
  0.00000000  0.05876873    0.00000000 -0.05876873   -0.23160957  0.00000000
    2    1
 -0.22674432  0.00000000   -0.02551971  0.00000000    0.00000000 -0.05876873
 -0.02551971  0.00000000   -0.22674432  0.00000000    0.00000000  0.05876873
  0.00000000 -0.05876873    0.00000000  0.05876873   -0.23160957  0.00000000
    2    2
  0.27551379  0.00000000   -0.00593029  0.00000000    0.00000000  0.00328047
 -0.00593029  0.00000000    0.27551379  0.00000000    0.00000000 -0.00328047
  0.00000000 -0.00328047    0.00000000  0.00328047    0.27351335  0.00000000

     Diagonalizing the dynamical matrix

     q = (    0.250000000   0.000000000   0.250000000 ) 

 **************************************************************************
     omega( 1) =       2.706028 [THz] =      90.263393 [cm-1]
 ( -0.353553  0.353553  0.000000  0.000000  0.353553 -0.353553 ) 
 ( -0.500000  0.000000  0.000000  0.000000  0.500000  0.000000 ) 
     omega( 2) =       3.462095 [THz] =     115.483061 [cm-1]
 ( -0.060176  0.060176  0.492704  0.492704 -0.060176  0.060176 ) 
 (  0.085102  0.000000  0.000000  0.696789  0.085102  0.000000 ) 
     omega( 3) =       5.153250 [THz] =     171.893909 [cm-1]
 (  0.346795 -0.346795  0.097299  0.097299  0.346795 -0.346795 ) 
 (  0.490442  0.000000  0.000000 -0.137602  0.490442  0.000000 ) 
     omega( 4) =      14.484496 [THz] =     483.150792 [cm-1]
 (  0.348395 -0.348395  0.085102  0.085102  0.348395 -0.348395 ) 
 ( -0.492704  0.000000  0.000000  0.120353 -0.492704  0.000000 ) 
     omega( 5) =      14.853775 [THz] =     495.468617 [cm-1]
 (  0.353553 -0.353553  0.000000  0.000000 -0.353553  0.353553 ) 
 ( -0.500000  0.000000  0.000000  0.000000  0.500000  0.000000 ) 
     omega( 6) =      14.863512 [THz] =     495.793393 [cm-1]
 (  0.068801 -0.068801 -0.490442 -0.490442  0.068801 -0.068801 ) 
 (  0.097299  0.000000  0.000000  0.693589  0.097299  0.000000 ) 
 **************************************************************************
