Dynamical matrix file
                                                                           
  1    2  2 10.2000000  0.0000000  0.0000000  0.0000000  0.0000000  0.0000000
           1  'Si  '    25598.8229845270     
    1    1      0.0000000      0.0000000      0.0000000
    2    1      0.2500000      0.2500000      0.2500000

     Dynamical  Matrix in cartesian axes

     q = (    0.625000000  -0.375000000   0.625000000 ) 

    1    1
  0.27230693  0.00000000   -0.01485076  0.00705169    0.01402964  0.00000000
 -0.01485076 -0.00705169    0.29099426  0.00000000   -0.01485076 -0.00705169
  0.01402964  0.00000000   -0.01485076  0.00705169    0.27230693  0.00000000
    1    2
 -0.11744508  0.05021733   -0.07749741  0.03478231    0.05663053 -0.09510742
 -0.07749741  0.03478231   -0.12219417  0.06039785   -0.07749741  0.03478231
  0.05663053 -0.09510742   -0.07749741  0.03478231   -0.11744508  0.05021733
    2    1
 -0.11744508 -0.05021733   -0.07749741 -0.03478231    0.05663053  0.09510742
 -0.07749741 -0.03478231   -0.12219417 -0.06039785   -0.07749741 -0.03478231
  0.05663053  0.09510742   -0.07749741 -0.03478231   -0.11744508 -0.05021733
    2    2
  0.27230693  0.00000000   -0.01485076 -0.00705169    0.01402964  0.00000000
 -0.01485076  0.00705169    0.29099426  0.00000000   -0.01485076  0.00705169
  0.01402964  0.00000000   -0.01485076 -0.00705169    0.27230693  0.00000000

     Dynamical  Matrix in cartesian axes

     q = (    0.625000000  -0.375000000  -0.625000000 ) 

    1    1
  0.27230693  0.00000000   -0.01485076 -0.00705169   -0.01402964  0.00000000
 -0.01485076  0.00705169    0.29099426  0.00000000    0.01485076 -0.00705169
 -0.01402964  0.00000000    0.01485076  0.00705169    0.27230693  0.00000000
    1    2
 -0.11855523  0.04753719   -0.07939375  0.03020413   -0.10729493 -0.02720727
 -0.07939375  0.03020413   -0.12911205  0.04369660    0.07939375 -0.03020413
 -0.10729493 -0.02720727    0.07939375 -0.03020413   -0.11855523  0.04753719
    2    1
 -0.11855523 -0.04753719   -0.07939375 -0.03020413   -0.10729493  0.02720727
 -0.07939375 -0.03020413   -0.12911205 -0.04369660    0.07939375  0.03020413
 -0.10729493  0.02720727    0.07939375  0.03020413   -0.11855523 -0.04753719
    2    2
  0.27230693  0.00000000   -0.01485076  0.00705169   -0.01402964  0.00000000
 -0.01485076 -0.00705169    0.29099426  0.00000000    0.01485076  0.00705169
 -0.01402964  0.00000000    0.01485076 -0.00705169    0.27230693  0.00000000

     Dynamical  Matrix in cartesian axes

     q = (   -0.625000000  -0.375000000   0.625000000 ) 

    1    1
  0.27230693  0.00000000    0.01485076  0.00705169   -0.01402964  0.00000000
  0.01485076 -0.00705169    0.29099426  0.00000000   -0.01485076  0.00705169
 -0.01402964  0.00000000   -0.01485076 -0.00705169    0.27230693  0.00000000
    1    2
 -0.11855523  0.04753719    0.07939375 -0.03020413   -0.10729493 -0.02720727
  0.07939375 -0.03020413   -0.12911205  0.04369660   -0.07939375  0.03020413
 -0.10729493 -0.02720727   -0.07939375  0.03020413   -0.11855523  0.04753719
    2    1
 -0.11855523 -0.04753719    0.07939375  0.03020413   -0.10729493  0.02720727
  0.07939375  0.03020413   -0.12911205 -0.04369660   -0.07939375 -0.03020413
 -0.10729493  0.02720727   -0.07939375 -0.03020413   -0.11855523 -0.04753719
    2    2
  0.27230693  0.00000000    0.01485076 -0.00705169   -0.01402964  0.00000000
  0.01485076  0.00705169    0.29099426  0.00000000   -0.01485076 -0.00705169
 -0.01402964  0.00000000   -0.01485076  0.00705169    0.27230693  0.00000000

     Dynamical  Matrix in cartesian axes

     q = (   -0.625000000  -0.375000000  -0.625000000 ) 

    1    1
  0.27230693  0.00000000    0.01485076 -0.00705169    0.01402964  0.00000000
  0.01485076  0.00705169    0.29099426  0.00000000    0.01485076  0.00705169
  0.01402964  0.00000000    0.01485076 -0.00705169    0.27230693  0.00000000
    1    2
  0.11855523  0.04753719   -0.07939375 -0.03020413   -0.10729493  0.02720727
 -0.07939375 -0.03020413    0.12911205  0.04369660   -0.07939375 -0.03020413
 -0.10729493  0.02720727   -0.07939375 -0.03020413    0.11855523  0.04753719
    2    1
  0.11855523 -0.04753719   -0.07939375  0.03020413   -0.10729493 -0.02720727
 -0.07939375  0.03020413    0.12911205 -0.04369660   -0.07939375  0.03020413
 -0.10729493 -0.02720727   -0.07939375  0.03020413    0.11855523 -0.04753719
    2    2
  0.27230693  0.00000000    0.01485076  0.00705169    0.01402964  0.00000000
  0.01485076 -0.00705169    0.29099426  0.00000000    0.01485076 -0.00705169
  0.01402964  0.00000000    0.01485076  0.00705169    0.27230693  0.00000000

     Dynamical  Matrix in cartesian axes

     q = (   -0.625000000   0.375000000  -0.625000000 ) 

    1    1
  0.27230693  0.00000000   -0.01485076 -0.00705169    0.01402964  0.00000000
 -0.01485076  0.00705169    0.29099426  0.00000000   -0.01485076  0.00705169
  0.01402964  0.00000000   -0.01485076 -0.00705169    0.27230693  0.00000000
    1    2
 -0.11744508 -0.05021733   -0.07749741 -0.03478231    0.05663053  0.09510742
 -0.07749741 -0.03478231   -0.12219417 -0.06039785   -0.07749741 -0.03478231
  0.05663053  0.09510742   -0.07749741 -0.03478231   -0.11744508 -0.05021733
    2    1
 -0.11744508  0.05021733   -0.07749741  0.03478231    0.05663053 -0.09510742
 -0.07749741  0.03478231   -0.12219417  0.06039785   -0.07749741  0.03478231
  0.05663053 -0.09510742   -0.07749741  0.03478231   -0.11744508  0.05021733
    2    2
  0.27230693  0.00000000   -0.01485076  0.00705169    0.01402964  0.00000000
 -0.01485076 -0.00705169    0.29099426  0.00000000   -0.01485076 -0.00705169
  0.01402964  0.00000000   -0.01485076  0.00705169    0.27230693  0.00000000

     Dynamical  Matrix in cartesian axes

     q = (   -0.375000000   0.625000000  -0.625000000 ) 

    1    1
  0.29099426  0.00000000   -0.01485076  0.00705169    0.01485076 -0.00705169
 -0.01485076 -0.00705169    0.27230693  0.00000000   -0.01402964  0.00000000
  0.01485076  0.00705169   -0.01402964  0.00000000    0.27230693  0.00000000
    1    2
 -0.12911205  0.04369660   -0.07939375  0.03020413    0.07939375 -0.03020413
 -0.07939375  0.03020413   -0.11855523  0.04753719   -0.10729493 -0.02720727
  0.07939375 -0.03020413   -0.10729493 -0.02720727   -0.11855523  0.04753719
    2    1
 -0.12911205 -0.04369660   -0.07939375 -0.03020413    0.07939375  0.03020413
 -0.07939375 -0.03020413   -0.11855523 -0.04753719   -0.10729493  0.02720727
  0.07939375  0.03020413   -0.10729493  0.02720727   -0.11855523 -0.04753719
    2    2
  0.29099426  0.00000000   -0.01485076 -0.00705169    0.01485076  0.00705169
 -0.01485076  0.00705169    0.27230693  0.00000000   -0.01402964  0.00000000
  0.01485076 -0.00705169   -0.01402964  0.00000000    0.27230693  0.00000000

     Dynamical  Matrix in cartesian axes

     q = (   -0.625000000   0.625000000  -0.375000000 ) 

    1    1
  0.27230693  0.00000000   -0.01402964  0.00000000    0.01485076  0.00705169
 -0.01402964  0.00000000    0.27230693  0.00000000   -0.01485076 -0.00705169
  0.01485076 -0.00705169   -0.01485076  0.00705169    0.29099426  0.00000000
    1    2
 -0.11855523  0.04753719   -0.10729493 -0.02720727    0.07939375 -0.03020413
 -0.10729493 -0.02720727   -0.11855523  0.04753719   -0.07939375  0.03020413
  0.07939375 -0.03020413   -0.07939375  0.03020413   -0.12911205  0.04369660
    2    1
 -0.11855523 -0.04753719   -0.10729493  0.02720727    0.07939375  0.03020413
 -0.10729493  0.02720727   -0.11855523 -0.04753719   -0.07939375 -0.03020413
  0.07939375  0.03020413   -0.07939375 -0.03020413   -0.12911205 -0.04369660
    2    2
  0.27230693  0.00000000   -0.01402964  0.00000000    0.01485076 -0.00705169
 -0.01402964  0.00000000    0.27230693  0.00000000   -0.01485076  0.00705169
  0.01485076  0.00705169   -0.01485076 -0.00705169    0.29099426  0.00000000

     Dynamical  Matrix in cartesian axes

     q = (    0.625000000   0.375000000   0.625000000 ) 

    1    1
  0.27230693  0.00000000    0.01485076  0.00705169    0.01402964  0.00000000
  0.01485076 -0.00705169    0.29099426  0.00000000    0.01485076 -0.00705169
  0.01402964  0.00000000    0.01485076  0.00705169    0.27230693  0.00000000
    1    2
  0.11855523 -0.04753719   -0.07939375  0.03020413   -0.10729493 -0.02720727
 -0.07939375  0.03020413    0.12911205 -0.04369660   -0.07939375  0.03020413
 -0.10729493 -0.02720727   -0.07939375  0.03020413    0.11855523 -0.04753719
    2    1
  0.11855523  0.04753719   -0.07939375 -0.03020413   -0.10729493  0.02720727
 -0.07939375 -0.03020413    0.12911205  0.04369660   -0.07939375 -0.03020413
 -0.10729493  0.02720727   -0.07939375 -0.03020413    0.11855523  0.04753719
    2    2
  0.27230693  0.00000000    0.01485076 -0.00705169    0.01402964  0.00000000
  0.01485076  0.00705169    0.29099426  0.00000000    0.01485076  0.00705169
  0.01402964  0.00000000    0.01485076 -0.00705169    0.27230693  0.00000000

     Dynamical  Matrix in cartesian axes

     q = (   -0.625000000   0.375000000   0.625000000 ) 

    1    1
  0.27230693  0.00000000   -0.01485076  0.00705169   -0.01402964  0.00000000
 -0.01485076 -0.00705169    0.29099426  0.00000000    0.01485076  0.00705169
 -0.01402964  0.00000000    0.01485076 -0.00705169    0.27230693  0.00000000
    1    2
 -0.11855523 -0.04753719   -0.07939375 -0.03020413   -0.10729493  0.02720727
 -0.07939375 -0.03020413   -0.12911205 -0.04369660    0.07939375  0.03020413
 -0.10729493  0.02720727    0.07939375  0.03020413   -0.11855523 -0.04753719
    2    1
 -0.11855523  0.04753719   -0.07939375  0.03020413   -0.10729493 -0.02720727
 -0.07939375  0.03020413   -0.12911205  0.04369660    0.07939375 -0.03020413
 -0.10729493 -0.02720727    0.07939375 -0.03020413   -0.11855523  0.04753719
    2    2
  0.27230693  0.00000000   -0.01485076 -0.00705169   -0.01402964  0.00000000
 -0.01485076  0.00705169    0.29099426  0.00000000    0.01485076 -0.00705169
 -0.01402964  0.00000000    0.01485076  0.00705169    0.27230693  0.00000000

     Dynamical  Matrix in cartesian axes

     q = (    0.625000000   0.375000000  -0.625000000 ) 

    1    1
  0.27230693  0.00000000    0.01485076 -0.00705169   -0.01402964  0.00000000
  0.01485076  0.00705169    0.29099426  0.00000000   -0.01485076 -0.00705169
 -0.01402964  0.00000000   -0.01485076  0.00705169    0.27230693  0.00000000
    1    2
 -0.11855523 -0.04753719    0.07939375  0.03020413   -0.10729493  0.02720727
  0.07939375  0.03020413   -0.12911205 -0.04369660   -0.07939375 -0.03020413
 -0.10729493  0.02720727   -0.07939375 -0.03020413   -0.11855523 -0.04753719
    2    1
 -0.11855523  0.04753719    0.07939375 -0.03020413   -0.10729493 -0.02720727
  0.07939375 -0.03020413   -0.12911205  0.04369660   -0.07939375  0.03020413
 -0.10729493 -0.02720727   -0.07939375  0.03020413   -0.11855523  0.04753719
    2    2
  0.27230693  0.00000000    0.01485076  0.00705169   -0.01402964  0.00000000
  0.01485076 -0.00705169    0.29099426  0.00000000   -0.01485076  0.00705169
 -0.01402964  0.00000000   -0.01485076 -0.00705169    0.27230693  0.00000000

     Dynamical  Matrix in cartesian axes

     q = (   -0.625000000   0.625000000   0.375000000 ) 

    1    1
  0.27230693  0.00000000   -0.01402964  0.00000000   -0.01485076  0.00705169
 -0.01402964  0.00000000    0.27230693  0.00000000    0.01485076 -0.00705169
 -0.01485076 -0.00705169    0.01485076  0.00705169    0.29099426  0.00000000
    1    2
 -0.11855523 -0.04753719   -0.10729493  0.02720727   -0.07939375 -0.03020413
 -0.10729493  0.02720727   -0.11855523 -0.04753719    0.07939375  0.03020413
 -0.07939375 -0.03020413    0.07939375  0.03020413   -0.12911205 -0.04369660
    2    1
 -0.11855523  0.04753719   -0.10729493 -0.02720727   -0.07939375  0.03020413
 -0.10729493 -0.02720727   -0.11855523  0.04753719    0.07939375 -0.03020413
 -0.07939375  0.03020413    0.07939375 -0.03020413   -0.12911205  0.04369660
    2    2
  0.27230693  0.00000000   -0.01402964  0.00000000   -0.01485076 -0.00705169
 -0.01402964  0.00000000    0.27230693  0.00000000    0.01485076  0.00705169
 -0.01485076  0.00705169    0.01485076 -0.00705169    0.29099426  0.00000000

     Dynamical  Matrix in cartesian axes

     q = (   -0.375000000   0.625000000   0.625000000 ) 

    1    1
  0.29099426  0.00000000   -0.01485076 -0.00705169   -0.01485076 -0.00705169
 -0.01485076  0.00705169    0.27230693  0.00000000    0.01402964  0.00000000
 -0.01485076  0.00705169    0.01402964  0.00000000    0.27230693  0.00000000
    1    2
 -0.12219417  0.06039785   -0.07749741  0.03478231   -0.07749741  0.03478231
 -0.07749741  0.03478231   -0.11744508  0.05021733    0.05663053 -0.09510742
 -0.07749741  0.03478231    0.05663053 -0.09510742   -0.11744508  0.05021733
    2    1
 -0.12219417 -0.06039785   -0.07749741 -0.03478231   -0.07749741 -0.03478231
 -0.07749741 -0.03478231   -0.11744508 -0.05021733    0.05663053  0.09510742
 -0.07749741 -0.03478231    0.05663053  0.09510742   -0.11744508 -0.05021733
    2    2
  0.29099426  0.00000000   -0.01485076  0.00705169   -0.01485076  0.00705169
 -0.01485076 -0.00705169    0.27230693  0.00000000    0.01402964  0.00000000
 -0.01485076 -0.00705169    0.01402964  0.00000000    0.27230693  0.00000000

     Dynamical  Matrix in cartesian axes

     q = (    0.375000000   0.625000000  -0.625000000 ) 

    1    1
  0.29099426  0.00000000    0.01485076  0.00705169   -0.01485076 -0.00705169
  0.01485076 -0.00705169    0.27230693  0.00000000   -0.01402964  0.00000000
 -0.01485076  0.00705169   -0.01402964  0.00000000    0.27230693  0.00000000
    1    2
 -0.12911205 -0.04369660    0.07939375  0.03020413   -0.07939375 -0.03020413
  0.07939375  0.03020413   -0.11855523 -0.04753719   -0.10729493  0.02720727
 -0.07939375 -0.03020413   -0.10729493  0.02720727   -0.11855523 -0.04753719
    2    1
 -0.12911205  0.04369660    0.07939375 -0.03020413   -0.07939375  0.03020413
  0.07939375 -0.03020413   -0.11855523  0.04753719   -0.10729493 -0.02720727
 -0.07939375  0.03020413   -0.10729493 -0.02720727   -0.11855523  0.04753719
    2    2
  0.29099426  0.00000000    0.01485076 -0.00705169   -0.01485076  0.00705169
  0.01485076  0.00705169    0.27230693  0.00000000   -0.01402964  0.00000000
 -0.01485076 -0.00705169   -0.01402964  0.00000000    0.27230693  0.00000000

     Dynamical  Matrix in cartesian axes

     q = (   -0.375000000  -0.625000000  -0.625000000 ) 

    1    1
  0.29099426  0.00000000    0.01485076  0.00705169    0.01485076  0.00705169
  0.01485076 -0.00705169    0.27230693  0.00000000    0.01402964  0.00000000
  0.01485076 -0.00705169    0.01402964  0.00000000    0.27230693  0.00000000
    1    2
  0.12911205  0.04369660   -0.07939375 -0.03020413   -0.07939375 -0.03020413
 -0.07939375 -0.03020413    0.11855523  0.04753719   -0.10729493  0.02720727
 -0.07939375 -0.03020413   -0.10729493  0.02720727    0.11855523  0.04753719
    2    1
  0.12911205 -0.04369660   -0.07939375  0.03020413   -0.07939375  0.03020413
 -0.07939375  0.03020413    0.11855523 -0.04753719   -0.10729493 -0.02720727
 -0.07939375  0.03020413   -0.10729493 -0.02720727    0.11855523 -0.04753719
    2    2
  0.29099426  0.00000000    0.01485076 -0.00705169    0.01485076 -0.00705169
  0.01485076  0.00705169    0.27230693  0.00000000    0.01402964  0.00000000
  0.01485076  0.00705169    0.01402964  0.00000000    0.27230693  0.00000000

     Dynamical  Matrix in cartesian axes

     q = (    0.625000000   0.625000000  -0.375000000 ) 

    1    1
  0.27230693  0.00000000    0.01402964  0.00000000   -0.01485076  0.00705169
  0.01402964  0.00000000    0.27230693  0.00000000   -0.01485076  0.00705169
 -0.01485076 -0.00705169   -0.01485076 -0.00705169    0.29099426  0.00000000
    1    2
 -0.11744508  0.05021733    0.05663053 -0.09510742   -0.07749741  0.03478231
  0.05663053 -0.09510742   -0.11744508  0.05021733   -0.07749741  0.03478231
 -0.07749741  0.03478231   -0.07749741  0.03478231   -0.12219417  0.06039785
    2    1
 -0.11744508 -0.05021733    0.05663053  0.09510742   -0.07749741 -0.03478231
  0.05663053  0.09510742   -0.11744508 -0.05021733   -0.07749741 -0.03478231
 -0.07749741 -0.03478231   -0.07749741 -0.03478231   -0.12219417 -0.06039785
    2    2
  0.27230693  0.00000000    0.01402964  0.00000000   -0.01485076 -0.00705169
  0.01402964  0.00000000    0.27230693  0.00000000   -0.01485076 -0.00705169
 -0.01485076  0.00705169   -0.01485076  0.00705169    0.29099426  0.00000000

     Dynamical  Matrix in cartesian axes

     q = (   -0.625000000  -0.625000000  -0.375000000 ) 

    1    1
  0.27230693  0.00000000    0.01402964  0.00000000    0.01485076 -0.00705169
  0.01402964  0.00000000    0.27230693  0.00000000    0.01485076 -0.00705169
  0.01485076  0.00705169    0.01485076  0.00705169    0.29099426  0.00000000
    1    2
  0.11855523  0.04753719   -0.10729493  0.02720727   -0.07939375 -0.03020413
 -0.10729493  0.02720727    0.11855523  0.04753719   -0.07939375 -0.03020413
 -0.07939375 -0.03020413   -0.07939375 -0.03020413    0.12911205  0.04369660
    2    1
  0.11855523 -0.04753719   -0.10729493 -0.02720727   -0.07939375  0.03020413
 -0.10729493 -0.02720727    0.11855523 -0.04753719   -0.07939375  0.03020413
 -0.07939375  0.03020413   -0.07939375  0.03020413    0.12911205 -0.04369660
    2    2
  0.27230693  0.00000000    0.01402964  0.00000000    0.01485076  0.00705169
  0.01402964  0.00000000    0.27230693  0.00000000    0.01485076  0.00705169
  0.01485076 -0.00705169    0.01485076 -0.00705169    0.29099426  0.00000000

     Dynamical  Matrix in cartesian axes

     q = (    0.375000000  -0.625000000   0.625000000 ) 

    1    1
  0.29099426  0.00000000   -0.01485076 -0.00705169    0.01485076  0.00705169
 -0.01485076  0.00705169    0.27230693  0.00000000   -0.01402964  0.00000000
  0.01485076 -0.00705169   -0.01402964  0.00000000    0.27230693  0.00000000
    1    2
 -0.12911205 -0.04369660   -0.07939375 -0.03020413    0.07939375  0.03020413
 -0.07939375 -0.03020413   -0.11855523 -0.04753719   -0.10729493  0.02720727
  0.07939375  0.03020413   -0.10729493  0.02720727   -0.11855523 -0.04753719
    2    1
 -0.12911205  0.04369660   -0.07939375  0.03020413    0.07939375 -0.03020413
 -0.07939375  0.03020413   -0.11855523  0.04753719   -0.10729493 -0.02720727
  0.07939375 -0.03020413   -0.10729493 -0.02720727   -0.11855523  0.04753719
    2    2
  0.29099426  0.00000000   -0.01485076  0.00705169    0.01485076 -0.00705169
 -0.01485076 -0.00705169    0.27230693  0.00000000   -0.01402964  0.00000000
  0.01485076  0.00705169   -0.01402964  0.00000000    0.27230693  0.00000000

     Dynamical  Matrix in cartesian axes

     q = (    0.625000000  -0.625000000   0.375000000 ) 

    1    1
  0.27230693  0.00000000   -0.01402964  0.00000000    0.01485076 -0.00705169
 -0.01402964  0.00000000    0.27230693  0.00000000   -0.01485076  0.00705169
  0.01485076  0.00705169   -0.01485076 -0.00705169    0.29099426  0.00000000
    1    2
 -0.11855523 -0.04753719   -0.10729493  0.02720727    0.07939375  0.03020413
 -0.10729493  0.02720727   -0.11855523 -0.04753719   -0.07939375 -0.03020413
  0.07939375  0.03020413   -0.07939375 -0.03020413   -0.12911205 -0.04369660
    2    1
 -0.11855523  0.04753719   -0.10729493 -0.02720727    0.07939375 -0.03020413
 -0.10729493 -0.02720727   -0.11855523  0.04753719   -0.07939375  0.03020413
  0.07939375 -0.03020413   -0.07939375  0.03020413   -0.12911205  0.04369660
    2    2
  0.27230693  0.00000000   -0.01402964  0.00000000    0.01485076  0.00705169
 -0.01402964  0.00000000    0.27230693  0.00000000   -0.01485076 -0.00705169
  0.01485076 -0.00705169   -0.01485076  0.00705169    0.29099426  0.00000000

     Dynamical  Matrix in cartesian axes

     q = (    0.375000000   0.625000000   0.625000000 ) 

    1    1
  0.29099426  0.00000000    0.01485076 -0.00705169    0.01485076 -0.00705169
  0.01485076  0.00705169    0.27230693  0.00000000    0.01402964  0.00000000
  0.01485076  0.00705169    0.01402964  0.00000000    0.27230693  0.00000000
    1    2
  0.12911205 -0.04369660   -0.07939375  0.03020413   -0.07939375  0.03020413
 -0.07939375  0.03020413    0.11855523 -0.04753719   -0.10729493 -0.02720727
 -0.07939375  0.03020413   -0.10729493 -0.02720727    0.11855523 -0.04753719
    2    1
  0.12911205  0.04369660   -0.07939375 -0.03020413   -0.07939375 -0.03020413
 -0.07939375 -0.03020413    0.11855523  0.04753719   -0.10729493  0.02720727
 -0.07939375 -0.03020413   -0.10729493  0.02720727    0.11855523  0.04753719
    2    2
  0.29099426  0.00000000    0.01485076  0.00705169    0.01485076  0.00705169
  0.01485076 -0.00705169    0.27230693  0.00000000    0.01402964  0.00000000
  0.01485076 -0.00705169    0.01402964  0.00000000    0.27230693  0.00000000

     Dynamical  Matrix in cartesian axes

     q = (   -0.625000000  -0.625000000   0.375000000 ) 

    1    1
  0.27230693  0.00000000    0.01402964  0.00000000   -0.01485076 -0.00705169
  0.01402964  0.00000000    0.27230693  0.00000000   -0.01485076 -0.00705169
 -0.01485076  0.00705169   -0.01485076  0.00705169    0.29099426  0.00000000
    1    2
 -0.11744508 -0.05021733    0.05663053  0.09510742   -0.07749741 -0.03478231
  0.05663053  0.09510742   -0.11744508 -0.05021733   -0.07749741 -0.03478231
 -0.07749741 -0.03478231   -0.07749741 -0.03478231   -0.12219417 -0.06039785
    2    1
 -0.11744508  0.05021733    0.05663053 -0.09510742   -0.07749741  0.03478231
  0.05663053 -0.09510742   -0.11744508  0.05021733   -0.07749741  0.03478231
 -0.07749741  0.03478231   -0.07749741  0.03478231   -0.12219417  0.06039785
    2    2
  0.27230693  0.00000000    0.01402964  0.00000000   -0.01485076  0.00705169
  0.01402964  0.00000000    0.27230693  0.00000000   -0.01485076  0.00705169
 -0.01485076 -0.00705169   -0.01485076 -0.00705169    0.29099426  0.00000000

     Dynamical  Matrix in cartesian axes

     q = (   -0.375000000  -0.625000000   0.625000000 ) 

    1    1
  0.29099426  0.00000000    0.01485076 -0.00705169   -0.01485076  0.00705169
  0.01485076  0.00705169    0.27230693  0.00000000   -0.01402964  0.00000000
 -0.01485076 -0.00705169   -0.01402964  0.00000000    0.27230693  0.00000000
    1    2
 -0.12911205  0.04369660    0.07939375 -0.03020413   -0.07939375  0.03020413
  0.07939375 -0.03020413   -0.11855523  0.04753719   -0.10729493 -0.02720727
 -0.07939375  0.03020413   -0.10729493 -0.02720727   -0.11855523  0.04753719
    2    1
 -0.12911205 -0.04369660    0.07939375  0.03020413   -0.07939375 -0.03020413
  0.07939375  0.03020413   -0.11855523 -0.04753719   -0.10729493  0.02720727
 -0.07939375 -0.03020413   -0.10729493  0.02720727   -0.11855523 -0.04753719
    2    2
  0.29099426  0.00000000    0.01485076  0.00705169   -0.01485076 -0.00705169
  0.01485076 -0.00705169    0.27230693  0.00000000   -0.01402964  0.00000000
 -0.01485076  0.00705169   -0.01402964  0.00000000    0.27230693  0.00000000

     Dynamical  Matrix in cartesian axes

     q = (    0.625000000   0.625000000   0.375000000 ) 

    1    1
  0.27230693  0.00000000    0.01402964  0.00000000    0.01485076  0.00705169
  0.01402964  0.00000000    0.27230693  0.00000000    0.01485076  0.00705169
  0.01485076 -0.00705169    0.01485076 -0.00705169    0.29099426  0.00000000
    1    2
  0.11855523 -0.04753719   -0.10729493 -0.02720727   -0.07939375  0.03020413
 -0.10729493 -0.02720727    0.11855523 -0.04753719   -0.07939375  0.03020413
 -0.07939375  0.03020413   -0.07939375  0.03020413    0.12911205 -0.04369660
    2    1
  0.11855523  0.04753719   -0.10729493  0.02720727   -0.07939375 -0.03020413
 -0.10729493  0.02720727    0.11855523  0.04753719   -0.07939375 -0.03020413
 -0.07939375 -0.03020413   -0.07939375 -0.03020413    0.12911205  0.04369660
    2    2
  0.27230693  0.00000000    0.01402964  0.00000000    0.01485076 -0.00705169
  0.01402964  0.00000000    0.27230693  0.00000000    0.01485076 -0.00705169
  0.01485076  0.00705169    0.01485076  0.00705169    0.29099426  0.00000000

     Dynamical  Matrix in cartesian axes

     q = (    0.375000000  -0.625000000  -0.625000000 ) 

    1    1
  0.29099426  0.00000000   -0.01485076  0.00705169   -0.01485076  0.00705169
 -0.01485076 -0.00705169    0.27230693  0.00000000    0.01402964  0.00000000
 -0.01485076 -0.00705169    0.01402964  0.00000000    0.27230693  0.00000000
    1    2
 -0.12219417 -0.06039785   -0.07749741 -0.03478231   -0.07749741 -0.03478231
 -0.07749741 -0.03478231   -0.11744508 -0.05021733    0.05663053  0.09510742
 -0.07749741 -0.03478231    0.05663053  0.09510742   -0.11744508 -0.05021733
    2    1
 -0.12219417  0.06039785   -0.07749741  0.03478231   -0.07749741  0.03478231
 -0.07749741  0.03478231   -0.11744508  0.05021733    0.05663053 -0.09510742
 -0.07749741  0.03478231    0.05663053 -0.09510742   -0.11744508  0.05021733
    2    2
  0.29099426  0.00000000   -0.01485076 -0.00705169   -0.01485076 -0.00705169
 -0.01485076  0.00705169    0.27230693  0.00000000    0.01402964  0.00000000
 -0.01485076  0.00705169    0.01402964  0.00000000    0.27230693  0.00000000

     Dynamical  Matrix in cartesian axes

     q = (    0.625000000  -0.625000000  -0.375000000 ) 

    1    1
  0.27230693  0.00000000   -0.01402964  0.00000000   -0.01485076 -0.00705169
 -0.01402964  0.00000000    0.27230693  0.00000000    0.01485076  0.00705169
 -0.01485076  0.00705169    0.01485076 -0.00705169    0.29099426  0.00000000
    1    2
 -0.11855523  0.04753719   -0.10729493 -0.02720727   -0.07939375  0.03020413
 -0.10729493 -0.02720727   -0.11855523  0.04753719    0.07939375 -0.03020413
 -0.07939375  0.03020413    0.07939375 -0.03020413   -0.12911205  0.04369660
    2    1
 -0.11855523 -0.04753719   -0.10729493  0.02720727   -0.07939375 -0.03020413
 -0.10729493  0.02720727   -0.11855523 -0.04753719    0.07939375  0.03020413
 -0.07939375 -0.03020413    0.07939375  0.03020413   -0.12911205 -0.04369660
    2    2
  0.27230693  0.00000000   -0.01402964  0.00000000   -0.01485076  0.00705169
 -0.01402964  0.00000000    0.27230693  0.00000000    0.01485076 -0.00705169
 -0.01485076 -0.00705169    0.01485076  0.00705169    0.29099426  0.00000000

     Diagonalizing the dynamical matrix

     q = (    0.625000000  -0.375000000   0.625000000 ) 

 **************************************************************************
     omega( 1) =       3.650200 [THz] =     121.757551 [cm-1]
 (  0.383827 -0.320433  0.000000  0.000000 -0.383827  0.320433 ) 
 (  0.500000  0.000000  0.000000  0.000000 -0.500000  0.000000 ) 
     omega( 2) =       4.570191 [THz] =     152.445175 [cm-1]
 ( -0.305643  0.003048 -0.542085  0.138892 -0.305643  0.003048 ) 
 ( -0.305658  0.000000 -0.543443 -0.133480 -0.305658  0.000000 ) 
     omega( 3) =      10.205392 [THz] =     340.415237 [cm-1]
 (  0.208704 -0.366656 -0.056054  0.375327  0.208704 -0.366656 ) 
 ( -0.421893  0.000000  0.353916  0.136953 -0.421893  0.000000 ) 
     omega( 4) =      12.327439 [THz] =     411.199100 [cm-1]
 (  0.203944 -0.312086 -0.058718  0.467515  0.203944 -0.312086 ) 
 (  0.372815  0.000000 -0.423481 -0.206595  0.372815  0.000000 ) 
     omega( 5) =      14.320365 [THz] =     477.675950 [cm-1]
 (  0.383827 -0.320433  0.000000  0.000000 -0.383827  0.320433 ) 
 ( -0.500000  0.000000  0.000000  0.000000  0.500000  0.000000 ) 
     omega( 6) =      14.532137 [THz] =     484.739917 [cm-1]
 (  0.271972  0.124978  0.559448 -0.088552  0.271972  0.124978 ) 
 ( -0.299313  0.000000 -0.471370 -0.314060 -0.299313  0.000000 ) 
 **************************************************************************
