Dynamical matrix file
                                                                           
  1    2  2 10.2000000  0.0000000  0.0000000  0.0000000  0.0000000  0.0000000
           1  'Si  '    25598.8229845270     
    1    1      0.0000000      0.0000000      0.0000000
    2    1      0.2500000      0.2500000      0.2500000

     Dynamical  Matrix in cartesian axes

     q = (    0.625000000  -0.125000000   0.625000000 ) 

    1    1
  0.26144864  0.00000000   -0.00521470  0.00866832    0.01013040  0.00000000
 -0.00521470 -0.00866832    0.29621937  0.00000000   -0.00521470 -0.00866832
  0.01013040  0.00000000   -0.00521470  0.00866832    0.26144864  0.00000000
    1    2
 -0.02037670  0.08124174   -0.07780500  0.03395299   -0.01052639 -0.12773301
 -0.07780500  0.03395299   -0.01819514  0.10221722   -0.07780500  0.03395299
 -0.01052639 -0.12773301   -0.07780500  0.03395299   -0.02037670  0.08124174
    2    1
 -0.02037670 -0.08124174   -0.07780500 -0.03395299   -0.01052639  0.12773301
 -0.07780500 -0.03395299   -0.01819514 -0.10221722   -0.07780500 -0.03395299
 -0.01052639  0.12773301   -0.07780500 -0.03395299   -0.02037670 -0.08124174
    2    2
  0.26144864  0.00000000   -0.00521470 -0.00866832    0.01013040  0.00000000
 -0.00521470  0.00866832    0.29621937  0.00000000   -0.00521470  0.00866832
  0.01013040  0.00000000   -0.00521470 -0.00866832    0.26144864  0.00000000

     Dynamical  Matrix in cartesian axes

     q = (   -0.625000000  -0.125000000   0.625000000 ) 

    1    1
  0.26144864  0.00000000    0.00521470  0.00866832   -0.01013040  0.00000000
  0.00521470 -0.00866832    0.29621937  0.00000000   -0.00521470  0.00866832
 -0.01013040  0.00000000   -0.00521470 -0.00866832    0.26144864  0.00000000
    1    2
 -0.08124174  0.02037670    0.03395299 -0.07780500   -0.12773301 -0.01052639
  0.03395299 -0.07780500   -0.10221722  0.01819514   -0.03395299  0.07780500
 -0.12773301 -0.01052639   -0.03395299  0.07780500   -0.08124174  0.02037670
    2    1
 -0.08124174 -0.02037670    0.03395299  0.07780500   -0.12773301  0.01052639
  0.03395299  0.07780500   -0.10221722 -0.01819514   -0.03395299 -0.07780500
 -0.12773301  0.01052639   -0.03395299 -0.07780500   -0.08124174 -0.02037670
    2    2
  0.26144864  0.00000000    0.00521470 -0.00866832   -0.01013040  0.00000000
  0.00521470  0.00866832    0.29621937  0.00000000   -0.00521470 -0.00866832
 -0.01013040  0.00000000   -0.00521470  0.00866832    0.26144864  0.00000000

     Dynamical  Matrix in cartesian axes

     q = (   -0.625000000  -0.125000000  -0.625000000 ) 

    1    1
  0.26144864  0.00000000    0.00521470 -0.00866832    0.01013040  0.00000000
  0.00521470  0.00866832    0.29621937  0.00000000    0.00521470  0.00866832
  0.01013040  0.00000000    0.00521470 -0.00866832    0.26144864  0.00000000
    1    2
  0.07185509 -0.04303809   -0.07902484 -0.03100805   -0.08287760  0.09776416
 -0.07902484 -0.03100805    0.08514439 -0.05941258   -0.07902484 -0.03100805
 -0.08287760  0.09776416   -0.07902484 -0.03100805    0.07185509 -0.04303809
    2    1
  0.07185509  0.04303809   -0.07902484  0.03100805   -0.08287760 -0.09776416
 -0.07902484  0.03100805    0.08514439  0.05941258   -0.07902484  0.03100805
 -0.08287760 -0.09776416   -0.07902484  0.03100805    0.07185509  0.04303809
    2    2
  0.26144864  0.00000000    0.00521470  0.00866832    0.01013040  0.00000000
  0.00521470 -0.00866832    0.29621937  0.00000000    0.00521470 -0.00866832
  0.01013040  0.00000000    0.00521470  0.00866832    0.26144864  0.00000000

     Dynamical  Matrix in cartesian axes

     q = (    0.625000000  -0.125000000  -0.625000000 ) 

    1    1
  0.26144864  0.00000000   -0.00521470 -0.00866832   -0.01013040  0.00000000
 -0.00521470  0.00866832    0.29621937  0.00000000    0.00521470 -0.00866832
 -0.01013040  0.00000000    0.00521470  0.00866832    0.26144864  0.00000000
    1    2
 -0.08124174  0.02037670   -0.03395299  0.07780500   -0.12773301 -0.01052639
 -0.03395299  0.07780500   -0.10221722  0.01819514    0.03395299 -0.07780500
 -0.12773301 -0.01052639    0.03395299 -0.07780500   -0.08124174  0.02037670
    2    1
 -0.08124174 -0.02037670   -0.03395299 -0.07780500   -0.12773301  0.01052639
 -0.03395299 -0.07780500   -0.10221722 -0.01819514    0.03395299  0.07780500
 -0.12773301  0.01052639    0.03395299  0.07780500   -0.08124174 -0.02037670
    2    2
  0.26144864  0.00000000   -0.00521470  0.00866832   -0.01013040  0.00000000
 -0.00521470 -0.00866832    0.29621937  0.00000000    0.00521470  0.00866832
 -0.01013040  0.00000000    0.00521470 -0.00866832    0.26144864  0.00000000

     Dynamical  Matrix in cartesian axes

     q = (   -0.625000000   0.125000000  -0.625000000 ) 

    1    1
  0.26144864  0.00000000   -0.00521470 -0.00866832    0.01013040  0.00000000
 -0.00521470  0.00866832    0.29621937  0.00000000   -0.00521470  0.00866832
  0.01013040  0.00000000   -0.00521470 -0.00866832    0.26144864  0.00000000
    1    2
 -0.02037670 -0.08124174   -0.07780500 -0.03395299   -0.01052639  0.12773301
 -0.07780500 -0.03395299   -0.01819514 -0.10221722   -0.07780500 -0.03395299
 -0.01052639  0.12773301   -0.07780500 -0.03395299   -0.02037670 -0.08124174
    2    1
 -0.02037670  0.08124174   -0.07780500  0.03395299   -0.01052639 -0.12773301
 -0.07780500  0.03395299   -0.01819514  0.10221722   -0.07780500  0.03395299
 -0.01052639 -0.12773301   -0.07780500  0.03395299   -0.02037670  0.08124174
    2    2
  0.26144864  0.00000000   -0.00521470  0.00866832    0.01013040  0.00000000
 -0.00521470 -0.00866832    0.29621937  0.00000000   -0.00521470 -0.00866832
  0.01013040  0.00000000   -0.00521470  0.00866832    0.26144864  0.00000000

     Dynamical  Matrix in cartesian axes

     q = (   -0.125000000   0.625000000  -0.625000000 ) 

    1    1
  0.29621937  0.00000000   -0.00521470  0.00866832    0.00521470 -0.00866832
 -0.00521470 -0.00866832    0.26144864  0.00000000   -0.01013040  0.00000000
  0.00521470  0.00866832   -0.01013040  0.00000000    0.26144864  0.00000000
    1    2
 -0.10221722  0.01819514   -0.03395299  0.07780500    0.03395299 -0.07780500
 -0.03395299  0.07780500   -0.08124174  0.02037670   -0.12773301 -0.01052639
  0.03395299 -0.07780500   -0.12773301 -0.01052639   -0.08124174  0.02037670
    2    1
 -0.10221722 -0.01819514   -0.03395299 -0.07780500    0.03395299  0.07780500
 -0.03395299 -0.07780500   -0.08124174 -0.02037670   -0.12773301  0.01052639
  0.03395299  0.07780500   -0.12773301  0.01052639   -0.08124174 -0.02037670
    2    2
  0.29621937  0.00000000   -0.00521470 -0.00866832    0.00521470  0.00866832
 -0.00521470  0.00866832    0.26144864  0.00000000   -0.01013040  0.00000000
  0.00521470 -0.00866832   -0.01013040  0.00000000    0.26144864  0.00000000

     Dynamical  Matrix in cartesian axes

     q = (   -0.625000000   0.625000000  -0.125000000 ) 

    1    1
  0.26144864  0.00000000   -0.01013040  0.00000000    0.00521470  0.00866832
 -0.01013040  0.00000000    0.26144864  0.00000000   -0.00521470 -0.00866832
  0.00521470 -0.00866832   -0.00521470  0.00866832    0.29621937  0.00000000
    1    2
 -0.08124174  0.02037670   -0.12773301 -0.01052639    0.03395299 -0.07780500
 -0.12773301 -0.01052639   -0.08124174  0.02037670   -0.03395299  0.07780500
  0.03395299 -0.07780500   -0.03395299  0.07780500   -0.10221722  0.01819514
    2    1
 -0.08124174 -0.02037670   -0.12773301  0.01052639    0.03395299  0.07780500
 -0.12773301  0.01052639   -0.08124174 -0.02037670   -0.03395299 -0.07780500
  0.03395299  0.07780500   -0.03395299 -0.07780500   -0.10221722 -0.01819514
    2    2
  0.26144864  0.00000000   -0.01013040  0.00000000    0.00521470 -0.00866832
 -0.01013040  0.00000000    0.26144864  0.00000000   -0.00521470  0.00866832
  0.00521470  0.00866832   -0.00521470 -0.00866832    0.29621937  0.00000000

     Dynamical  Matrix in cartesian axes

     q = (    0.625000000   0.125000000   0.625000000 ) 

    1    1
  0.26144864  0.00000000    0.00521470  0.00866832    0.01013040  0.00000000
  0.00521470 -0.00866832    0.29621937  0.00000000    0.00521470 -0.00866832
  0.01013040  0.00000000    0.00521470  0.00866832    0.26144864  0.00000000
    1    2
  0.07185509  0.04303809   -0.07902484  0.03100805   -0.08287760 -0.09776416
 -0.07902484  0.03100805    0.08514439  0.05941258   -0.07902484  0.03100805
 -0.08287760 -0.09776416   -0.07902484  0.03100805    0.07185509  0.04303809
    2    1
  0.07185509 -0.04303809   -0.07902484 -0.03100805   -0.08287760  0.09776416
 -0.07902484 -0.03100805    0.08514439 -0.05941258   -0.07902484 -0.03100805
 -0.08287760  0.09776416   -0.07902484 -0.03100805    0.07185509 -0.04303809
    2    2
  0.26144864  0.00000000    0.00521470 -0.00866832    0.01013040  0.00000000
  0.00521470  0.00866832    0.29621937  0.00000000    0.00521470  0.00866832
  0.01013040  0.00000000    0.00521470 -0.00866832    0.26144864  0.00000000

     Dynamical  Matrix in cartesian axes

     q = (   -0.625000000   0.125000000   0.625000000 ) 

    1    1
  0.26144864  0.00000000   -0.00521470  0.00866832   -0.01013040  0.00000000
 -0.00521470 -0.00866832    0.29621937  0.00000000    0.00521470  0.00866832
 -0.01013040  0.00000000    0.00521470 -0.00866832    0.26144864  0.00000000
    1    2
 -0.08124174 -0.02037670   -0.03395299 -0.07780500   -0.12773301  0.01052639
 -0.03395299 -0.07780500   -0.10221722 -0.01819514    0.03395299  0.07780500
 -0.12773301  0.01052639    0.03395299  0.07780500   -0.08124174 -0.02037670
    2    1
 -0.08124174  0.02037670   -0.03395299  0.07780500   -0.12773301 -0.01052639
 -0.03395299  0.07780500   -0.10221722  0.01819514    0.03395299 -0.07780500
 -0.12773301 -0.01052639    0.03395299 -0.07780500   -0.08124174  0.02037670
    2    2
  0.26144864  0.00000000   -0.00521470 -0.00866832   -0.01013040  0.00000000
 -0.00521470  0.00866832    0.29621937  0.00000000    0.00521470 -0.00866832
 -0.01013040  0.00000000    0.00521470  0.00866832    0.26144864  0.00000000

     Dynamical  Matrix in cartesian axes

     q = (    0.625000000   0.125000000  -0.625000000 ) 

    1    1
  0.26144864  0.00000000    0.00521470 -0.00866832   -0.01013040  0.00000000
  0.00521470  0.00866832    0.29621937  0.00000000   -0.00521470 -0.00866832
 -0.01013040  0.00000000   -0.00521470  0.00866832    0.26144864  0.00000000
    1    2
 -0.08124174 -0.02037670    0.03395299  0.07780500   -0.12773301  0.01052639
  0.03395299  0.07780500   -0.10221722 -0.01819514   -0.03395299 -0.07780500
 -0.12773301  0.01052639   -0.03395299 -0.07780500   -0.08124174 -0.02037670
    2    1
 -0.08124174  0.02037670    0.03395299 -0.07780500   -0.12773301 -0.01052639
  0.03395299 -0.07780500   -0.10221722  0.01819514   -0.03395299  0.07780500
 -0.12773301 -0.01052639   -0.03395299  0.07780500   -0.08124174  0.02037670
    2    2
  0.26144864  0.00000000    0.00521470  0.00866832   -0.01013040  0.00000000
  0.00521470 -0.00866832    0.29621937  0.00000000   -0.00521470  0.00866832
 -0.01013040  0.00000000   -0.00521470 -0.00866832    0.26144864  0.00000000

     Dynamical  Matrix in cartesian axes

     q = (   -0.625000000   0.625000000   0.125000000 ) 

    1    1
  0.26144864  0.00000000   -0.01013040  0.00000000   -0.00521470  0.00866832
 -0.01013040  0.00000000    0.26144864  0.00000000    0.00521470 -0.00866832
 -0.00521470 -0.00866832    0.00521470  0.00866832    0.29621937  0.00000000
    1    2
 -0.08124174 -0.02037670   -0.12773301  0.01052639   -0.03395299 -0.07780500
 -0.12773301  0.01052639   -0.08124174 -0.02037670    0.03395299  0.07780500
 -0.03395299 -0.07780500    0.03395299  0.07780500   -0.10221722 -0.01819514
    2    1
 -0.08124174  0.02037670   -0.12773301 -0.01052639   -0.03395299  0.07780500
 -0.12773301 -0.01052639   -0.08124174  0.02037670    0.03395299 -0.07780500
 -0.03395299  0.07780500    0.03395299 -0.07780500   -0.10221722  0.01819514
    2    2
  0.26144864  0.00000000   -0.01013040  0.00000000   -0.00521470 -0.00866832
 -0.01013040  0.00000000    0.26144864  0.00000000    0.00521470  0.00866832
 -0.00521470  0.00866832    0.00521470 -0.00866832    0.29621937  0.00000000

     Dynamical  Matrix in cartesian axes

     q = (   -0.125000000   0.625000000   0.625000000 ) 

    1    1
  0.29621937  0.00000000   -0.00521470 -0.00866832   -0.00521470 -0.00866832
 -0.00521470  0.00866832    0.26144864  0.00000000    0.01013040  0.00000000
 -0.00521470  0.00866832    0.01013040  0.00000000    0.26144864  0.00000000
    1    2
 -0.01819514  0.10221722   -0.07780500  0.03395299   -0.07780500  0.03395299
 -0.07780500  0.03395299   -0.02037670  0.08124174   -0.01052639 -0.12773301
 -0.07780500  0.03395299   -0.01052639 -0.12773301   -0.02037670  0.08124174
    2    1
 -0.01819514 -0.10221722   -0.07780500 -0.03395299   -0.07780500 -0.03395299
 -0.07780500 -0.03395299   -0.02037670 -0.08124174   -0.01052639  0.12773301
 -0.07780500 -0.03395299   -0.01052639  0.12773301   -0.02037670 -0.08124174
    2    2
  0.29621937  0.00000000   -0.00521470  0.00866832   -0.00521470  0.00866832
 -0.00521470 -0.00866832    0.26144864  0.00000000    0.01013040  0.00000000
 -0.00521470 -0.00866832    0.01013040  0.00000000    0.26144864  0.00000000

     Dynamical  Matrix in cartesian axes

     q = (    0.125000000   0.625000000  -0.625000000 ) 

    1    1
  0.29621937  0.00000000    0.00521470  0.00866832   -0.00521470 -0.00866832
  0.00521470 -0.00866832    0.26144864  0.00000000   -0.01013040  0.00000000
 -0.00521470  0.00866832   -0.01013040  0.00000000    0.26144864  0.00000000
    1    2
 -0.10221722 -0.01819514    0.03395299  0.07780500   -0.03395299 -0.07780500
  0.03395299  0.07780500   -0.08124174 -0.02037670   -0.12773301  0.01052639
 -0.03395299 -0.07780500   -0.12773301  0.01052639   -0.08124174 -0.02037670
    2    1
 -0.10221722  0.01819514    0.03395299 -0.07780500   -0.03395299  0.07780500
  0.03395299 -0.07780500   -0.08124174  0.02037670   -0.12773301 -0.01052639
 -0.03395299  0.07780500   -0.12773301 -0.01052639   -0.08124174  0.02037670
    2    2
  0.29621937  0.00000000    0.00521470 -0.00866832   -0.00521470  0.00866832
  0.00521470  0.00866832    0.26144864  0.00000000   -0.01013040  0.00000000
 -0.00521470 -0.00866832   -0.01013040  0.00000000    0.26144864  0.00000000

     Dynamical  Matrix in cartesian axes

     q = (   -0.125000000  -0.625000000  -0.625000000 ) 

    1    1
  0.29621937  0.00000000    0.00521470  0.00866832    0.00521470  0.00866832
  0.00521470 -0.00866832    0.26144864  0.00000000    0.01013040  0.00000000
  0.00521470 -0.00866832    0.01013040  0.00000000    0.26144864  0.00000000
    1    2
  0.08514439 -0.05941258   -0.07902484 -0.03100805   -0.07902484 -0.03100805
 -0.07902484 -0.03100805    0.07185509 -0.04303809   -0.08287760  0.09776416
 -0.07902484 -0.03100805   -0.08287760  0.09776416    0.07185509 -0.04303809
    2    1
  0.08514439  0.05941258   -0.07902484  0.03100805   -0.07902484  0.03100805
 -0.07902484  0.03100805    0.07185509  0.04303809   -0.08287760 -0.09776416
 -0.07902484  0.03100805   -0.08287760 -0.09776416    0.07185509  0.04303809
    2    2
  0.29621937  0.00000000    0.00521470 -0.00866832    0.00521470 -0.00866832
  0.00521470  0.00866832    0.26144864  0.00000000    0.01013040  0.00000000
  0.00521470  0.00866832    0.01013040  0.00000000    0.26144864  0.00000000

     Dynamical  Matrix in cartesian axes

     q = (    0.625000000   0.625000000  -0.125000000 ) 

    1    1
  0.26144864  0.00000000    0.01013040  0.00000000   -0.00521470  0.00866832
  0.01013040  0.00000000    0.26144864  0.00000000   -0.00521470  0.00866832
 -0.00521470 -0.00866832   -0.00521470 -0.00866832    0.29621937  0.00000000
    1    2
 -0.02037670  0.08124174   -0.01052639 -0.12773301   -0.07780500  0.03395299
 -0.01052639 -0.12773301   -0.02037670  0.08124174   -0.07780500  0.03395299
 -0.07780500  0.03395299   -0.07780500  0.03395299   -0.01819514  0.10221722
    2    1
 -0.02037670 -0.08124174   -0.01052639  0.12773301   -0.07780500 -0.03395299
 -0.01052639  0.12773301   -0.02037670 -0.08124174   -0.07780500 -0.03395299
 -0.07780500 -0.03395299   -0.07780500 -0.03395299   -0.01819514 -0.10221722
    2    2
  0.26144864  0.00000000    0.01013040  0.00000000   -0.00521470 -0.00866832
  0.01013040  0.00000000    0.26144864  0.00000000   -0.00521470 -0.00866832
 -0.00521470  0.00866832   -0.00521470  0.00866832    0.29621937  0.00000000

     Dynamical  Matrix in cartesian axes

     q = (   -0.625000000  -0.625000000  -0.125000000 ) 

    1    1
  0.26144864  0.00000000    0.01013040  0.00000000    0.00521470 -0.00866832
  0.01013040  0.00000000    0.26144864  0.00000000    0.00521470 -0.00866832
  0.00521470  0.00866832    0.00521470  0.00866832    0.29621937  0.00000000
    1    2
  0.07185509 -0.04303809   -0.08287760  0.09776416   -0.07902484 -0.03100805
 -0.08287760  0.09776416    0.07185509 -0.04303809   -0.07902484 -0.03100805
 -0.07902484 -0.03100805   -0.07902484 -0.03100805    0.08514439 -0.05941258
    2    1
  0.07185509  0.04303809   -0.08287760 -0.09776416   -0.07902484  0.03100805
 -0.08287760 -0.09776416    0.07185509  0.04303809   -0.07902484  0.03100805
 -0.07902484  0.03100805   -0.07902484  0.03100805    0.08514439  0.05941258
    2    2
  0.26144864  0.00000000    0.01013040  0.00000000    0.00521470  0.00866832
  0.01013040  0.00000000    0.26144864  0.00000000    0.00521470  0.00866832
  0.00521470 -0.00866832    0.00521470 -0.00866832    0.29621937  0.00000000

     Dynamical  Matrix in cartesian axes

     q = (    0.125000000  -0.625000000   0.625000000 ) 

    1    1
  0.29621937  0.00000000   -0.00521470 -0.00866832    0.00521470  0.00866832
 -0.00521470  0.00866832    0.26144864  0.00000000   -0.01013040  0.00000000
  0.00521470 -0.00866832   -0.01013040  0.00000000    0.26144864  0.00000000
    1    2
 -0.10221722 -0.01819514   -0.03395299 -0.07780500    0.03395299  0.07780500
 -0.03395299 -0.07780500   -0.08124174 -0.02037670   -0.12773301  0.01052639
  0.03395299  0.07780500   -0.12773301  0.01052639   -0.08124174 -0.02037670
    2    1
 -0.10221722  0.01819514   -0.03395299  0.07780500    0.03395299 -0.07780500
 -0.03395299  0.07780500   -0.08124174  0.02037670   -0.12773301 -0.01052639
  0.03395299 -0.07780500   -0.12773301 -0.01052639   -0.08124174  0.02037670
    2    2
  0.29621937  0.00000000   -0.00521470  0.00866832    0.00521470 -0.00866832
 -0.00521470 -0.00866832    0.26144864  0.00000000   -0.01013040  0.00000000
  0.00521470  0.00866832   -0.01013040  0.00000000    0.26144864  0.00000000

     Dynamical  Matrix in cartesian axes

     q = (    0.625000000  -0.625000000   0.125000000 ) 

    1    1
  0.26144864  0.00000000   -0.01013040  0.00000000    0.00521470 -0.00866832
 -0.01013040  0.00000000    0.26144864  0.00000000   -0.00521470  0.00866832
  0.00521470  0.00866832   -0.00521470 -0.00866832    0.29621937  0.00000000
    1    2
 -0.08124174 -0.02037670   -0.12773301  0.01052639    0.03395299  0.07780500
 -0.12773301  0.01052639   -0.08124174 -0.02037670   -0.03395299 -0.07780500
  0.03395299  0.07780500   -0.03395299 -0.07780500   -0.10221722 -0.01819514
    2    1
 -0.08124174  0.02037670   -0.12773301 -0.01052639    0.03395299 -0.07780500
 -0.12773301 -0.01052639   -0.08124174  0.02037670   -0.03395299  0.07780500
  0.03395299 -0.07780500   -0.03395299  0.07780500   -0.10221722  0.01819514
    2    2
  0.26144864  0.00000000   -0.01013040  0.00000000    0.00521470  0.00866832
 -0.01013040  0.00000000    0.26144864  0.00000000   -0.00521470 -0.00866832
  0.00521470 -0.00866832   -0.00521470  0.00866832    0.29621937  0.00000000

     Dynamical  Matrix in cartesian axes

     q = (    0.125000000   0.625000000   0.625000000 ) 

    1    1
  0.29621937  0.00000000    0.00521470 -0.00866832    0.00521470 -0.00866832
  0.00521470  0.00866832    0.26144864  0.00000000    0.01013040  0.00000000
  0.00521470  0.00866832    0.01013040  0.00000000    0.26144864  0.00000000
    1    2
  0.08514439  0.05941258   -0.07902484  0.03100805   -0.07902484  0.03100805
 -0.07902484  0.03100805    0.07185509  0.04303809   -0.08287760 -0.09776416
 -0.07902484  0.03100805   -0.08287760 -0.09776416    0.07185509  0.04303809
    2    1
  0.08514439 -0.05941258   -0.07902484 -0.03100805   -0.07902484 -0.03100805
 -0.07902484 -0.03100805    0.07185509 -0.04303809   -0.08287760  0.09776416
 -0.07902484 -0.03100805   -0.08287760  0.09776416    0.07185509 -0.04303809
    2    2
  0.29621937  0.00000000    0.00521470  0.00866832    0.00521470  0.00866832
  0.00521470 -0.00866832    0.26144864  0.00000000    0.01013040  0.00000000
  0.00521470 -0.00866832    0.01013040  0.00000000    0.26144864  0.00000000

     Dynamical  Matrix in cartesian axes

     q = (   -0.625000000  -0.625000000   0.125000000 ) 

    1    1
  0.26144864  0.00000000    0.01013040  0.00000000   -0.00521470 -0.00866832
  0.01013040  0.00000000    0.26144864  0.00000000   -0.00521470 -0.00866832
 -0.00521470  0.00866832   -0.00521470  0.00866832    0.29621937  0.00000000
    1    2
 -0.02037670 -0.08124174   -0.01052639  0.12773301   -0.07780500 -0.03395299
 -0.01052639  0.12773301   -0.02037670 -0.08124174   -0.07780500 -0.03395299
 -0.07780500 -0.03395299   -0.07780500 -0.03395299   -0.01819514 -0.10221722
    2    1
 -0.02037670  0.08124174   -0.01052639 -0.12773301   -0.07780500  0.03395299
 -0.01052639 -0.12773301   -0.02037670  0.08124174   -0.07780500  0.03395299
 -0.07780500  0.03395299   -0.07780500  0.03395299   -0.01819514  0.10221722
    2    2
  0.26144864  0.00000000    0.01013040  0.00000000   -0.00521470  0.00866832
  0.01013040  0.00000000    0.26144864  0.00000000   -0.00521470  0.00866832
 -0.00521470 -0.00866832   -0.00521470 -0.00866832    0.29621937  0.00000000

     Dynamical  Matrix in cartesian axes

     q = (   -0.125000000  -0.625000000   0.625000000 ) 

    1    1
  0.29621937  0.00000000    0.00521470 -0.00866832   -0.00521470  0.00866832
  0.00521470  0.00866832    0.26144864  0.00000000   -0.01013040  0.00000000
 -0.00521470 -0.00866832   -0.01013040  0.00000000    0.26144864  0.00000000
    1    2
 -0.10221722  0.01819514    0.03395299 -0.07780500   -0.03395299  0.07780500
  0.03395299 -0.07780500   -0.08124174  0.02037670   -0.12773301 -0.01052639
 -0.03395299  0.07780500   -0.12773301 -0.01052639   -0.08124174  0.02037670
    2    1
 -0.10221722 -0.01819514    0.03395299  0.07780500   -0.03395299 -0.07780500
  0.03395299  0.07780500   -0.08124174 -0.02037670   -0.12773301  0.01052639
 -0.03395299 -0.07780500   -0.12773301  0.01052639   -0.08124174 -0.02037670
    2    2
  0.29621937  0.00000000    0.00521470  0.00866832   -0.00521470 -0.00866832
  0.00521470 -0.00866832    0.26144864  0.00000000   -0.01013040  0.00000000
 -0.00521470  0.00866832   -0.01013040  0.00000000    0.26144864  0.00000000

     Dynamical  Matrix in cartesian axes

     q = (    0.625000000   0.625000000   0.125000000 ) 

    1    1
  0.26144864  0.00000000    0.01013040  0.00000000    0.00521470  0.00866832
  0.01013040  0.00000000    0.26144864  0.00000000    0.00521470  0.00866832
  0.00521470 -0.00866832    0.00521470 -0.00866832    0.29621937  0.00000000
    1    2
  0.07185509  0.04303809   -0.08287760 -0.09776416   -0.07902484  0.03100805
 -0.08287760 -0.09776416    0.07185509  0.04303809   -0.07902484  0.03100805
 -0.07902484  0.03100805   -0.07902484  0.03100805    0.08514439  0.05941258
    2    1
  0.07185509 -0.04303809   -0.08287760  0.09776416   -0.07902484 -0.03100805
 -0.08287760  0.09776416    0.07185509 -0.04303809   -0.07902484 -0.03100805
 -0.07902484 -0.03100805   -0.07902484 -0.03100805    0.08514439 -0.05941258
    2    2
  0.26144864  0.00000000    0.01013040  0.00000000    0.00521470 -0.00866832
  0.01013040  0.00000000    0.26144864  0.00000000    0.00521470 -0.00866832
  0.00521470  0.00866832    0.00521470  0.00866832    0.29621937  0.00000000

     Dynamical  Matrix in cartesian axes

     q = (    0.125000000  -0.625000000  -0.625000000 ) 

    1    1
  0.29621937  0.00000000   -0.00521470  0.00866832   -0.00521470  0.00866832
 -0.00521470 -0.00866832    0.26144864  0.00000000    0.01013040  0.00000000
 -0.00521470 -0.00866832    0.01013040  0.00000000    0.26144864  0.00000000
    1    2
 -0.01819514 -0.10221722   -0.07780500 -0.03395299   -0.07780500 -0.03395299
 -0.07780500 -0.03395299   -0.02037670 -0.08124174   -0.01052639  0.12773301
 -0.07780500 -0.03395299   -0.01052639  0.12773301   -0.02037670 -0.08124174
    2    1
 -0.01819514  0.10221722   -0.07780500  0.03395299   -0.07780500  0.03395299
 -0.07780500  0.03395299   -0.02037670  0.08124174   -0.01052639 -0.12773301
 -0.07780500  0.03395299   -0.01052639 -0.12773301   -0.02037670  0.08124174
    2    2
  0.29621937  0.00000000   -0.00521470 -0.00866832   -0.00521470 -0.00866832
 -0.00521470  0.00866832    0.26144864  0.00000000    0.01013040  0.00000000
 -0.00521470  0.00866832    0.01013040  0.00000000    0.26144864  0.00000000

     Dynamical  Matrix in cartesian axes

     q = (    0.625000000  -0.625000000  -0.125000000 ) 

    1    1
  0.26144864  0.00000000   -0.01013040  0.00000000   -0.00521470 -0.00866832
 -0.01013040  0.00000000    0.26144864  0.00000000    0.00521470  0.00866832
 -0.00521470  0.00866832    0.00521470 -0.00866832    0.29621937  0.00000000
    1    2
 -0.08124174  0.02037670   -0.12773301 -0.01052639   -0.03395299  0.07780500
 -0.12773301 -0.01052639   -0.08124174  0.02037670    0.03395299 -0.07780500
 -0.03395299  0.07780500    0.03395299 -0.07780500   -0.10221722  0.01819514
    2    1
 -0.08124174 -0.02037670   -0.12773301  0.01052639   -0.03395299 -0.07780500
 -0.12773301  0.01052639   -0.08124174 -0.02037670    0.03395299  0.07780500
 -0.03395299 -0.07780500    0.03395299  0.07780500   -0.10221722 -0.01819514
    2    2
  0.26144864  0.00000000   -0.01013040  0.00000000   -0.00521470  0.00866832
 -0.01013040  0.00000000    0.26144864  0.00000000    0.00521470 -0.00866832
 -0.00521470 -0.00866832    0.00521470  0.00866832    0.29621937  0.00000000

     Diagonalizing the dynamical matrix

     q = (    0.625000000  -0.125000000   0.625000000 ) 

 **************************************************************************
     omega( 1) =       4.219541 [THz] =     140.748726 [cm-1]
 (  0.023542 -0.499445  0.000000  0.000000 -0.023542  0.499445 ) 
 (  0.500000  0.000000  0.000000  0.000000 -0.500000  0.000000 ) 
     omega( 2) =       6.215129 [THz] =     207.314379 [cm-1]
 ( -0.274002 -0.187382 -0.493898  0.188907 -0.274002 -0.187382 ) 
 ( -0.331948  0.000000 -0.301046 -0.434733 -0.331948  0.000000 ) 
     omega( 3) =       9.799123 [THz] =     326.863573 [cm-1]
 (  0.390778  0.108792 -0.307476  0.276357  0.390778  0.108792 ) 
 ( -0.405639  0.000000  0.222092  0.348697 -0.405639  0.000000 ) 
     omega( 4) =      11.641493 [THz] =     388.318406 [cm-1]
 ( -0.331240 -0.154393  0.345668 -0.336749 -0.331240 -0.154393 ) 
 ( -0.365454  0.000000  0.171040  0.451256 -0.365454  0.000000 ) 
     omega( 5) =      13.953773 [THz] =     465.447761 [cm-1]
 (  0.023542 -0.499445  0.000000  0.000000 -0.023542  0.499445 ) 
 ( -0.500000  0.000000  0.000000  0.000000  0.500000  0.000000 ) 
     omega( 6) =      14.489648 [THz] =     483.322647 [cm-1]
 ( -0.176639 -0.245987 -0.536084  0.170856 -0.176639 -0.245987 ) 
 (  0.302838  0.000000  0.173904  0.535103  0.302838  0.000000 ) 
 **************************************************************************
