Dynamical matrix file
                                                                           
  1    2  2 10.2000000  0.0000000  0.0000000  0.0000000  0.0000000  0.0000000
           1  'Si  '    25598.8229845270     
    1    1      0.0000000      0.0000000      0.0000000
    2    1      0.2500000      0.2500000      0.2500000

     Dynamical  Matrix in cartesian axes

     q = (   -0.125000000   0.625000000  -0.125000000 ) 

    1    1
  0.25247395  0.00000000   -0.00422969  0.00629330    0.00241623  0.00000000
 -0.00422969 -0.00629330    0.31884910  0.00000000   -0.00422969 -0.00629330
  0.00241623  0.00000000   -0.00422969  0.00629330    0.25247395  0.00000000
    1    2
 -0.10561403  0.08083265   -0.01179558  0.03061330   -0.07959189 -0.12951209
 -0.01179558  0.03061330   -0.11026917  0.09385477   -0.01179558  0.03061330
 -0.07959189 -0.12951209   -0.01179558  0.03061330   -0.10561403  0.08083265
    2    1
 -0.10561403 -0.08083265   -0.01179558 -0.03061330   -0.07959189  0.12951209
 -0.01179558 -0.03061330   -0.11026917 -0.09385477   -0.01179558 -0.03061330
 -0.07959189  0.12951209   -0.01179558 -0.03061330   -0.10561403 -0.08083265
    2    2
  0.25247395  0.00000000   -0.00422969 -0.00629330    0.00241623  0.00000000
 -0.00422969  0.00629330    0.31884910  0.00000000   -0.00422969  0.00629330
  0.00241623  0.00000000   -0.00422969 -0.00629330    0.25247395  0.00000000

     Dynamical  Matrix in cartesian axes

     q = (    0.125000000   0.625000000  -0.125000000 ) 

    1    1
  0.25247395  0.00000000    0.00422969  0.00629330   -0.00241623  0.00000000
  0.00422969 -0.00629330    0.31884910  0.00000000   -0.00422969  0.00629330
 -0.00241623  0.00000000   -0.00422969 -0.00629330    0.25247395  0.00000000
    1    2
 -0.08083265  0.10561403    0.03061330 -0.01179558   -0.12951209 -0.07959189
  0.03061330 -0.01179558   -0.09385477  0.11026917   -0.03061330  0.01179558
 -0.12951209 -0.07959189   -0.03061330  0.01179558   -0.08083265  0.10561403
    2    1
 -0.08083265 -0.10561403    0.03061330  0.01179558   -0.12951209  0.07959189
  0.03061330  0.01179558   -0.09385477 -0.11026917   -0.03061330 -0.01179558
 -0.12951209  0.07959189   -0.03061330 -0.01179558   -0.08083265 -0.10561403
    2    2
  0.25247395  0.00000000    0.00422969 -0.00629330   -0.00241623  0.00000000
  0.00422969  0.00629330    0.31884910  0.00000000   -0.00422969 -0.00629330
 -0.00241623  0.00000000   -0.00422969  0.00629330    0.25247395  0.00000000

     Dynamical  Matrix in cartesian axes

     q = (    0.125000000   0.625000000   0.125000000 ) 

    1    1
  0.25247395  0.00000000    0.00422969 -0.00629330    0.00241623  0.00000000
  0.00422969  0.00629330    0.31884910  0.00000000    0.00422969  0.00629330
  0.00241623  0.00000000    0.00422969 -0.00629330    0.25247395  0.00000000
    1    2
 -0.01752308  0.13183771   -0.01330614 -0.02998760   -0.14785884 -0.03529891
 -0.01330614 -0.02998760   -0.01160673  0.14433742   -0.01330614 -0.02998760
 -0.14785884 -0.03529891   -0.01330614 -0.02998760   -0.01752308  0.13183771
    2    1
 -0.01752308 -0.13183771   -0.01330614  0.02998760   -0.14785884  0.03529891
 -0.01330614  0.02998760   -0.01160673 -0.14433742   -0.01330614  0.02998760
 -0.14785884  0.03529891   -0.01330614  0.02998760   -0.01752308 -0.13183771
    2    2
  0.25247395  0.00000000    0.00422969  0.00629330    0.00241623  0.00000000
  0.00422969 -0.00629330    0.31884910  0.00000000    0.00422969 -0.00629330
  0.00241623  0.00000000    0.00422969  0.00629330    0.25247395  0.00000000

     Dynamical  Matrix in cartesian axes

     q = (   -0.125000000   0.625000000   0.125000000 ) 

    1    1
  0.25247395  0.00000000   -0.00422969 -0.00629330   -0.00241623  0.00000000
 -0.00422969  0.00629330    0.31884910  0.00000000    0.00422969 -0.00629330
 -0.00241623  0.00000000    0.00422969  0.00629330    0.25247395  0.00000000
    1    2
 -0.08083265  0.10561403   -0.03061330  0.01179558   -0.12951209 -0.07959189
 -0.03061330  0.01179558   -0.09385477  0.11026917    0.03061330 -0.01179558
 -0.12951209 -0.07959189    0.03061330 -0.01179558   -0.08083265  0.10561403
    2    1
 -0.08083265 -0.10561403   -0.03061330 -0.01179558   -0.12951209  0.07959189
 -0.03061330 -0.01179558   -0.09385477 -0.11026917    0.03061330  0.01179558
 -0.12951209  0.07959189    0.03061330  0.01179558   -0.08083265 -0.10561403
    2    2
  0.25247395  0.00000000   -0.00422969  0.00629330   -0.00241623  0.00000000
 -0.00422969 -0.00629330    0.31884910  0.00000000    0.00422969  0.00629330
 -0.00241623  0.00000000    0.00422969 -0.00629330    0.25247395  0.00000000

     Dynamical  Matrix in cartesian axes

     q = (    0.125000000  -0.625000000   0.125000000 ) 

    1    1
  0.25247395  0.00000000   -0.00422969 -0.00629330    0.00241623  0.00000000
 -0.00422969  0.00629330    0.31884910  0.00000000   -0.00422969  0.00629330
  0.00241623  0.00000000   -0.00422969 -0.00629330    0.25247395  0.00000000
    1    2
 -0.10561403 -0.08083265   -0.01179558 -0.03061330   -0.07959189  0.12951209
 -0.01179558 -0.03061330   -0.11026917 -0.09385477   -0.01179558 -0.03061330
 -0.07959189  0.12951209   -0.01179558 -0.03061330   -0.10561403 -0.08083265
    2    1
 -0.10561403  0.08083265   -0.01179558  0.03061330   -0.07959189 -0.12951209
 -0.01179558  0.03061330   -0.11026917  0.09385477   -0.01179558  0.03061330
 -0.07959189 -0.12951209   -0.01179558  0.03061330   -0.10561403  0.08083265
    2    2
  0.25247395  0.00000000   -0.00422969  0.00629330    0.00241623  0.00000000
 -0.00422969 -0.00629330    0.31884910  0.00000000   -0.00422969 -0.00629330
  0.00241623  0.00000000   -0.00422969  0.00629330    0.25247395  0.00000000

     Dynamical  Matrix in cartesian axes

     q = (    0.625000000  -0.125000000   0.125000000 ) 

    1    1
  0.31884910  0.00000000   -0.00422969  0.00629330    0.00422969 -0.00629330
 -0.00422969 -0.00629330    0.25247395  0.00000000   -0.00241623  0.00000000
  0.00422969  0.00629330   -0.00241623  0.00000000    0.25247395  0.00000000
    1    2
 -0.09385477  0.11026917   -0.03061330  0.01179558    0.03061330 -0.01179558
 -0.03061330  0.01179558   -0.08083265  0.10561403   -0.12951209 -0.07959189
  0.03061330 -0.01179558   -0.12951209 -0.07959189   -0.08083265  0.10561403
    2    1
 -0.09385477 -0.11026917   -0.03061330 -0.01179558    0.03061330  0.01179558
 -0.03061330 -0.01179558   -0.08083265 -0.10561403   -0.12951209  0.07959189
  0.03061330  0.01179558   -0.12951209  0.07959189   -0.08083265 -0.10561403
    2    2
  0.31884910  0.00000000   -0.00422969 -0.00629330    0.00422969  0.00629330
 -0.00422969  0.00629330    0.25247395  0.00000000   -0.00241623  0.00000000
  0.00422969 -0.00629330   -0.00241623  0.00000000    0.25247395  0.00000000

     Dynamical  Matrix in cartesian axes

     q = (    0.125000000  -0.125000000   0.625000000 ) 

    1    1
  0.25247395  0.00000000   -0.00241623  0.00000000    0.00422969  0.00629330
 -0.00241623  0.00000000    0.25247395  0.00000000   -0.00422969 -0.00629330
  0.00422969 -0.00629330   -0.00422969  0.00629330    0.31884910  0.00000000
    1    2
 -0.08083265  0.10561403   -0.12951209 -0.07959189    0.03061330 -0.01179558
 -0.12951209 -0.07959189   -0.08083265  0.10561403   -0.03061330  0.01179558
  0.03061330 -0.01179558   -0.03061330  0.01179558   -0.09385477  0.11026917
    2    1
 -0.08083265 -0.10561403   -0.12951209  0.07959189    0.03061330  0.01179558
 -0.12951209  0.07959189   -0.08083265 -0.10561403   -0.03061330 -0.01179558
  0.03061330  0.01179558   -0.03061330 -0.01179558   -0.09385477 -0.11026917
    2    2
  0.25247395  0.00000000   -0.00241623  0.00000000    0.00422969 -0.00629330
 -0.00241623  0.00000000    0.25247395  0.00000000   -0.00422969  0.00629330
  0.00422969  0.00629330   -0.00422969 -0.00629330    0.31884910  0.00000000

     Dynamical  Matrix in cartesian axes

     q = (   -0.125000000  -0.625000000  -0.125000000 ) 

    1    1
  0.25247395  0.00000000    0.00422969  0.00629330    0.00241623  0.00000000
  0.00422969 -0.00629330    0.31884910  0.00000000    0.00422969 -0.00629330
  0.00241623  0.00000000    0.00422969  0.00629330    0.25247395  0.00000000
    1    2
 -0.01752308 -0.13183771   -0.01330614  0.02998760   -0.14785884  0.03529891
 -0.01330614  0.02998760   -0.01160673 -0.14433742   -0.01330614  0.02998760
 -0.14785884  0.03529891   -0.01330614  0.02998760   -0.01752308 -0.13183771
    2    1
 -0.01752308  0.13183771   -0.01330614 -0.02998760   -0.14785884 -0.03529891
 -0.01330614 -0.02998760   -0.01160673  0.14433742   -0.01330614 -0.02998760
 -0.14785884 -0.03529891   -0.01330614 -0.02998760   -0.01752308  0.13183771
    2    2
  0.25247395  0.00000000    0.00422969 -0.00629330    0.00241623  0.00000000
  0.00422969  0.00629330    0.31884910  0.00000000    0.00422969  0.00629330
  0.00241623  0.00000000    0.00422969 -0.00629330    0.25247395  0.00000000

     Dynamical  Matrix in cartesian axes

     q = (    0.125000000  -0.625000000  -0.125000000 ) 

    1    1
  0.25247395  0.00000000   -0.00422969  0.00629330   -0.00241623  0.00000000
 -0.00422969 -0.00629330    0.31884910  0.00000000    0.00422969  0.00629330
 -0.00241623  0.00000000    0.00422969 -0.00629330    0.25247395  0.00000000
    1    2
 -0.08083265 -0.10561403   -0.03061330 -0.01179558   -0.12951209  0.07959189
 -0.03061330 -0.01179558   -0.09385477 -0.11026917    0.03061330  0.01179558
 -0.12951209  0.07959189    0.03061330  0.01179558   -0.08083265 -0.10561403
    2    1
 -0.08083265  0.10561403   -0.03061330  0.01179558   -0.12951209 -0.07959189
 -0.03061330  0.01179558   -0.09385477  0.11026917    0.03061330 -0.01179558
 -0.12951209 -0.07959189    0.03061330 -0.01179558   -0.08083265  0.10561403
    2    2
  0.25247395  0.00000000   -0.00422969 -0.00629330   -0.00241623  0.00000000
 -0.00422969  0.00629330    0.31884910  0.00000000    0.00422969 -0.00629330
 -0.00241623  0.00000000    0.00422969  0.00629330    0.25247395  0.00000000

     Dynamical  Matrix in cartesian axes

     q = (   -0.125000000  -0.625000000   0.125000000 ) 

    1    1
  0.25247395  0.00000000    0.00422969 -0.00629330   -0.00241623  0.00000000
  0.00422969  0.00629330    0.31884910  0.00000000   -0.00422969 -0.00629330
 -0.00241623  0.00000000   -0.00422969  0.00629330    0.25247395  0.00000000
    1    2
 -0.08083265 -0.10561403    0.03061330  0.01179558   -0.12951209  0.07959189
  0.03061330  0.01179558   -0.09385477 -0.11026917   -0.03061330 -0.01179558
 -0.12951209  0.07959189   -0.03061330 -0.01179558   -0.08083265 -0.10561403
    2    1
 -0.08083265  0.10561403    0.03061330 -0.01179558   -0.12951209 -0.07959189
  0.03061330 -0.01179558   -0.09385477  0.11026917   -0.03061330  0.01179558
 -0.12951209 -0.07959189   -0.03061330  0.01179558   -0.08083265  0.10561403
    2    2
  0.25247395  0.00000000    0.00422969  0.00629330   -0.00241623  0.00000000
  0.00422969 -0.00629330    0.31884910  0.00000000   -0.00422969  0.00629330
 -0.00241623  0.00000000   -0.00422969 -0.00629330    0.25247395  0.00000000

     Dynamical  Matrix in cartesian axes

     q = (    0.125000000  -0.125000000  -0.625000000 ) 

    1    1
  0.25247395  0.00000000   -0.00241623  0.00000000   -0.00422969  0.00629330
 -0.00241623  0.00000000    0.25247395  0.00000000    0.00422969 -0.00629330
 -0.00422969 -0.00629330    0.00422969  0.00629330    0.31884910  0.00000000
    1    2
 -0.08083265 -0.10561403   -0.12951209  0.07959189   -0.03061330 -0.01179558
 -0.12951209  0.07959189   -0.08083265 -0.10561403    0.03061330  0.01179558
 -0.03061330 -0.01179558    0.03061330  0.01179558   -0.09385477 -0.11026917
    2    1
 -0.08083265  0.10561403   -0.12951209 -0.07959189   -0.03061330  0.01179558
 -0.12951209 -0.07959189   -0.08083265  0.10561403    0.03061330 -0.01179558
 -0.03061330  0.01179558    0.03061330 -0.01179558   -0.09385477  0.11026917
    2    2
  0.25247395  0.00000000   -0.00241623  0.00000000   -0.00422969 -0.00629330
 -0.00241623  0.00000000    0.25247395  0.00000000    0.00422969  0.00629330
 -0.00422969  0.00629330    0.00422969 -0.00629330    0.31884910  0.00000000

     Dynamical  Matrix in cartesian axes

     q = (    0.625000000  -0.125000000  -0.125000000 ) 

    1    1
  0.31884910  0.00000000   -0.00422969 -0.00629330   -0.00422969 -0.00629330
 -0.00422969  0.00629330    0.25247395  0.00000000    0.00241623  0.00000000
 -0.00422969  0.00629330    0.00241623  0.00000000    0.25247395  0.00000000
    1    2
 -0.11026917  0.09385477   -0.01179558  0.03061330   -0.01179558  0.03061330
 -0.01179558  0.03061330   -0.10561403  0.08083265   -0.07959189 -0.12951209
 -0.01179558  0.03061330   -0.07959189 -0.12951209   -0.10561403  0.08083265
    2    1
 -0.11026917 -0.09385477   -0.01179558 -0.03061330   -0.01179558 -0.03061330
 -0.01179558 -0.03061330   -0.10561403 -0.08083265   -0.07959189  0.12951209
 -0.01179558 -0.03061330   -0.07959189  0.12951209   -0.10561403 -0.08083265
    2    2
  0.31884910  0.00000000   -0.00422969  0.00629330   -0.00422969  0.00629330
 -0.00422969 -0.00629330    0.25247395  0.00000000    0.00241623  0.00000000
 -0.00422969 -0.00629330    0.00241623  0.00000000    0.25247395  0.00000000

     Dynamical  Matrix in cartesian axes

     q = (   -0.625000000  -0.125000000   0.125000000 ) 

    1    1
  0.31884910  0.00000000    0.00422969  0.00629330   -0.00422969 -0.00629330
  0.00422969 -0.00629330    0.25247395  0.00000000   -0.00241623  0.00000000
 -0.00422969  0.00629330   -0.00241623  0.00000000    0.25247395  0.00000000
    1    2
 -0.09385477 -0.11026917    0.03061330  0.01179558   -0.03061330 -0.01179558
  0.03061330  0.01179558   -0.08083265 -0.10561403   -0.12951209  0.07959189
 -0.03061330 -0.01179558   -0.12951209  0.07959189   -0.08083265 -0.10561403
    2    1
 -0.09385477  0.11026917    0.03061330 -0.01179558   -0.03061330  0.01179558
  0.03061330 -0.01179558   -0.08083265  0.10561403   -0.12951209 -0.07959189
 -0.03061330  0.01179558   -0.12951209 -0.07959189   -0.08083265  0.10561403
    2    2
  0.31884910  0.00000000    0.00422969 -0.00629330   -0.00422969  0.00629330
  0.00422969  0.00629330    0.25247395  0.00000000   -0.00241623  0.00000000
 -0.00422969 -0.00629330   -0.00241623  0.00000000    0.25247395  0.00000000

     Dynamical  Matrix in cartesian axes

     q = (    0.625000000   0.125000000   0.125000000 ) 

    1    1
  0.31884910  0.00000000    0.00422969  0.00629330    0.00422969  0.00629330
  0.00422969 -0.00629330    0.25247395  0.00000000    0.00241623  0.00000000
  0.00422969 -0.00629330    0.00241623  0.00000000    0.25247395  0.00000000
    1    2
 -0.01160673  0.14433742   -0.01330614 -0.02998760   -0.01330614 -0.02998760
 -0.01330614 -0.02998760   -0.01752308  0.13183771   -0.14785884 -0.03529891
 -0.01330614 -0.02998760   -0.14785884 -0.03529891   -0.01752308  0.13183771
    2    1
 -0.01160673 -0.14433742   -0.01330614  0.02998760   -0.01330614  0.02998760
 -0.01330614  0.02998760   -0.01752308 -0.13183771   -0.14785884  0.03529891
 -0.01330614  0.02998760   -0.14785884  0.03529891   -0.01752308 -0.13183771
    2    2
  0.31884910  0.00000000    0.00422969 -0.00629330    0.00422969 -0.00629330
  0.00422969  0.00629330    0.25247395  0.00000000    0.00241623  0.00000000
  0.00422969  0.00629330    0.00241623  0.00000000    0.25247395  0.00000000

     Dynamical  Matrix in cartesian axes

     q = (   -0.125000000  -0.125000000   0.625000000 ) 

    1    1
  0.25247395  0.00000000    0.00241623  0.00000000   -0.00422969  0.00629330
  0.00241623  0.00000000    0.25247395  0.00000000   -0.00422969  0.00629330
 -0.00422969 -0.00629330   -0.00422969 -0.00629330    0.31884910  0.00000000
    1    2
 -0.10561403  0.08083265   -0.07959189 -0.12951209   -0.01179558  0.03061330
 -0.07959189 -0.12951209   -0.10561403  0.08083265   -0.01179558  0.03061330
 -0.01179558  0.03061330   -0.01179558  0.03061330   -0.11026917  0.09385477
    2    1
 -0.10561403 -0.08083265   -0.07959189  0.12951209   -0.01179558 -0.03061330
 -0.07959189  0.12951209   -0.10561403 -0.08083265   -0.01179558 -0.03061330
 -0.01179558 -0.03061330   -0.01179558 -0.03061330   -0.11026917 -0.09385477
    2    2
  0.25247395  0.00000000    0.00241623  0.00000000   -0.00422969 -0.00629330
  0.00241623  0.00000000    0.25247395  0.00000000   -0.00422969 -0.00629330
 -0.00422969  0.00629330   -0.00422969  0.00629330    0.31884910  0.00000000

     Dynamical  Matrix in cartesian axes

     q = (    0.125000000   0.125000000   0.625000000 ) 

    1    1
  0.25247395  0.00000000    0.00241623  0.00000000    0.00422969 -0.00629330
  0.00241623  0.00000000    0.25247395  0.00000000    0.00422969 -0.00629330
  0.00422969  0.00629330    0.00422969  0.00629330    0.31884910  0.00000000
    1    2
 -0.01752308  0.13183771   -0.14785884 -0.03529891   -0.01330614 -0.02998760
 -0.14785884 -0.03529891   -0.01752308  0.13183771   -0.01330614 -0.02998760
 -0.01330614 -0.02998760   -0.01330614 -0.02998760   -0.01160673  0.14433742
    2    1
 -0.01752308 -0.13183771   -0.14785884  0.03529891   -0.01330614  0.02998760
 -0.14785884  0.03529891   -0.01752308 -0.13183771   -0.01330614  0.02998760
 -0.01330614  0.02998760   -0.01330614  0.02998760   -0.01160673 -0.14433742
    2    2
  0.25247395  0.00000000    0.00241623  0.00000000    0.00422969  0.00629330
  0.00241623  0.00000000    0.25247395  0.00000000    0.00422969  0.00629330
  0.00422969 -0.00629330    0.00422969 -0.00629330    0.31884910  0.00000000

     Dynamical  Matrix in cartesian axes

     q = (   -0.625000000   0.125000000  -0.125000000 ) 

    1    1
  0.31884910  0.00000000   -0.00422969 -0.00629330    0.00422969  0.00629330
 -0.00422969  0.00629330    0.25247395  0.00000000   -0.00241623  0.00000000
  0.00422969 -0.00629330   -0.00241623  0.00000000    0.25247395  0.00000000
    1    2
 -0.09385477 -0.11026917   -0.03061330 -0.01179558    0.03061330  0.01179558
 -0.03061330 -0.01179558   -0.08083265 -0.10561403   -0.12951209  0.07959189
  0.03061330  0.01179558   -0.12951209  0.07959189   -0.08083265 -0.10561403
    2    1
 -0.09385477  0.11026917   -0.03061330  0.01179558    0.03061330 -0.01179558
 -0.03061330  0.01179558   -0.08083265  0.10561403   -0.12951209 -0.07959189
  0.03061330 -0.01179558   -0.12951209 -0.07959189   -0.08083265  0.10561403
    2    2
  0.31884910  0.00000000   -0.00422969  0.00629330    0.00422969 -0.00629330
 -0.00422969 -0.00629330    0.25247395  0.00000000   -0.00241623  0.00000000
  0.00422969  0.00629330   -0.00241623  0.00000000    0.25247395  0.00000000

     Dynamical  Matrix in cartesian axes

     q = (   -0.125000000   0.125000000  -0.625000000 ) 

    1    1
  0.25247395  0.00000000   -0.00241623  0.00000000    0.00422969 -0.00629330
 -0.00241623  0.00000000    0.25247395  0.00000000   -0.00422969  0.00629330
  0.00422969  0.00629330   -0.00422969 -0.00629330    0.31884910  0.00000000
    1    2
 -0.08083265 -0.10561403   -0.12951209  0.07959189    0.03061330  0.01179558
 -0.12951209  0.07959189   -0.08083265 -0.10561403   -0.03061330 -0.01179558
  0.03061330  0.01179558   -0.03061330 -0.01179558   -0.09385477 -0.11026917
    2    1
 -0.08083265  0.10561403   -0.12951209 -0.07959189    0.03061330 -0.01179558
 -0.12951209 -0.07959189   -0.08083265  0.10561403   -0.03061330  0.01179558
  0.03061330 -0.01179558   -0.03061330  0.01179558   -0.09385477  0.11026917
    2    2
  0.25247395  0.00000000   -0.00241623  0.00000000    0.00422969  0.00629330
 -0.00241623  0.00000000    0.25247395  0.00000000   -0.00422969 -0.00629330
  0.00422969 -0.00629330   -0.00422969  0.00629330    0.31884910  0.00000000

     Dynamical  Matrix in cartesian axes

     q = (   -0.625000000  -0.125000000  -0.125000000 ) 

    1    1
  0.31884910  0.00000000    0.00422969 -0.00629330    0.00422969 -0.00629330
  0.00422969  0.00629330    0.25247395  0.00000000    0.00241623  0.00000000
  0.00422969  0.00629330    0.00241623  0.00000000    0.25247395  0.00000000
    1    2
 -0.01160673 -0.14433742   -0.01330614  0.02998760   -0.01330614  0.02998760
 -0.01330614  0.02998760   -0.01752308 -0.13183771   -0.14785884  0.03529891
 -0.01330614  0.02998760   -0.14785884  0.03529891   -0.01752308 -0.13183771
    2    1
 -0.01160673  0.14433742   -0.01330614 -0.02998760   -0.01330614 -0.02998760
 -0.01330614 -0.02998760   -0.01752308  0.13183771   -0.14785884 -0.03529891
 -0.01330614 -0.02998760   -0.14785884 -0.03529891   -0.01752308  0.13183771
    2    2
  0.31884910  0.00000000    0.00422969  0.00629330    0.00422969  0.00629330
  0.00422969 -0.00629330    0.25247395  0.00000000    0.00241623  0.00000000
  0.00422969 -0.00629330    0.00241623  0.00000000    0.25247395  0.00000000

     Dynamical  Matrix in cartesian axes

     q = (    0.125000000   0.125000000  -0.625000000 ) 

    1    1
  0.25247395  0.00000000    0.00241623  0.00000000   -0.00422969 -0.00629330
  0.00241623  0.00000000    0.25247395  0.00000000   -0.00422969 -0.00629330
 -0.00422969  0.00629330   -0.00422969  0.00629330    0.31884910  0.00000000
    1    2
 -0.10561403 -0.08083265   -0.07959189  0.12951209   -0.01179558 -0.03061330
 -0.07959189  0.12951209   -0.10561403 -0.08083265   -0.01179558 -0.03061330
 -0.01179558 -0.03061330   -0.01179558 -0.03061330   -0.11026917 -0.09385477
    2    1
 -0.10561403  0.08083265   -0.07959189 -0.12951209   -0.01179558  0.03061330
 -0.07959189 -0.12951209   -0.10561403  0.08083265   -0.01179558  0.03061330
 -0.01179558  0.03061330   -0.01179558  0.03061330   -0.11026917  0.09385477
    2    2
  0.25247395  0.00000000    0.00241623  0.00000000   -0.00422969  0.00629330
  0.00241623  0.00000000    0.25247395  0.00000000   -0.00422969  0.00629330
 -0.00422969 -0.00629330   -0.00422969 -0.00629330    0.31884910  0.00000000

     Dynamical  Matrix in cartesian axes

     q = (    0.625000000   0.125000000  -0.125000000 ) 

    1    1
  0.31884910  0.00000000    0.00422969 -0.00629330   -0.00422969  0.00629330
  0.00422969  0.00629330    0.25247395  0.00000000   -0.00241623  0.00000000
 -0.00422969 -0.00629330   -0.00241623  0.00000000    0.25247395  0.00000000
    1    2
 -0.09385477  0.11026917    0.03061330 -0.01179558   -0.03061330  0.01179558
  0.03061330 -0.01179558   -0.08083265  0.10561403   -0.12951209 -0.07959189
 -0.03061330  0.01179558   -0.12951209 -0.07959189   -0.08083265  0.10561403
    2    1
 -0.09385477 -0.11026917    0.03061330  0.01179558   -0.03061330 -0.01179558
  0.03061330  0.01179558   -0.08083265 -0.10561403   -0.12951209  0.07959189
 -0.03061330 -0.01179558   -0.12951209  0.07959189   -0.08083265 -0.10561403
    2    2
  0.31884910  0.00000000    0.00422969  0.00629330   -0.00422969 -0.00629330
  0.00422969 -0.00629330    0.25247395  0.00000000   -0.00241623  0.00000000
 -0.00422969  0.00629330   -0.00241623  0.00000000    0.25247395  0.00000000

     Dynamical  Matrix in cartesian axes

     q = (   -0.125000000  -0.125000000  -0.625000000 ) 

    1    1
  0.25247395  0.00000000    0.00241623  0.00000000    0.00422969  0.00629330
  0.00241623  0.00000000    0.25247395  0.00000000    0.00422969  0.00629330
  0.00422969 -0.00629330    0.00422969 -0.00629330    0.31884910  0.00000000
    1    2
 -0.01752308 -0.13183771   -0.14785884  0.03529891   -0.01330614  0.02998760
 -0.14785884  0.03529891   -0.01752308 -0.13183771   -0.01330614  0.02998760
 -0.01330614  0.02998760   -0.01330614  0.02998760   -0.01160673 -0.14433742
    2    1
 -0.01752308  0.13183771   -0.14785884 -0.03529891   -0.01330614 -0.02998760
 -0.14785884 -0.03529891   -0.01752308  0.13183771   -0.01330614 -0.02998760
 -0.01330614 -0.02998760   -0.01330614 -0.02998760   -0.01160673  0.14433742
    2    2
  0.25247395  0.00000000    0.00241623  0.00000000    0.00422969 -0.00629330
  0.00241623  0.00000000    0.25247395  0.00000000    0.00422969 -0.00629330
  0.00422969  0.00629330    0.00422969  0.00629330    0.31884910  0.00000000

     Dynamical  Matrix in cartesian axes

     q = (   -0.625000000   0.125000000   0.125000000 ) 

    1    1
  0.31884910  0.00000000   -0.00422969  0.00629330   -0.00422969  0.00629330
 -0.00422969 -0.00629330    0.25247395  0.00000000    0.00241623  0.00000000
 -0.00422969 -0.00629330    0.00241623  0.00000000    0.25247395  0.00000000
    1    2
 -0.11026917 -0.09385477   -0.01179558 -0.03061330   -0.01179558 -0.03061330
 -0.01179558 -0.03061330   -0.10561403 -0.08083265   -0.07959189  0.12951209
 -0.01179558 -0.03061330   -0.07959189  0.12951209   -0.10561403 -0.08083265
    2    1
 -0.11026917  0.09385477   -0.01179558  0.03061330   -0.01179558  0.03061330
 -0.01179558  0.03061330   -0.10561403  0.08083265   -0.07959189 -0.12951209
 -0.01179558  0.03061330   -0.07959189 -0.12951209   -0.10561403  0.08083265
    2    2
  0.31884910  0.00000000   -0.00422969 -0.00629330   -0.00422969 -0.00629330
 -0.00422969  0.00629330    0.25247395  0.00000000    0.00241623  0.00000000
 -0.00422969  0.00629330    0.00241623  0.00000000    0.25247395  0.00000000

     Dynamical  Matrix in cartesian axes

     q = (   -0.125000000   0.125000000   0.625000000 ) 

    1    1
  0.25247395  0.00000000   -0.00241623  0.00000000   -0.00422969 -0.00629330
 -0.00241623  0.00000000    0.25247395  0.00000000    0.00422969  0.00629330
 -0.00422969  0.00629330    0.00422969 -0.00629330    0.31884910  0.00000000
    1    2
 -0.08083265  0.10561403   -0.12951209 -0.07959189   -0.03061330  0.01179558
 -0.12951209 -0.07959189   -0.08083265  0.10561403    0.03061330 -0.01179558
 -0.03061330  0.01179558    0.03061330 -0.01179558   -0.09385477  0.11026917
    2    1
 -0.08083265 -0.10561403   -0.12951209  0.07959189   -0.03061330 -0.01179558
 -0.12951209  0.07959189   -0.08083265 -0.10561403    0.03061330  0.01179558
 -0.03061330 -0.01179558    0.03061330  0.01179558   -0.09385477 -0.11026917
    2    2
  0.25247395  0.00000000   -0.00241623  0.00000000   -0.00422969  0.00629330
 -0.00241623  0.00000000    0.25247395  0.00000000    0.00422969 -0.00629330
 -0.00422969 -0.00629330    0.00422969  0.00629330    0.31884910  0.00000000

     Diagonalizing the dynamical matrix

     q = (   -0.125000000   0.625000000  -0.125000000 ) 

 **************************************************************************
     omega( 1) =       4.014038 [THz] =     133.893891 [cm-1]
 ( -0.061388  0.496217  0.000000  0.000000  0.061388 -0.496217 ) 
 ( -0.500000  0.000000  0.000000  0.000000  0.500000  0.000000 ) 
     omega( 2) =       4.826231 [THz] =     160.985725 [cm-1]
 ( -0.475163 -0.099091 -0.147074  0.084688 -0.475163 -0.099091 ) 
 ( -0.485385  0.000000 -0.126688 -0.112930 -0.485385  0.000000 ) 
     omega( 3) =       8.517380 [THz] =     284.109216 [cm-1]
 (  0.002249  0.144293 -0.605633 -0.302586  0.002249  0.144293 ) 
 (  0.144310  0.000000 -0.311987 -0.600844  0.144310  0.000000 ) 
     omega( 4) =      13.575373 [THz] =     452.825685 [cm-1]
 ( -0.352446 -0.151891  0.451539  0.039170 -0.352446 -0.151891 ) 
 (  0.383783  0.000000 -0.430172 -0.142735  0.383783  0.000000 ) 
     omega( 5) =      13.976191 [THz] =     466.195551 [cm-1]
 ( -0.061388  0.496217  0.000000  0.000000  0.061388 -0.496217 ) 
 (  0.500000  0.000000  0.000000  0.000000 -0.500000  0.000000 ) 
     omega( 6) =      14.318500 [THz] =     477.613762 [cm-1]
 (  0.308405  0.034248  0.506867 -0.224749  0.308405  0.034248 ) 
 ( -0.310301  0.000000 -0.478965 -0.279319 -0.310301  0.000000 ) 
 **************************************************************************
