Dynamical matrix file
                                                                           
  1    2  2 10.2000000  0.0000000  0.0000000  0.0000000  0.0000000  0.0000000
           1  'Si  '    25598.8229845270     
    1    1      0.0000000      0.0000000      0.0000000
    2    1      0.2500000      0.2500000      0.2500000

     Dynamical  Matrix in cartesian axes

     q = (    0.000000000   0.250000000   0.000000000 ) 

    1    1
  0.26707609  0.00000000    0.00000000  0.00000000    0.00000000  0.00000000
  0.00000000  0.00000000    0.28934331  0.00000000    0.00000000  0.00000000
  0.00000000  0.00000000    0.00000000  0.00000000    0.26707609  0.00000000
    1    2
 -0.22703703  0.09404182    0.00000000  0.00000000   -0.02367078 -0.05714632
  0.00000000  0.00000000   -0.23649406  0.09795905    0.00000000  0.00000000
 -0.02367078 -0.05714632    0.00000000  0.00000000   -0.22703703  0.09404182
    2    1
 -0.22703703 -0.09404182    0.00000000  0.00000000   -0.02367078  0.05714632
  0.00000000  0.00000000   -0.23649406 -0.09795905    0.00000000  0.00000000
 -0.02367078  0.05714632    0.00000000  0.00000000   -0.22703703 -0.09404182
    2    2
  0.26707609  0.00000000    0.00000000  0.00000000    0.00000000  0.00000000
  0.00000000  0.00000000    0.28934331  0.00000000    0.00000000  0.00000000
  0.00000000  0.00000000    0.00000000  0.00000000    0.26707609  0.00000000

     Dynamical  Matrix in cartesian axes

     q = (    0.000000000  -0.250000000   0.000000000 ) 

    1    1
  0.26707609  0.00000000    0.00000000  0.00000000    0.00000000  0.00000000
  0.00000000  0.00000000    0.28934331  0.00000000    0.00000000  0.00000000
  0.00000000  0.00000000    0.00000000  0.00000000    0.26707609  0.00000000
    1    2
 -0.22703703 -0.09404182    0.00000000  0.00000000   -0.02367078  0.05714632
  0.00000000  0.00000000   -0.23649406 -0.09795905    0.00000000  0.00000000
 -0.02367078  0.05714632    0.00000000  0.00000000   -0.22703703 -0.09404182
    2    1
 -0.22703703  0.09404182    0.00000000  0.00000000   -0.02367078 -0.05714632
  0.00000000  0.00000000   -0.23649406  0.09795905    0.00000000  0.00000000
 -0.02367078 -0.05714632    0.00000000  0.00000000   -0.22703703  0.09404182
    2    2
  0.26707609  0.00000000    0.00000000  0.00000000    0.00000000  0.00000000
  0.00000000  0.00000000    0.28934331  0.00000000    0.00000000  0.00000000
  0.00000000  0.00000000    0.00000000  0.00000000    0.26707609  0.00000000

     Dynamical  Matrix in cartesian axes

     q = (    0.250000000   0.000000000   0.000000000 ) 

    1    1
  0.28934331  0.00000000    0.00000000  0.00000000    0.00000000  0.00000000
  0.00000000  0.00000000    0.26707609  0.00000000    0.00000000  0.00000000
  0.00000000  0.00000000    0.00000000  0.00000000    0.26707609  0.00000000
    1    2
 -0.23649406  0.09795905    0.00000000  0.00000000    0.00000000  0.00000000
  0.00000000  0.00000000   -0.22703703  0.09404182   -0.02367078 -0.05714632
  0.00000000  0.00000000   -0.02367078 -0.05714632   -0.22703703  0.09404182
    2    1
 -0.23649406 -0.09795905    0.00000000  0.00000000    0.00000000  0.00000000
  0.00000000  0.00000000   -0.22703703 -0.09404182   -0.02367078  0.05714632
  0.00000000  0.00000000   -0.02367078  0.05714632   -0.22703703 -0.09404182
    2    2
  0.28934331  0.00000000    0.00000000  0.00000000    0.00000000  0.00000000
  0.00000000  0.00000000    0.26707609  0.00000000    0.00000000  0.00000000
  0.00000000  0.00000000    0.00000000  0.00000000    0.26707609  0.00000000

     Dynamical  Matrix in cartesian axes

     q = (    0.000000000   0.000000000   0.250000000 ) 

    1    1
  0.26707609  0.00000000    0.00000000  0.00000000    0.00000000  0.00000000
  0.00000000  0.00000000    0.26707609  0.00000000    0.00000000  0.00000000
  0.00000000  0.00000000    0.00000000  0.00000000    0.28934331  0.00000000
    1    2
 -0.22703703  0.09404182   -0.02367078 -0.05714632    0.00000000  0.00000000
 -0.02367078 -0.05714632   -0.22703703  0.09404182    0.00000000  0.00000000
  0.00000000  0.00000000    0.00000000  0.00000000   -0.23649406  0.09795905
    2    1
 -0.22703703 -0.09404182   -0.02367078  0.05714632    0.00000000  0.00000000
 -0.02367078  0.05714632   -0.22703703 -0.09404182    0.00000000  0.00000000
  0.00000000  0.00000000    0.00000000  0.00000000   -0.23649406 -0.09795905
    2    2
  0.26707609  0.00000000    0.00000000  0.00000000    0.00000000  0.00000000
  0.00000000  0.00000000    0.26707609  0.00000000    0.00000000  0.00000000
  0.00000000  0.00000000    0.00000000  0.00000000    0.28934331  0.00000000

     Dynamical  Matrix in cartesian axes

     q = (    0.000000000   0.000000000  -0.250000000 ) 

    1    1
  0.26707609  0.00000000    0.00000000  0.00000000    0.00000000  0.00000000
  0.00000000  0.00000000    0.26707609  0.00000000    0.00000000  0.00000000
  0.00000000  0.00000000    0.00000000  0.00000000    0.28934331  0.00000000
    1    2
 -0.22703703 -0.09404182   -0.02367078  0.05714632    0.00000000  0.00000000
 -0.02367078  0.05714632   -0.22703703 -0.09404182    0.00000000  0.00000000
  0.00000000  0.00000000    0.00000000  0.00000000   -0.23649406 -0.09795905
    2    1
 -0.22703703  0.09404182   -0.02367078 -0.05714632    0.00000000  0.00000000
 -0.02367078 -0.05714632   -0.22703703  0.09404182    0.00000000  0.00000000
  0.00000000  0.00000000    0.00000000  0.00000000   -0.23649406  0.09795905
    2    2
  0.26707609  0.00000000    0.00000000  0.00000000    0.00000000  0.00000000
  0.00000000  0.00000000    0.26707609  0.00000000    0.00000000  0.00000000
  0.00000000  0.00000000    0.00000000  0.00000000    0.28934331  0.00000000

     Dynamical  Matrix in cartesian axes

     q = (   -0.250000000   0.000000000   0.000000000 ) 

    1    1
  0.28934331  0.00000000    0.00000000  0.00000000    0.00000000  0.00000000
  0.00000000  0.00000000    0.26707609  0.00000000    0.00000000  0.00000000
  0.00000000  0.00000000    0.00000000  0.00000000    0.26707609  0.00000000
    1    2
 -0.23649406 -0.09795905    0.00000000  0.00000000    0.00000000  0.00000000
  0.00000000  0.00000000   -0.22703703 -0.09404182   -0.02367078  0.05714632
  0.00000000  0.00000000   -0.02367078  0.05714632   -0.22703703 -0.09404182
    2    1
 -0.23649406  0.09795905    0.00000000  0.00000000    0.00000000  0.00000000
  0.00000000  0.00000000   -0.22703703  0.09404182   -0.02367078 -0.05714632
  0.00000000  0.00000000   -0.02367078 -0.05714632   -0.22703703  0.09404182
    2    2
  0.28934331  0.00000000    0.00000000  0.00000000    0.00000000  0.00000000
  0.00000000  0.00000000    0.26707609  0.00000000    0.00000000  0.00000000
  0.00000000  0.00000000    0.00000000  0.00000000    0.26707609  0.00000000

     Diagonalizing the dynamical matrix

     q = (    0.000000000   0.250000000   0.000000000 ) 

 **************************************************************************
     omega( 1) =       2.403902 [THz] =      80.185547 [cm-1]
 (  0.570223  0.235837  0.000000  0.000000 -0.260372  0.226789 ) 
 (  0.450183  0.502810  0.000000  0.000000 -0.210991  0.000000 ) 
     omega( 2) =       2.403902 [THz] =      80.185547 [cm-1]
 ( -0.247471 -0.240801  0.000000  0.000000 -0.582359  0.204037 ) 
 ( -0.140740 -0.157192  0.000000  0.000000 -0.674895  0.000000 ) 
     omega( 3) =       3.755814 [THz] =     125.280458 [cm-1]
 (  0.000000  0.000000 -0.262336 -0.656643  0.000000  0.000000 ) 
 (  0.000000  0.000000  0.008920 -0.707051  0.000000  0.000000 ) 
     omega( 4) =      14.834360 [THz] =     494.820995 [cm-1]
 (  0.127205  0.040649  0.000000  0.000000  0.650909 -0.241835 ) 
 ( -0.105146  0.085751  0.000000  0.000000 -0.693968  0.000000 ) 
     omega( 5) =      14.834360 [THz] =     494.820995 [cm-1]
 ( -0.306391  0.623130  0.000000  0.000000 -0.027583 -0.130662 ) 
 (  0.537797 -0.438595  0.000000  0.000000 -0.135680  0.000000 ) 
     omega( 6) =      15.184196 [THz] =     506.490257 [cm-1]
 (  0.000000  0.000000 -0.699358 -0.104395  0.000000  0.000000 ) 
 (  0.000000  0.000000  0.606173  0.364081  0.000000  0.000000 ) 
 **************************************************************************
