Dynamical matrix file
                                                                           
  1    2  2 10.2000000  0.0000000  0.0000000  0.0000000  0.0000000  0.0000000
           1  'Si  '    25598.8229845270     
    1    1      0.0000000      0.0000000      0.0000000
    2    1      0.2500000      0.2500000      0.2500000

     Dynamical  Matrix in cartesian axes

     q = (    0.750000000  -0.250000000   1.000000000 ) 

    1    1
  0.24854505  0.00000000   -0.00519144  0.00000000    0.00000000  0.00024074
 -0.00519144  0.00000000    0.31490736  0.00000000    0.00000000 -0.01367669
  0.00000000 -0.00024074    0.00000000  0.01367669    0.25659557  0.00000000
    1    2
 -0.06039115  0.06039115   -0.04207219  0.04207219   -0.11662077 -0.11662077
 -0.04207219  0.04207219   -0.06545178  0.06545178    0.01853082  0.01853082
 -0.11662077 -0.11662077    0.01853082  0.01853082   -0.06263118  0.06263118
    2    1
 -0.06039115 -0.06039115   -0.04207219 -0.04207219   -0.11662077  0.11662077
 -0.04207219 -0.04207219   -0.06545178 -0.06545178    0.01853082 -0.01853082
 -0.11662077  0.11662077    0.01853082 -0.01853082   -0.06263118 -0.06263118
    2    2
  0.24854505  0.00000000   -0.00519144  0.00000000    0.00000000 -0.00024074
 -0.00519144  0.00000000    0.31490736  0.00000000    0.00000000  0.01367669
  0.00000000  0.00024074    0.00000000 -0.01367669    0.25659557  0.00000000

     Dynamical  Matrix in cartesian axes

     q = (    1.000000000   0.250000000   0.750000000 ) 

    1    1
  0.25659557  0.00000000    0.00000000  0.01367669    0.00000000  0.00024074
  0.00000000 -0.01367669    0.31490736  0.00000000    0.00519144  0.00000000
  0.00000000 -0.00024074    0.00519144  0.00000000    0.24854505  0.00000000
    1    2
  0.00000000 -0.08857386   -0.02620654  0.00000000   -0.16492668  0.00000000
 -0.02620654  0.00000000    0.00000000 -0.09256280    0.00000000  0.05949907
 -0.16492668  0.00000000    0.00000000  0.05949907    0.00000000 -0.08540598
    2    1
  0.00000000  0.08857386   -0.02620654  0.00000000   -0.16492668  0.00000000
 -0.02620654  0.00000000    0.00000000  0.09256280    0.00000000 -0.05949907
 -0.16492668  0.00000000    0.00000000 -0.05949907    0.00000000  0.08540598
    2    2
  0.25659557  0.00000000    0.00000000 -0.01367669    0.00000000 -0.00024074
  0.00000000  0.01367669    0.31490736  0.00000000    0.00519144  0.00000000
  0.00000000  0.00024074    0.00519144  0.00000000    0.24854505  0.00000000

     Dynamical  Matrix in cartesian axes

     q = (    0.750000000   0.250000000   1.000000000 ) 

    1    1
  0.24854505  0.00000000    0.00519144  0.00000000    0.00000000 -0.00024074
  0.00519144  0.00000000    0.31490736  0.00000000    0.00000000 -0.01367669
  0.00000000  0.00024074    0.00000000  0.01367669    0.25659557  0.00000000
    1    2
  0.00000000 -0.08540598    0.00000000  0.05949907   -0.16492668  0.00000000
  0.00000000  0.05949907    0.00000000 -0.09256280   -0.02620654  0.00000000
 -0.16492668  0.00000000   -0.02620654  0.00000000    0.00000000 -0.08857386
    2    1
  0.00000000  0.08540598    0.00000000 -0.05949907   -0.16492668  0.00000000
  0.00000000 -0.05949907    0.00000000  0.09256280   -0.02620654  0.00000000
 -0.16492668  0.00000000   -0.02620654  0.00000000    0.00000000  0.08857386
    2    2
  0.24854505  0.00000000    0.00519144  0.00000000    0.00000000  0.00024074
  0.00519144  0.00000000    0.31490736  0.00000000    0.00000000  0.01367669
  0.00000000 -0.00024074    0.00000000 -0.01367669    0.25659557  0.00000000

     Dynamical  Matrix in cartesian axes

     q = (    1.000000000  -0.250000000  -0.750000000 ) 

    1    1
  0.25659557  0.00000000    0.00000000 -0.01367669    0.00000000 -0.00024074
  0.00000000  0.01367669    0.31490736  0.00000000    0.00519144  0.00000000
  0.00000000  0.00024074    0.00519144  0.00000000    0.24854505  0.00000000
    1    2
  0.00000000  0.08857386   -0.02620654  0.00000000   -0.16492668  0.00000000
 -0.02620654  0.00000000    0.00000000  0.09256280    0.00000000 -0.05949907
 -0.16492668  0.00000000    0.00000000 -0.05949907    0.00000000  0.08540598
    2    1
  0.00000000 -0.08857386   -0.02620654  0.00000000   -0.16492668  0.00000000
 -0.02620654  0.00000000    0.00000000 -0.09256280    0.00000000  0.05949907
 -0.16492668  0.00000000    0.00000000  0.05949907    0.00000000 -0.08540598
    2    2
  0.25659557  0.00000000    0.00000000  0.01367669    0.00000000  0.00024074
  0.00000000 -0.01367669    0.31490736  0.00000000    0.00519144  0.00000000
  0.00000000 -0.00024074    0.00519144  0.00000000    0.24854505  0.00000000

     Dynamical  Matrix in cartesian axes

     q = (    1.000000000  -0.250000000   0.750000000 ) 

    1    1
  0.25659557  0.00000000    0.00000000  0.01367669    0.00000000 -0.00024074
  0.00000000 -0.01367669    0.31490736  0.00000000   -0.00519144  0.00000000
  0.00000000  0.00024074   -0.00519144  0.00000000    0.24854505  0.00000000
    1    2
 -0.06263118  0.06263118    0.01853082  0.01853082   -0.11662077 -0.11662077
  0.01853082  0.01853082   -0.06545178  0.06545178   -0.04207219  0.04207219
 -0.11662077 -0.11662077   -0.04207219  0.04207219   -0.06039115  0.06039115
    2    1
 -0.06263118 -0.06263118    0.01853082 -0.01853082   -0.11662077  0.11662077
  0.01853082 -0.01853082   -0.06545178 -0.06545178   -0.04207219 -0.04207219
 -0.11662077  0.11662077   -0.04207219 -0.04207219   -0.06039115 -0.06039115
    2    2
  0.25659557  0.00000000    0.00000000 -0.01367669    0.00000000  0.00024074
  0.00000000  0.01367669    0.31490736  0.00000000   -0.00519144  0.00000000
  0.00000000 -0.00024074   -0.00519144  0.00000000    0.24854505  0.00000000

     Dynamical  Matrix in cartesian axes

     q = (   -0.750000000  -0.250000000  -1.000000000 ) 

    1    1
  0.24854505  0.00000000    0.00519144  0.00000000    0.00000000  0.00024074
  0.00519144  0.00000000    0.31490736  0.00000000    0.00000000  0.01367669
  0.00000000 -0.00024074    0.00000000 -0.01367669    0.25659557  0.00000000
    1    2
  0.00000000  0.08540598    0.00000000 -0.05949907   -0.16492668  0.00000000
  0.00000000 -0.05949907    0.00000000  0.09256280   -0.02620654  0.00000000
 -0.16492668  0.00000000   -0.02620654  0.00000000    0.00000000  0.08857386
    2    1
  0.00000000 -0.08540598    0.00000000  0.05949907   -0.16492668  0.00000000
  0.00000000  0.05949907    0.00000000 -0.09256280   -0.02620654  0.00000000
 -0.16492668  0.00000000   -0.02620654  0.00000000    0.00000000 -0.08857386
    2    2
  0.24854505  0.00000000    0.00519144  0.00000000    0.00000000 -0.00024074
  0.00519144  0.00000000    0.31490736  0.00000000    0.00000000 -0.01367669
  0.00000000  0.00024074    0.00000000  0.01367669    0.25659557  0.00000000

     Dynamical  Matrix in cartesian axes

     q = (   -1.000000000   0.250000000  -0.750000000 ) 

    1    1
  0.25659557  0.00000000    0.00000000 -0.01367669    0.00000000  0.00024074
  0.00000000  0.01367669    0.31490736  0.00000000   -0.00519144  0.00000000
  0.00000000 -0.00024074   -0.00519144  0.00000000    0.24854505  0.00000000
    1    2
 -0.06263118 -0.06263118    0.01853082 -0.01853082   -0.11662077  0.11662077
  0.01853082 -0.01853082   -0.06545178 -0.06545178   -0.04207219 -0.04207219
 -0.11662077  0.11662077   -0.04207219 -0.04207219   -0.06039115 -0.06039115
    2    1
 -0.06263118  0.06263118    0.01853082  0.01853082   -0.11662077 -0.11662077
  0.01853082  0.01853082   -0.06545178  0.06545178   -0.04207219  0.04207219
 -0.11662077 -0.11662077   -0.04207219  0.04207219   -0.06039115  0.06039115
    2    2
  0.25659557  0.00000000    0.00000000  0.01367669    0.00000000 -0.00024074
  0.00000000 -0.01367669    0.31490736  0.00000000   -0.00519144  0.00000000
  0.00000000  0.00024074   -0.00519144  0.00000000    0.24854505  0.00000000

     Dynamical  Matrix in cartesian axes

     q = (   -0.750000000   0.250000000   1.000000000 ) 

    1    1
  0.24854505  0.00000000   -0.00519144  0.00000000    0.00000000 -0.00024074
 -0.00519144  0.00000000    0.31490736  0.00000000    0.00000000  0.01367669
  0.00000000  0.00024074    0.00000000 -0.01367669    0.25659557  0.00000000
    1    2
 -0.06039115 -0.06039115   -0.04207219 -0.04207219   -0.11662077  0.11662077
 -0.04207219 -0.04207219   -0.06545178 -0.06545178    0.01853082 -0.01853082
 -0.11662077  0.11662077    0.01853082 -0.01853082   -0.06263118 -0.06263118
    2    1
 -0.06039115  0.06039115   -0.04207219  0.04207219   -0.11662077 -0.11662077
 -0.04207219  0.04207219   -0.06545178  0.06545178    0.01853082  0.01853082
 -0.11662077 -0.11662077    0.01853082  0.01853082   -0.06263118  0.06263118
    2    2
  0.24854505  0.00000000   -0.00519144  0.00000000    0.00000000  0.00024074
 -0.00519144  0.00000000    0.31490736  0.00000000    0.00000000 -0.01367669
  0.00000000 -0.00024074    0.00000000  0.01367669    0.25659557  0.00000000

     Dynamical  Matrix in cartesian axes

     q = (   -0.250000000   1.000000000   0.750000000 ) 

    1    1
  0.31490736  0.00000000    0.00000000 -0.01367669   -0.00519144  0.00000000
  0.00000000  0.01367669    0.25659557  0.00000000    0.00000000 -0.00024074
 -0.00519144  0.00000000    0.00000000  0.00024074    0.24854505  0.00000000
    1    2
 -0.06545178  0.06545178    0.01853082  0.01853082   -0.04207219  0.04207219
  0.01853082  0.01853082   -0.06263118  0.06263118   -0.11662077 -0.11662077
 -0.04207219  0.04207219   -0.11662077 -0.11662077   -0.06039115  0.06039115
    2    1
 -0.06545178 -0.06545178    0.01853082 -0.01853082   -0.04207219 -0.04207219
  0.01853082 -0.01853082   -0.06263118 -0.06263118   -0.11662077  0.11662077
 -0.04207219 -0.04207219   -0.11662077  0.11662077   -0.06039115 -0.06039115
    2    2
  0.31490736  0.00000000    0.00000000  0.01367669   -0.00519144  0.00000000
  0.00000000 -0.01367669    0.25659557  0.00000000    0.00000000  0.00024074
 -0.00519144  0.00000000    0.00000000 -0.00024074    0.24854505  0.00000000

     Dynamical  Matrix in cartesian axes

     q = (    0.250000000   1.000000000  -0.750000000 ) 

    1    1
  0.31490736  0.00000000    0.00000000  0.01367669   -0.00519144  0.00000000
  0.00000000 -0.01367669    0.25659557  0.00000000    0.00000000  0.00024074
 -0.00519144  0.00000000    0.00000000 -0.00024074    0.24854505  0.00000000
    1    2
 -0.06545178 -0.06545178    0.01853082 -0.01853082   -0.04207219 -0.04207219
  0.01853082 -0.01853082   -0.06263118 -0.06263118   -0.11662077  0.11662077
 -0.04207219 -0.04207219   -0.11662077  0.11662077   -0.06039115 -0.06039115
    2    1
 -0.06545178  0.06545178    0.01853082  0.01853082   -0.04207219  0.04207219
  0.01853082  0.01853082   -0.06263118  0.06263118   -0.11662077 -0.11662077
 -0.04207219  0.04207219   -0.11662077 -0.11662077   -0.06039115  0.06039115
    2    2
  0.31490736  0.00000000    0.00000000 -0.01367669   -0.00519144  0.00000000
  0.00000000  0.01367669    0.25659557  0.00000000    0.00000000 -0.00024074
 -0.00519144  0.00000000    0.00000000  0.00024074    0.24854505  0.00000000

     Dynamical  Matrix in cartesian axes

     q = (   -0.250000000  -1.000000000  -0.750000000 ) 

    1    1
  0.31490736  0.00000000    0.00000000  0.01367669    0.00519144  0.00000000
  0.00000000 -0.01367669    0.25659557  0.00000000    0.00000000 -0.00024074
  0.00519144  0.00000000    0.00000000  0.00024074    0.24854505  0.00000000
    1    2
  0.00000000  0.09256280   -0.02620654  0.00000000    0.00000000 -0.05949907
 -0.02620654  0.00000000    0.00000000  0.08857386   -0.16492668  0.00000000
  0.00000000 -0.05949907   -0.16492668  0.00000000    0.00000000  0.08540598
    2    1
  0.00000000 -0.09256280   -0.02620654  0.00000000    0.00000000  0.05949907
 -0.02620654  0.00000000    0.00000000 -0.08857386   -0.16492668  0.00000000
  0.00000000  0.05949907   -0.16492668  0.00000000    0.00000000 -0.08540598
    2    2
  0.31490736  0.00000000    0.00000000 -0.01367669    0.00519144  0.00000000
  0.00000000  0.01367669    0.25659557  0.00000000    0.00000000  0.00024074
  0.00519144  0.00000000    0.00000000 -0.00024074    0.24854505  0.00000000

     Dynamical  Matrix in cartesian axes

     q = (   -0.250000000   0.750000000  -1.000000000 ) 

    1    1
  0.31490736  0.00000000   -0.00519144  0.00000000    0.00000000 -0.01367669
 -0.00519144  0.00000000    0.24854505  0.00000000    0.00000000  0.00024074
  0.00000000  0.01367669    0.00000000 -0.00024074    0.25659557  0.00000000
    1    2
 -0.06545178  0.06545178   -0.04207219  0.04207219    0.01853082  0.01853082
 -0.04207219  0.04207219   -0.06039115  0.06039115   -0.11662077 -0.11662077
  0.01853082  0.01853082   -0.11662077 -0.11662077   -0.06263118  0.06263118
    2    1
 -0.06545178 -0.06545178   -0.04207219 -0.04207219    0.01853082 -0.01853082
 -0.04207219 -0.04207219   -0.06039115 -0.06039115   -0.11662077  0.11662077
  0.01853082 -0.01853082   -0.11662077  0.11662077   -0.06263118 -0.06263118
    2    2
  0.31490736  0.00000000   -0.00519144  0.00000000    0.00000000  0.01367669
 -0.00519144  0.00000000    0.24854505  0.00000000    0.00000000 -0.00024074
  0.00000000 -0.01367669    0.00000000  0.00024074    0.25659557  0.00000000

     Dynamical  Matrix in cartesian axes

     q = (    1.000000000   0.750000000  -0.250000000 ) 

    1    1
  0.25659557  0.00000000    0.00000000 -0.00024074    0.00000000  0.01367669
  0.00000000  0.00024074    0.24854505  0.00000000   -0.00519144  0.00000000
  0.00000000 -0.01367669   -0.00519144  0.00000000    0.31490736  0.00000000
    1    2
 -0.06263118  0.06263118   -0.11662077 -0.11662077    0.01853082  0.01853082
 -0.11662077 -0.11662077   -0.06039115  0.06039115   -0.04207219  0.04207219
  0.01853082  0.01853082   -0.04207219  0.04207219   -0.06545178  0.06545178
    2    1
 -0.06263118 -0.06263118   -0.11662077  0.11662077    0.01853082 -0.01853082
 -0.11662077  0.11662077   -0.06039115 -0.06039115   -0.04207219 -0.04207219
  0.01853082 -0.01853082   -0.04207219 -0.04207219   -0.06545178 -0.06545178
    2    2
  0.25659557  0.00000000    0.00000000  0.00024074    0.00000000 -0.01367669
  0.00000000 -0.00024074    0.24854505  0.00000000   -0.00519144  0.00000000
  0.00000000  0.01367669   -0.00519144  0.00000000    0.31490736  0.00000000

     Dynamical  Matrix in cartesian axes

     q = (   -1.000000000  -0.750000000  -0.250000000 ) 

    1    1
  0.25659557  0.00000000    0.00000000 -0.00024074    0.00000000 -0.01367669
  0.00000000  0.00024074    0.24854505  0.00000000    0.00519144  0.00000000
  0.00000000  0.01367669    0.00519144  0.00000000    0.31490736  0.00000000
    1    2
  0.00000000  0.08857386   -0.16492668  0.00000000   -0.02620654  0.00000000
 -0.16492668  0.00000000    0.00000000  0.08540598    0.00000000 -0.05949907
 -0.02620654  0.00000000    0.00000000 -0.05949907    0.00000000  0.09256280
    2    1
  0.00000000 -0.08857386   -0.16492668  0.00000000   -0.02620654  0.00000000
 -0.16492668  0.00000000    0.00000000 -0.08540598    0.00000000  0.05949907
 -0.02620654  0.00000000    0.00000000  0.05949907    0.00000000 -0.09256280
    2    2
  0.25659557  0.00000000    0.00000000  0.00024074    0.00000000  0.01367669
  0.00000000 -0.00024074    0.24854505  0.00000000    0.00519144  0.00000000
  0.00000000 -0.01367669    0.00519144  0.00000000    0.31490736  0.00000000

     Dynamical  Matrix in cartesian axes

     q = (   -1.000000000   0.750000000   0.250000000 ) 

    1    1
  0.25659557  0.00000000    0.00000000  0.00024074    0.00000000  0.01367669
  0.00000000 -0.00024074    0.24854505  0.00000000    0.00519144  0.00000000
  0.00000000 -0.01367669    0.00519144  0.00000000    0.31490736  0.00000000
    1    2
  0.00000000 -0.08857386   -0.16492668  0.00000000   -0.02620654  0.00000000
 -0.16492668  0.00000000    0.00000000 -0.08540598    0.00000000  0.05949907
 -0.02620654  0.00000000    0.00000000  0.05949907    0.00000000 -0.09256280
    2    1
  0.00000000  0.08857386   -0.16492668  0.00000000   -0.02620654  0.00000000
 -0.16492668  0.00000000    0.00000000  0.08540598    0.00000000 -0.05949907
 -0.02620654  0.00000000    0.00000000 -0.05949907    0.00000000  0.09256280
    2    2
  0.25659557  0.00000000    0.00000000 -0.00024074    0.00000000 -0.01367669
  0.00000000  0.00024074    0.24854505  0.00000000    0.00519144  0.00000000
  0.00000000  0.01367669    0.00519144  0.00000000    0.31490736  0.00000000

     Dynamical  Matrix in cartesian axes

     q = (    0.250000000  -0.750000000   1.000000000 ) 

    1    1
  0.31490736  0.00000000   -0.00519144  0.00000000    0.00000000  0.01367669
 -0.00519144  0.00000000    0.24854505  0.00000000    0.00000000 -0.00024074
  0.00000000 -0.01367669    0.00000000  0.00024074    0.25659557  0.00000000
    1    2
 -0.06545178 -0.06545178   -0.04207219 -0.04207219    0.01853082 -0.01853082
 -0.04207219 -0.04207219   -0.06039115 -0.06039115   -0.11662077  0.11662077
  0.01853082 -0.01853082   -0.11662077  0.11662077   -0.06263118 -0.06263118
    2    1
 -0.06545178  0.06545178   -0.04207219  0.04207219    0.01853082  0.01853082
 -0.04207219  0.04207219   -0.06039115  0.06039115   -0.11662077 -0.11662077
  0.01853082  0.01853082   -0.11662077 -0.11662077   -0.06263118  0.06263118
    2    2
  0.31490736  0.00000000   -0.00519144  0.00000000    0.00000000 -0.01367669
 -0.00519144  0.00000000    0.24854505  0.00000000    0.00000000  0.00024074
  0.00000000  0.01367669    0.00000000 -0.00024074    0.25659557  0.00000000

     Dynamical  Matrix in cartesian axes

     q = (    0.250000000  -1.000000000   0.750000000 ) 

    1    1
  0.31490736  0.00000000    0.00000000 -0.01367669    0.00519144  0.00000000
  0.00000000  0.01367669    0.25659557  0.00000000    0.00000000  0.00024074
  0.00519144  0.00000000    0.00000000 -0.00024074    0.24854505  0.00000000
    1    2
  0.00000000 -0.09256280   -0.02620654  0.00000000    0.00000000  0.05949907
 -0.02620654  0.00000000    0.00000000 -0.08857386   -0.16492668  0.00000000
  0.00000000  0.05949907   -0.16492668  0.00000000    0.00000000 -0.08540598
    2    1
  0.00000000  0.09256280   -0.02620654  0.00000000    0.00000000 -0.05949907
 -0.02620654  0.00000000    0.00000000  0.08857386   -0.16492668  0.00000000
  0.00000000 -0.05949907   -0.16492668  0.00000000    0.00000000  0.08540598
    2    2
  0.31490736  0.00000000    0.00000000  0.01367669    0.00519144  0.00000000
  0.00000000 -0.01367669    0.25659557  0.00000000    0.00000000 -0.00024074
  0.00519144  0.00000000    0.00000000  0.00024074    0.24854505  0.00000000

     Dynamical  Matrix in cartesian axes

     q = (    0.750000000  -1.000000000   0.250000000 ) 

    1    1
  0.24854505  0.00000000    0.00000000 -0.00024074    0.00519144  0.00000000
  0.00000000  0.00024074    0.25659557  0.00000000    0.00000000  0.01367669
  0.00519144  0.00000000    0.00000000 -0.01367669    0.31490736  0.00000000
    1    2
  0.00000000 -0.08540598   -0.16492668  0.00000000    0.00000000  0.05949907
 -0.16492668  0.00000000    0.00000000 -0.08857386   -0.02620654  0.00000000
  0.00000000  0.05949907   -0.02620654  0.00000000    0.00000000 -0.09256280
    2    1
  0.00000000  0.08540598   -0.16492668  0.00000000    0.00000000 -0.05949907
 -0.16492668  0.00000000    0.00000000  0.08857386   -0.02620654  0.00000000
  0.00000000 -0.05949907   -0.02620654  0.00000000    0.00000000  0.09256280
    2    2
  0.24854505  0.00000000    0.00000000  0.00024074    0.00519144  0.00000000
  0.00000000 -0.00024074    0.25659557  0.00000000    0.00000000 -0.01367669
  0.00519144  0.00000000    0.00000000  0.01367669    0.31490736  0.00000000

     Dynamical  Matrix in cartesian axes

     q = (    0.250000000   0.750000000   1.000000000 ) 

    1    1
  0.31490736  0.00000000    0.00519144  0.00000000    0.00000000 -0.01367669
  0.00519144  0.00000000    0.24854505  0.00000000    0.00000000 -0.00024074
  0.00000000  0.01367669    0.00000000  0.00024074    0.25659557  0.00000000
    1    2
  0.00000000 -0.09256280    0.00000000  0.05949907   -0.02620654  0.00000000
  0.00000000  0.05949907    0.00000000 -0.08540598   -0.16492668  0.00000000
 -0.02620654  0.00000000   -0.16492668  0.00000000    0.00000000 -0.08857386
    2    1
  0.00000000  0.09256280    0.00000000 -0.05949907   -0.02620654  0.00000000
  0.00000000 -0.05949907    0.00000000  0.08540598   -0.16492668  0.00000000
 -0.02620654  0.00000000   -0.16492668  0.00000000    0.00000000  0.08857386
    2    2
  0.31490736  0.00000000    0.00519144  0.00000000    0.00000000  0.01367669
  0.00519144  0.00000000    0.24854505  0.00000000    0.00000000  0.00024074
  0.00000000 -0.01367669    0.00000000 -0.00024074    0.25659557  0.00000000

     Dynamical  Matrix in cartesian axes

     q = (   -0.250000000  -0.750000000  -1.000000000 ) 

    1    1
  0.31490736  0.00000000    0.00519144  0.00000000    0.00000000  0.01367669
  0.00519144  0.00000000    0.24854505  0.00000000    0.00000000  0.00024074
  0.00000000 -0.01367669    0.00000000 -0.00024074    0.25659557  0.00000000
    1    2
  0.00000000  0.09256280    0.00000000 -0.05949907   -0.02620654  0.00000000
  0.00000000 -0.05949907    0.00000000  0.08540598   -0.16492668  0.00000000
 -0.02620654  0.00000000   -0.16492668  0.00000000    0.00000000  0.08857386
    2    1
  0.00000000 -0.09256280    0.00000000  0.05949907   -0.02620654  0.00000000
  0.00000000  0.05949907    0.00000000 -0.08540598   -0.16492668  0.00000000
 -0.02620654  0.00000000   -0.16492668  0.00000000    0.00000000 -0.08857386
    2    2
  0.31490736  0.00000000    0.00519144  0.00000000    0.00000000 -0.01367669
  0.00519144  0.00000000    0.24854505  0.00000000    0.00000000 -0.00024074
  0.00000000  0.01367669    0.00000000  0.00024074    0.25659557  0.00000000

     Dynamical  Matrix in cartesian axes

     q = (   -0.750000000  -1.000000000   0.250000000 ) 

    1    1
  0.24854505  0.00000000    0.00000000 -0.00024074   -0.00519144  0.00000000
  0.00000000  0.00024074    0.25659557  0.00000000    0.00000000 -0.01367669
 -0.00519144  0.00000000    0.00000000  0.01367669    0.31490736  0.00000000
    1    2
 -0.06039115 -0.06039115   -0.11662077  0.11662077   -0.04207219 -0.04207219
 -0.11662077  0.11662077   -0.06263118 -0.06263118    0.01853082 -0.01853082
 -0.04207219 -0.04207219    0.01853082 -0.01853082   -0.06545178 -0.06545178
    2    1
 -0.06039115  0.06039115   -0.11662077 -0.11662077   -0.04207219  0.04207219
 -0.11662077 -0.11662077   -0.06263118  0.06263118    0.01853082  0.01853082
 -0.04207219  0.04207219    0.01853082  0.01853082   -0.06545178  0.06545178
    2    2
  0.24854505  0.00000000    0.00000000  0.00024074   -0.00519144  0.00000000
  0.00000000 -0.00024074    0.25659557  0.00000000    0.00000000  0.01367669
 -0.00519144  0.00000000    0.00000000 -0.01367669    0.31490736  0.00000000

     Dynamical  Matrix in cartesian axes

     q = (    1.000000000  -0.750000000   0.250000000 ) 

    1    1
  0.25659557  0.00000000    0.00000000  0.00024074    0.00000000 -0.01367669
  0.00000000 -0.00024074    0.24854505  0.00000000   -0.00519144  0.00000000
  0.00000000  0.01367669   -0.00519144  0.00000000    0.31490736  0.00000000
    1    2
 -0.06263118 -0.06263118   -0.11662077  0.11662077    0.01853082 -0.01853082
 -0.11662077  0.11662077   -0.06039115 -0.06039115   -0.04207219 -0.04207219
  0.01853082 -0.01853082   -0.04207219 -0.04207219   -0.06545178 -0.06545178
    2    1
 -0.06263118  0.06263118   -0.11662077 -0.11662077    0.01853082  0.01853082
 -0.11662077 -0.11662077   -0.06039115  0.06039115   -0.04207219  0.04207219
  0.01853082  0.01853082   -0.04207219  0.04207219   -0.06545178  0.06545178
    2    2
  0.25659557  0.00000000    0.00000000 -0.00024074    0.00000000  0.01367669
  0.00000000  0.00024074    0.24854505  0.00000000   -0.00519144  0.00000000
  0.00000000 -0.01367669   -0.00519144  0.00000000    0.31490736  0.00000000

     Dynamical  Matrix in cartesian axes

     q = (    0.750000000   1.000000000  -0.250000000 ) 

    1    1
  0.24854505  0.00000000    0.00000000  0.00024074   -0.00519144  0.00000000
  0.00000000 -0.00024074    0.25659557  0.00000000    0.00000000  0.01367669
 -0.00519144  0.00000000    0.00000000 -0.01367669    0.31490736  0.00000000
    1    2
 -0.06039115  0.06039115   -0.11662077 -0.11662077   -0.04207219  0.04207219
 -0.11662077 -0.11662077   -0.06263118  0.06263118    0.01853082  0.01853082
 -0.04207219  0.04207219    0.01853082  0.01853082   -0.06545178  0.06545178
    2    1
 -0.06039115 -0.06039115   -0.11662077  0.11662077   -0.04207219 -0.04207219
 -0.11662077  0.11662077   -0.06263118 -0.06263118    0.01853082 -0.01853082
 -0.04207219 -0.04207219    0.01853082 -0.01853082   -0.06545178 -0.06545178
    2    2
  0.24854505  0.00000000    0.00000000 -0.00024074   -0.00519144  0.00000000
  0.00000000  0.00024074    0.25659557  0.00000000    0.00000000 -0.01367669
 -0.00519144  0.00000000    0.00000000  0.01367669    0.31490736  0.00000000

     Dynamical  Matrix in cartesian axes

     q = (   -0.750000000  -1.000000000  -0.250000000 ) 

    1    1
  0.24854505  0.00000000    0.00000000  0.00024074    0.00519144  0.00000000
  0.00000000 -0.00024074    0.25659557  0.00000000    0.00000000 -0.01367669
  0.00519144  0.00000000    0.00000000  0.01367669    0.31490736  0.00000000
    1    2
  0.00000000  0.08540598   -0.16492668  0.00000000    0.00000000 -0.05949907
 -0.16492668  0.00000000    0.00000000  0.08857386   -0.02620654  0.00000000
  0.00000000 -0.05949907   -0.02620654  0.00000000    0.00000000  0.09256280
    2    1
  0.00000000 -0.08540598   -0.16492668  0.00000000    0.00000000  0.05949907
 -0.16492668  0.00000000    0.00000000 -0.08857386   -0.02620654  0.00000000
  0.00000000  0.05949907   -0.02620654  0.00000000    0.00000000 -0.09256280
    2    2
  0.24854505  0.00000000    0.00000000 -0.00024074    0.00519144  0.00000000
  0.00000000  0.00024074    0.25659557  0.00000000    0.00000000  0.01367669
  0.00519144  0.00000000    0.00000000 -0.01367669    0.31490736  0.00000000

     Diagonalizing the dynamical matrix

     q = (    0.750000000  -0.250000000   1.000000000 ) 

 **************************************************************************
     omega( 1) =       4.925676 [THz] =     164.302862 [cm-1]
 (  0.429102  0.429102  0.112503  0.112503 -0.230682  0.230682 ) 
 (  0.000000  0.606842  0.000000  0.159104  0.326234  0.000000 ) 
     omega( 2) =       5.123625 [THz] =     170.905724 [cm-1]
 ( -0.265652 -0.265652  0.056999  0.056999 -0.419738  0.419738 ) 
 (  0.000000  0.375689  0.000000 -0.080608 -0.593599  0.000000 ) 
     omega( 3) =       9.454031 [THz] =     315.352522 [cm-1]
 (  0.028638  0.028638 -0.467585 -0.467585 -0.174769  0.174769 ) 
 (  0.000000  0.040501  0.000000 -0.661265  0.247161  0.000000 ) 
     omega( 4) =      12.717616 [THz] =     424.214020 [cm-1]
 ( -0.228470 -0.228470  0.397926  0.397926  0.198635 -0.198635 ) 
 (  0.000000  0.323105  0.000000 -0.562753  0.280913  0.000000 ) 
     omega( 5) =      13.974106 [THz] =     466.126010 [cm-1]
 (  0.255051  0.255051 -0.136775 -0.136775  0.407727 -0.407727 ) 
 (  0.000000  0.360697  0.000000 -0.193429 -0.576613  0.000000 ) 
     omega( 6) =      14.018517 [THz] =     467.607392 [cm-1]
 (  0.356694  0.356694  0.297331  0.297331 -0.185375  0.185375 ) 
 (  0.000000 -0.504441  0.000000 -0.420489 -0.262160  0.000000 ) 
 **************************************************************************
