Dynamical matrix file
                                                                           
  1    2  2 10.2000000  0.0000000  0.0000000  0.0000000  0.0000000  0.0000000
           1  'Si  '    25598.8229845270     
    1    1      0.0000000      0.0000000      0.0000000
    2    1      0.2500000      0.2500000      0.2500000

     Dynamical  Matrix in cartesian axes

     q = (   -0.250000000   0.500000000  -0.250000000 ) 

    1    1
  0.26785415  0.00000000   -0.01181811  0.00626871    0.00952481  0.00000000
 -0.01181811 -0.00626871    0.29366572  0.00000000   -0.01181811 -0.00626871
  0.00952481  0.00000000   -0.01181811  0.00626871    0.26785415  0.00000000
    1    2
 -0.15851873  0.03222430   -0.04370718  0.04578337    0.02211980 -0.10847019
 -0.04370718  0.04578337   -0.16360926  0.04100938   -0.04370718  0.04578337
  0.02211980 -0.10847019   -0.04370718  0.04578337   -0.15851873  0.03222430
    2    1
 -0.15851873 -0.03222430   -0.04370718 -0.04578337    0.02211980  0.10847019
 -0.04370718 -0.04578337   -0.16360926 -0.04100938   -0.04370718 -0.04578337
  0.02211980  0.10847019   -0.04370718 -0.04578337   -0.15851873 -0.03222430
    2    2
  0.26785415  0.00000000   -0.01181811 -0.00626871    0.00952481  0.00000000
 -0.01181811  0.00626871    0.29366572  0.00000000   -0.01181811  0.00626871
  0.00952481  0.00000000   -0.01181811 -0.00626871    0.26785415  0.00000000

     Dynamical  Matrix in cartesian axes

     q = (   -0.250000000   0.500000000   0.250000000 ) 

    1    1
  0.26785415  0.00000000   -0.01181811 -0.00626871   -0.00952481  0.00000000
 -0.01181811  0.00626871    0.29366572  0.00000000    0.01181811 -0.00626871
 -0.00952481  0.00000000    0.01181811  0.00626871    0.26785415  0.00000000
    1    2
 -0.13487569  0.08930365   -0.06327938 -0.00146809   -0.09234107 -0.06105894
 -0.06327938 -0.00146809   -0.14468722  0.08669121    0.06327938  0.00146809
 -0.09234107 -0.06105894    0.06327938  0.00146809   -0.13487569  0.08930365
    2    1
 -0.13487569 -0.08930365   -0.06327938  0.00146809   -0.09234107  0.06105894
 -0.06327938  0.00146809   -0.14468722 -0.08669121    0.06327938 -0.00146809
 -0.09234107  0.06105894    0.06327938 -0.00146809   -0.13487569 -0.08930365
    2    2
  0.26785415  0.00000000   -0.01181811  0.00626871   -0.00952481  0.00000000
 -0.01181811 -0.00626871    0.29366572  0.00000000    0.01181811  0.00626871
 -0.00952481  0.00000000    0.01181811 -0.00626871    0.26785415  0.00000000

     Dynamical  Matrix in cartesian axes

     q = (    0.250000000   0.500000000  -0.250000000 ) 

    1    1
  0.26785415  0.00000000    0.01181811  0.00626871   -0.00952481  0.00000000
  0.01181811 -0.00626871    0.29366572  0.00000000   -0.01181811  0.00626871
 -0.00952481  0.00000000   -0.01181811 -0.00626871    0.26785415  0.00000000
    1    2
 -0.13487569  0.08930365    0.06327938  0.00146809   -0.09234107 -0.06105894
  0.06327938  0.00146809   -0.14468722  0.08669121   -0.06327938 -0.00146809
 -0.09234107 -0.06105894   -0.06327938 -0.00146809   -0.13487569  0.08930365
    2    1
 -0.13487569 -0.08930365    0.06327938 -0.00146809   -0.09234107  0.06105894
  0.06327938 -0.00146809   -0.14468722 -0.08669121   -0.06327938  0.00146809
 -0.09234107  0.06105894   -0.06327938  0.00146809   -0.13487569 -0.08930365
    2    2
  0.26785415  0.00000000    0.01181811 -0.00626871   -0.00952481  0.00000000
  0.01181811  0.00626871    0.29366572  0.00000000   -0.01181811 -0.00626871
 -0.00952481  0.00000000   -0.01181811  0.00626871    0.26785415  0.00000000

     Dynamical  Matrix in cartesian axes

     q = (    0.250000000   0.500000000   0.250000000 ) 

    1    1
  0.26785415  0.00000000    0.01181811 -0.00626871    0.00952481  0.00000000
  0.01181811  0.00626871    0.29366572  0.00000000    0.01181811  0.00626871
  0.00952481  0.00000000    0.01181811 -0.00626871    0.26785415  0.00000000
    1    2
  0.03222430  0.15851873   -0.04578337 -0.04370718   -0.10847019 -0.02211980
 -0.04578337 -0.04370718    0.04100938  0.16360926   -0.04578337 -0.04370718
 -0.10847019 -0.02211980   -0.04578337 -0.04370718    0.03222430  0.15851873
    2    1
  0.03222430 -0.15851873   -0.04578337  0.04370718   -0.10847019  0.02211980
 -0.04578337  0.04370718    0.04100938 -0.16360926   -0.04578337  0.04370718
 -0.10847019  0.02211980   -0.04578337  0.04370718    0.03222430 -0.15851873
    2    2
  0.26785415  0.00000000    0.01181811  0.00626871    0.00952481  0.00000000
  0.01181811 -0.00626871    0.29366572  0.00000000    0.01181811 -0.00626871
  0.00952481  0.00000000    0.01181811  0.00626871    0.26785415  0.00000000

     Dynamical  Matrix in cartesian axes

     q = (    0.250000000  -0.500000000   0.250000000 ) 

    1    1
  0.26785415  0.00000000   -0.01181811 -0.00626871    0.00952481  0.00000000
 -0.01181811  0.00626871    0.29366572  0.00000000   -0.01181811  0.00626871
  0.00952481  0.00000000   -0.01181811 -0.00626871    0.26785415  0.00000000
    1    2
 -0.15851873 -0.03222430   -0.04370718 -0.04578337    0.02211980  0.10847019
 -0.04370718 -0.04578337   -0.16360926 -0.04100938   -0.04370718 -0.04578337
  0.02211980  0.10847019   -0.04370718 -0.04578337   -0.15851873 -0.03222430
    2    1
 -0.15851873  0.03222430   -0.04370718  0.04578337    0.02211980 -0.10847019
 -0.04370718  0.04578337   -0.16360926  0.04100938   -0.04370718  0.04578337
  0.02211980 -0.10847019   -0.04370718  0.04578337   -0.15851873  0.03222430
    2    2
  0.26785415  0.00000000   -0.01181811  0.00626871    0.00952481  0.00000000
 -0.01181811 -0.00626871    0.29366572  0.00000000   -0.01181811 -0.00626871
  0.00952481  0.00000000   -0.01181811  0.00626871    0.26785415  0.00000000

     Dynamical  Matrix in cartesian axes

     q = (    0.500000000  -0.250000000   0.250000000 ) 

    1    1
  0.29366572  0.00000000   -0.01181811  0.00626871    0.01181811 -0.00626871
 -0.01181811 -0.00626871    0.26785415  0.00000000   -0.00952481  0.00000000
  0.01181811  0.00626871   -0.00952481  0.00000000    0.26785415  0.00000000
    1    2
 -0.14468722  0.08669121   -0.06327938 -0.00146809    0.06327938  0.00146809
 -0.06327938 -0.00146809   -0.13487569  0.08930365   -0.09234107 -0.06105894
  0.06327938  0.00146809   -0.09234107 -0.06105894   -0.13487569  0.08930365
    2    1
 -0.14468722 -0.08669121   -0.06327938  0.00146809    0.06327938 -0.00146809
 -0.06327938  0.00146809   -0.13487569 -0.08930365   -0.09234107  0.06105894
  0.06327938 -0.00146809   -0.09234107  0.06105894   -0.13487569 -0.08930365
    2    2
  0.29366572  0.00000000   -0.01181811 -0.00626871    0.01181811  0.00626871
 -0.01181811  0.00626871    0.26785415  0.00000000   -0.00952481  0.00000000
  0.01181811 -0.00626871   -0.00952481  0.00000000    0.26785415  0.00000000

     Dynamical  Matrix in cartesian axes

     q = (    0.250000000  -0.250000000   0.500000000 ) 

    1    1
  0.26785415  0.00000000   -0.00952481  0.00000000    0.01181811  0.00626871
 -0.00952481  0.00000000    0.26785415  0.00000000   -0.01181811 -0.00626871
  0.01181811 -0.00626871   -0.01181811  0.00626871    0.29366572  0.00000000
    1    2
 -0.13487569  0.08930365   -0.09234107 -0.06105894    0.06327938  0.00146809
 -0.09234107 -0.06105894   -0.13487569  0.08930365   -0.06327938 -0.00146809
  0.06327938  0.00146809   -0.06327938 -0.00146809   -0.14468722  0.08669121
    2    1
 -0.13487569 -0.08930365   -0.09234107  0.06105894    0.06327938 -0.00146809
 -0.09234107  0.06105894   -0.13487569 -0.08930365   -0.06327938  0.00146809
  0.06327938 -0.00146809   -0.06327938  0.00146809   -0.14468722 -0.08669121
    2    2
  0.26785415  0.00000000   -0.00952481  0.00000000    0.01181811 -0.00626871
 -0.00952481  0.00000000    0.26785415  0.00000000   -0.01181811  0.00626871
  0.01181811  0.00626871   -0.01181811 -0.00626871    0.29366572  0.00000000

     Dynamical  Matrix in cartesian axes

     q = (   -0.250000000  -0.500000000  -0.250000000 ) 

    1    1
  0.26785415  0.00000000    0.01181811  0.00626871    0.00952481  0.00000000
  0.01181811 -0.00626871    0.29366572  0.00000000    0.01181811 -0.00626871
  0.00952481  0.00000000    0.01181811  0.00626871    0.26785415  0.00000000
    1    2
  0.03222430 -0.15851873   -0.04578337  0.04370718   -0.10847019  0.02211980
 -0.04578337  0.04370718    0.04100938 -0.16360926   -0.04578337  0.04370718
 -0.10847019  0.02211980   -0.04578337  0.04370718    0.03222430 -0.15851873
    2    1
  0.03222430  0.15851873   -0.04578337 -0.04370718   -0.10847019 -0.02211980
 -0.04578337 -0.04370718    0.04100938  0.16360926   -0.04578337 -0.04370718
 -0.10847019 -0.02211980   -0.04578337 -0.04370718    0.03222430  0.15851873
    2    2
  0.26785415  0.00000000    0.01181811 -0.00626871    0.00952481  0.00000000
  0.01181811  0.00626871    0.29366572  0.00000000    0.01181811  0.00626871
  0.00952481  0.00000000    0.01181811 -0.00626871    0.26785415  0.00000000

     Dynamical  Matrix in cartesian axes

     q = (    0.250000000  -0.500000000  -0.250000000 ) 

    1    1
  0.26785415  0.00000000   -0.01181811  0.00626871   -0.00952481  0.00000000
 -0.01181811 -0.00626871    0.29366572  0.00000000    0.01181811  0.00626871
 -0.00952481  0.00000000    0.01181811 -0.00626871    0.26785415  0.00000000
    1    2
 -0.13487569 -0.08930365   -0.06327938  0.00146809   -0.09234107  0.06105894
 -0.06327938  0.00146809   -0.14468722 -0.08669121    0.06327938 -0.00146809
 -0.09234107  0.06105894    0.06327938 -0.00146809   -0.13487569 -0.08930365
    2    1
 -0.13487569  0.08930365   -0.06327938 -0.00146809   -0.09234107 -0.06105894
 -0.06327938 -0.00146809   -0.14468722  0.08669121    0.06327938  0.00146809
 -0.09234107 -0.06105894    0.06327938  0.00146809   -0.13487569  0.08930365
    2    2
  0.26785415  0.00000000   -0.01181811 -0.00626871   -0.00952481  0.00000000
 -0.01181811  0.00626871    0.29366572  0.00000000    0.01181811 -0.00626871
 -0.00952481  0.00000000    0.01181811  0.00626871    0.26785415  0.00000000

     Dynamical  Matrix in cartesian axes

     q = (   -0.250000000  -0.500000000   0.250000000 ) 

    1    1
  0.26785415  0.00000000    0.01181811 -0.00626871   -0.00952481  0.00000000
  0.01181811  0.00626871    0.29366572  0.00000000   -0.01181811 -0.00626871
 -0.00952481  0.00000000   -0.01181811  0.00626871    0.26785415  0.00000000
    1    2
 -0.13487569 -0.08930365    0.06327938 -0.00146809   -0.09234107  0.06105894
  0.06327938 -0.00146809   -0.14468722 -0.08669121   -0.06327938  0.00146809
 -0.09234107  0.06105894   -0.06327938  0.00146809   -0.13487569 -0.08930365
    2    1
 -0.13487569  0.08930365    0.06327938  0.00146809   -0.09234107 -0.06105894
  0.06327938  0.00146809   -0.14468722  0.08669121   -0.06327938 -0.00146809
 -0.09234107 -0.06105894   -0.06327938 -0.00146809   -0.13487569  0.08930365
    2    2
  0.26785415  0.00000000    0.01181811  0.00626871   -0.00952481  0.00000000
  0.01181811 -0.00626871    0.29366572  0.00000000   -0.01181811  0.00626871
 -0.00952481  0.00000000   -0.01181811 -0.00626871    0.26785415  0.00000000

     Dynamical  Matrix in cartesian axes

     q = (    0.250000000  -0.250000000  -0.500000000 ) 

    1    1
  0.26785415  0.00000000   -0.00952481  0.00000000   -0.01181811  0.00626871
 -0.00952481  0.00000000    0.26785415  0.00000000    0.01181811 -0.00626871
 -0.01181811 -0.00626871    0.01181811  0.00626871    0.29366572  0.00000000
    1    2
 -0.13487569 -0.08930365   -0.09234107  0.06105894   -0.06327938  0.00146809
 -0.09234107  0.06105894   -0.13487569 -0.08930365    0.06327938 -0.00146809
 -0.06327938  0.00146809    0.06327938 -0.00146809   -0.14468722 -0.08669121
    2    1
 -0.13487569  0.08930365   -0.09234107 -0.06105894   -0.06327938 -0.00146809
 -0.09234107 -0.06105894   -0.13487569  0.08930365    0.06327938  0.00146809
 -0.06327938 -0.00146809    0.06327938  0.00146809   -0.14468722  0.08669121
    2    2
  0.26785415  0.00000000   -0.00952481  0.00000000   -0.01181811 -0.00626871
 -0.00952481  0.00000000    0.26785415  0.00000000    0.01181811  0.00626871
 -0.01181811  0.00626871    0.01181811 -0.00626871    0.29366572  0.00000000

     Dynamical  Matrix in cartesian axes

     q = (    0.500000000  -0.250000000  -0.250000000 ) 

    1    1
  0.29366572  0.00000000   -0.01181811 -0.00626871   -0.01181811 -0.00626871
 -0.01181811  0.00626871    0.26785415  0.00000000    0.00952481  0.00000000
 -0.01181811  0.00626871    0.00952481  0.00000000    0.26785415  0.00000000
    1    2
 -0.16360926  0.04100938   -0.04370718  0.04578337   -0.04370718  0.04578337
 -0.04370718  0.04578337   -0.15851873  0.03222430    0.02211980 -0.10847019
 -0.04370718  0.04578337    0.02211980 -0.10847019   -0.15851873  0.03222430
    2    1
 -0.16360926 -0.04100938   -0.04370718 -0.04578337   -0.04370718 -0.04578337
 -0.04370718 -0.04578337   -0.15851873 -0.03222430    0.02211980  0.10847019
 -0.04370718 -0.04578337    0.02211980  0.10847019   -0.15851873 -0.03222430
    2    2
  0.29366572  0.00000000   -0.01181811  0.00626871   -0.01181811  0.00626871
 -0.01181811 -0.00626871    0.26785415  0.00000000    0.00952481  0.00000000
 -0.01181811 -0.00626871    0.00952481  0.00000000    0.26785415  0.00000000

     Dynamical  Matrix in cartesian axes

     q = (   -0.500000000  -0.250000000   0.250000000 ) 

    1    1
  0.29366572  0.00000000    0.01181811  0.00626871   -0.01181811 -0.00626871
  0.01181811 -0.00626871    0.26785415  0.00000000   -0.00952481  0.00000000
 -0.01181811  0.00626871   -0.00952481  0.00000000    0.26785415  0.00000000
    1    2
 -0.14468722 -0.08669121    0.06327938 -0.00146809   -0.06327938  0.00146809
  0.06327938 -0.00146809   -0.13487569 -0.08930365   -0.09234107  0.06105894
 -0.06327938  0.00146809   -0.09234107  0.06105894   -0.13487569 -0.08930365
    2    1
 -0.14468722  0.08669121    0.06327938  0.00146809   -0.06327938 -0.00146809
  0.06327938  0.00146809   -0.13487569  0.08930365   -0.09234107 -0.06105894
 -0.06327938 -0.00146809   -0.09234107 -0.06105894   -0.13487569  0.08930365
    2    2
  0.29366572  0.00000000    0.01181811 -0.00626871   -0.01181811  0.00626871
  0.01181811  0.00626871    0.26785415  0.00000000   -0.00952481  0.00000000
 -0.01181811 -0.00626871   -0.00952481  0.00000000    0.26785415  0.00000000

     Dynamical  Matrix in cartesian axes

     q = (    0.500000000   0.250000000   0.250000000 ) 

    1    1
  0.29366572  0.00000000    0.01181811  0.00626871    0.01181811  0.00626871
  0.01181811 -0.00626871    0.26785415  0.00000000    0.00952481  0.00000000
  0.01181811 -0.00626871    0.00952481  0.00000000    0.26785415  0.00000000
    1    2
  0.04100938  0.16360926   -0.04578337 -0.04370718   -0.04578337 -0.04370718
 -0.04578337 -0.04370718    0.03222430  0.15851873   -0.10847019 -0.02211980
 -0.04578337 -0.04370718   -0.10847019 -0.02211980    0.03222430  0.15851873
    2    1
  0.04100938 -0.16360926   -0.04578337  0.04370718   -0.04578337  0.04370718
 -0.04578337  0.04370718    0.03222430 -0.15851873   -0.10847019  0.02211980
 -0.04578337  0.04370718   -0.10847019  0.02211980    0.03222430 -0.15851873
    2    2
  0.29366572  0.00000000    0.01181811 -0.00626871    0.01181811 -0.00626871
  0.01181811  0.00626871    0.26785415  0.00000000    0.00952481  0.00000000
  0.01181811  0.00626871    0.00952481  0.00000000    0.26785415  0.00000000

     Dynamical  Matrix in cartesian axes

     q = (   -0.250000000  -0.250000000   0.500000000 ) 

    1    1
  0.26785415  0.00000000    0.00952481  0.00000000   -0.01181811  0.00626871
  0.00952481  0.00000000    0.26785415  0.00000000   -0.01181811  0.00626871
 -0.01181811 -0.00626871   -0.01181811 -0.00626871    0.29366572  0.00000000
    1    2
 -0.15851873  0.03222430    0.02211980 -0.10847019   -0.04370718  0.04578337
  0.02211980 -0.10847019   -0.15851873  0.03222430   -0.04370718  0.04578337
 -0.04370718  0.04578337   -0.04370718  0.04578337   -0.16360926  0.04100938
    2    1
 -0.15851873 -0.03222430    0.02211980  0.10847019   -0.04370718 -0.04578337
  0.02211980  0.10847019   -0.15851873 -0.03222430   -0.04370718 -0.04578337
 -0.04370718 -0.04578337   -0.04370718 -0.04578337   -0.16360926 -0.04100938
    2    2
  0.26785415  0.00000000    0.00952481  0.00000000   -0.01181811 -0.00626871
  0.00952481  0.00000000    0.26785415  0.00000000   -0.01181811 -0.00626871
 -0.01181811  0.00626871   -0.01181811  0.00626871    0.29366572  0.00000000

     Dynamical  Matrix in cartesian axes

     q = (    0.250000000   0.250000000   0.500000000 ) 

    1    1
  0.26785415  0.00000000    0.00952481  0.00000000    0.01181811 -0.00626871
  0.00952481  0.00000000    0.26785415  0.00000000    0.01181811 -0.00626871
  0.01181811  0.00626871    0.01181811  0.00626871    0.29366572  0.00000000
    1    2
  0.03222430  0.15851873   -0.10847019 -0.02211980   -0.04578337 -0.04370718
 -0.10847019 -0.02211980    0.03222430  0.15851873   -0.04578337 -0.04370718
 -0.04578337 -0.04370718   -0.04578337 -0.04370718    0.04100938  0.16360926
    2    1
  0.03222430 -0.15851873   -0.10847019  0.02211980   -0.04578337  0.04370718
 -0.10847019  0.02211980    0.03222430 -0.15851873   -0.04578337  0.04370718
 -0.04578337  0.04370718   -0.04578337  0.04370718    0.04100938 -0.16360926
    2    2
  0.26785415  0.00000000    0.00952481  0.00000000    0.01181811  0.00626871
  0.00952481  0.00000000    0.26785415  0.00000000    0.01181811  0.00626871
  0.01181811 -0.00626871    0.01181811 -0.00626871    0.29366572  0.00000000

     Dynamical  Matrix in cartesian axes

     q = (   -0.500000000   0.250000000  -0.250000000 ) 

    1    1
  0.29366572  0.00000000   -0.01181811 -0.00626871    0.01181811  0.00626871
 -0.01181811  0.00626871    0.26785415  0.00000000   -0.00952481  0.00000000
  0.01181811 -0.00626871   -0.00952481  0.00000000    0.26785415  0.00000000
    1    2
 -0.14468722 -0.08669121   -0.06327938  0.00146809    0.06327938 -0.00146809
 -0.06327938  0.00146809   -0.13487569 -0.08930365   -0.09234107  0.06105894
  0.06327938 -0.00146809   -0.09234107  0.06105894   -0.13487569 -0.08930365
    2    1
 -0.14468722  0.08669121   -0.06327938 -0.00146809    0.06327938  0.00146809
 -0.06327938 -0.00146809   -0.13487569  0.08930365   -0.09234107 -0.06105894
  0.06327938  0.00146809   -0.09234107 -0.06105894   -0.13487569  0.08930365
    2    2
  0.29366572  0.00000000   -0.01181811  0.00626871    0.01181811 -0.00626871
 -0.01181811 -0.00626871    0.26785415  0.00000000   -0.00952481  0.00000000
  0.01181811  0.00626871   -0.00952481  0.00000000    0.26785415  0.00000000

     Dynamical  Matrix in cartesian axes

     q = (   -0.250000000   0.250000000  -0.500000000 ) 

    1    1
  0.26785415  0.00000000   -0.00952481  0.00000000    0.01181811 -0.00626871
 -0.00952481  0.00000000    0.26785415  0.00000000   -0.01181811  0.00626871
  0.01181811  0.00626871   -0.01181811 -0.00626871    0.29366572  0.00000000
    1    2
 -0.13487569 -0.08930365   -0.09234107  0.06105894    0.06327938 -0.00146809
 -0.09234107  0.06105894   -0.13487569 -0.08930365   -0.06327938  0.00146809
  0.06327938 -0.00146809   -0.06327938  0.00146809   -0.14468722 -0.08669121
    2    1
 -0.13487569  0.08930365   -0.09234107 -0.06105894    0.06327938  0.00146809
 -0.09234107 -0.06105894   -0.13487569  0.08930365   -0.06327938 -0.00146809
  0.06327938  0.00146809   -0.06327938 -0.00146809   -0.14468722  0.08669121
    2    2
  0.26785415  0.00000000   -0.00952481  0.00000000    0.01181811  0.00626871
 -0.00952481  0.00000000    0.26785415  0.00000000   -0.01181811 -0.00626871
  0.01181811 -0.00626871   -0.01181811  0.00626871    0.29366572  0.00000000

     Dynamical  Matrix in cartesian axes

     q = (   -0.500000000  -0.250000000  -0.250000000 ) 

    1    1
  0.29366572  0.00000000    0.01181811 -0.00626871    0.01181811 -0.00626871
  0.01181811  0.00626871    0.26785415  0.00000000    0.00952481  0.00000000
  0.01181811  0.00626871    0.00952481  0.00000000    0.26785415  0.00000000
    1    2
  0.04100938 -0.16360926   -0.04578337  0.04370718   -0.04578337  0.04370718
 -0.04578337  0.04370718    0.03222430 -0.15851873   -0.10847019  0.02211980
 -0.04578337  0.04370718   -0.10847019  0.02211980    0.03222430 -0.15851873
    2    1
  0.04100938  0.16360926   -0.04578337 -0.04370718   -0.04578337 -0.04370718
 -0.04578337 -0.04370718    0.03222430  0.15851873   -0.10847019 -0.02211980
 -0.04578337 -0.04370718   -0.10847019 -0.02211980    0.03222430  0.15851873
    2    2
  0.29366572  0.00000000    0.01181811  0.00626871    0.01181811  0.00626871
  0.01181811 -0.00626871    0.26785415  0.00000000    0.00952481  0.00000000
  0.01181811 -0.00626871    0.00952481  0.00000000    0.26785415  0.00000000

     Dynamical  Matrix in cartesian axes

     q = (    0.250000000   0.250000000  -0.500000000 ) 

    1    1
  0.26785415  0.00000000    0.00952481  0.00000000   -0.01181811 -0.00626871
  0.00952481  0.00000000    0.26785415  0.00000000   -0.01181811 -0.00626871
 -0.01181811  0.00626871   -0.01181811  0.00626871    0.29366572  0.00000000
    1    2
 -0.15851873 -0.03222430    0.02211980  0.10847019   -0.04370718 -0.04578337
  0.02211980  0.10847019   -0.15851873 -0.03222430   -0.04370718 -0.04578337
 -0.04370718 -0.04578337   -0.04370718 -0.04578337   -0.16360926 -0.04100938
    2    1
 -0.15851873  0.03222430    0.02211980 -0.10847019   -0.04370718  0.04578337
  0.02211980 -0.10847019   -0.15851873  0.03222430   -0.04370718  0.04578337
 -0.04370718  0.04578337   -0.04370718  0.04578337   -0.16360926  0.04100938
    2    2
  0.26785415  0.00000000    0.00952481  0.00000000   -0.01181811  0.00626871
  0.00952481  0.00000000    0.26785415  0.00000000   -0.01181811  0.00626871
 -0.01181811 -0.00626871   -0.01181811 -0.00626871    0.29366572  0.00000000

     Dynamical  Matrix in cartesian axes

     q = (    0.500000000   0.250000000  -0.250000000 ) 

    1    1
  0.29366572  0.00000000    0.01181811 -0.00626871   -0.01181811  0.00626871
  0.01181811  0.00626871    0.26785415  0.00000000   -0.00952481  0.00000000
 -0.01181811 -0.00626871   -0.00952481  0.00000000    0.26785415  0.00000000
    1    2
 -0.14468722  0.08669121    0.06327938  0.00146809   -0.06327938 -0.00146809
  0.06327938  0.00146809   -0.13487569  0.08930365   -0.09234107 -0.06105894
 -0.06327938 -0.00146809   -0.09234107 -0.06105894   -0.13487569  0.08930365
    2    1
 -0.14468722 -0.08669121    0.06327938 -0.00146809   -0.06327938  0.00146809
  0.06327938 -0.00146809   -0.13487569 -0.08930365   -0.09234107  0.06105894
 -0.06327938  0.00146809   -0.09234107  0.06105894   -0.13487569 -0.08930365
    2    2
  0.29366572  0.00000000    0.01181811  0.00626871   -0.01181811 -0.00626871
  0.01181811 -0.00626871    0.26785415  0.00000000   -0.00952481  0.00000000
 -0.01181811  0.00626871   -0.00952481  0.00000000    0.26785415  0.00000000

     Dynamical  Matrix in cartesian axes

     q = (   -0.250000000  -0.250000000  -0.500000000 ) 

    1    1
  0.26785415  0.00000000    0.00952481  0.00000000    0.01181811  0.00626871
  0.00952481  0.00000000    0.26785415  0.00000000    0.01181811  0.00626871
  0.01181811 -0.00626871    0.01181811 -0.00626871    0.29366572  0.00000000
    1    2
  0.03222430 -0.15851873   -0.10847019  0.02211980   -0.04578337  0.04370718
 -0.10847019  0.02211980    0.03222430 -0.15851873   -0.04578337  0.04370718
 -0.04578337  0.04370718   -0.04578337  0.04370718    0.04100938 -0.16360926
    2    1
  0.03222430  0.15851873   -0.10847019 -0.02211980   -0.04578337 -0.04370718
 -0.10847019 -0.02211980    0.03222430  0.15851873   -0.04578337 -0.04370718
 -0.04578337 -0.04370718   -0.04578337 -0.04370718    0.04100938  0.16360926
    2    2
  0.26785415  0.00000000    0.00952481  0.00000000    0.01181811 -0.00626871
  0.00952481  0.00000000    0.26785415  0.00000000    0.01181811 -0.00626871
  0.01181811  0.00626871    0.01181811  0.00626871    0.29366572  0.00000000

     Dynamical  Matrix in cartesian axes

     q = (   -0.500000000   0.250000000   0.250000000 ) 

    1    1
  0.29366572  0.00000000   -0.01181811  0.00626871   -0.01181811  0.00626871
 -0.01181811 -0.00626871    0.26785415  0.00000000    0.00952481  0.00000000
 -0.01181811 -0.00626871    0.00952481  0.00000000    0.26785415  0.00000000
    1    2
 -0.16360926 -0.04100938   -0.04370718 -0.04578337   -0.04370718 -0.04578337
 -0.04370718 -0.04578337   -0.15851873 -0.03222430    0.02211980  0.10847019
 -0.04370718 -0.04578337    0.02211980  0.10847019   -0.15851873 -0.03222430
    2    1
 -0.16360926  0.04100938   -0.04370718  0.04578337   -0.04370718  0.04578337
 -0.04370718  0.04578337   -0.15851873  0.03222430    0.02211980 -0.10847019
 -0.04370718  0.04578337    0.02211980 -0.10847019   -0.15851873  0.03222430
    2    2
  0.29366572  0.00000000   -0.01181811 -0.00626871   -0.01181811 -0.00626871
 -0.01181811  0.00626871    0.26785415  0.00000000    0.00952481  0.00000000
 -0.01181811  0.00626871    0.00952481  0.00000000    0.26785415  0.00000000

     Dynamical  Matrix in cartesian axes

     q = (   -0.250000000   0.250000000   0.500000000 ) 

    1    1
  0.26785415  0.00000000   -0.00952481  0.00000000   -0.01181811 -0.00626871
 -0.00952481  0.00000000    0.26785415  0.00000000    0.01181811  0.00626871
 -0.01181811  0.00626871    0.01181811 -0.00626871    0.29366572  0.00000000
    1    2
 -0.13487569  0.08930365   -0.09234107 -0.06105894   -0.06327938 -0.00146809
 -0.09234107 -0.06105894   -0.13487569  0.08930365    0.06327938  0.00146809
 -0.06327938 -0.00146809    0.06327938  0.00146809   -0.14468722  0.08669121
    2    1
 -0.13487569 -0.08930365   -0.09234107  0.06105894   -0.06327938  0.00146809
 -0.09234107  0.06105894   -0.13487569 -0.08930365    0.06327938 -0.00146809
 -0.06327938  0.00146809    0.06327938 -0.00146809   -0.14468722 -0.08669121
    2    2
  0.26785415  0.00000000   -0.00952481  0.00000000   -0.01181811  0.00626871
 -0.00952481  0.00000000    0.26785415  0.00000000    0.01181811 -0.00626871
 -0.01181811 -0.00626871    0.01181811  0.00626871    0.29366572  0.00000000

     Diagonalizing the dynamical matrix

     q = (   -0.250000000   0.500000000  -0.250000000 ) 

 **************************************************************************
     omega( 1) =       3.523474 [THz] =     117.530454 [cm-1]
 (  0.394467 -0.307239  0.000000  0.000000 -0.394467  0.307239 ) 
 (  0.500000  0.000000  0.000000  0.000000 -0.500000  0.000000 ) 
     omega( 2) =       4.378812 [THz] =     146.061451 [cm-1]
 ( -0.345502 -0.023354 -0.500004  0.100807 -0.345502 -0.023354 ) 
 ( -0.346291  0.000000 -0.492067 -0.134298 -0.346291  0.000000 ) 
     omega( 3) =       8.370071 [THz] =     279.195531 [cm-1]
 (  0.155507  0.340651 -0.355601 -0.305117  0.155507  0.340651 ) 
 (  0.374467  0.000000 -0.425236 -0.196781  0.374467  0.000000 ) 
     omega( 4) =      13.469802 [THz] =     449.304219 [cm-1]
 (  0.218497  0.307829 -0.343120 -0.311881  0.218497  0.307829 ) 
 ( -0.377491  0.000000  0.452929  0.099280 -0.377491  0.000000 ) 
     omega( 5) =      14.353604 [THz] =     478.784692 [cm-1]
 (  0.394467 -0.307239  0.000000  0.000000 -0.394467  0.307239 ) 
 ( -0.500000  0.000000  0.000000  0.000000  0.500000  0.000000 ) 
     omega( 6) =      14.567164 [THz] =     485.908302 [cm-1]
 ( -0.305734 -0.062327 -0.543264  0.100739 -0.305734 -0.062327 ) 
 (  0.312022  0.000000  0.512193  0.207227  0.312022  0.000000 ) 
 **************************************************************************
