Dynamical matrix file
                                                                           
  1    2  2 10.2000000  0.0000000  0.0000000  0.0000000  0.0000000  0.0000000
           1  'Si  '    25598.8229845270     
    1    1      0.0000000      0.0000000      0.0000000
    2    1      0.2500000      0.2500000      0.2500000

     Dynamical  Matrix in cartesian axes

     q = (    0.625000000  -0.125000000   0.875000000 ) 

    1    1
  0.24889724  0.00000000   -0.00377731  0.00194974    0.00410016  0.00027825
 -0.00377731 -0.00194974    0.29904813  0.00000000   -0.00211379 -0.01620509
  0.00410016 -0.00027825   -0.00211379  0.01620509    0.26521647  0.00000000
    1    2
 -0.01745709  0.04287476   -0.07481287  0.05836757   -0.08020730 -0.12979344
 -0.07481287  0.05836757   -0.01386159  0.05335199   -0.01376792  0.03330028
 -0.08020730 -0.12979344   -0.01376792  0.03330028   -0.01964240  0.04542790
    2    1
 -0.01745709 -0.04287476   -0.07481287 -0.05836757   -0.08020730  0.12979344
 -0.07481287 -0.05836757   -0.01386159 -0.05335199   -0.01376792 -0.03330028
 -0.08020730  0.12979344   -0.01376792 -0.03330028   -0.01964240 -0.04542790
    2    2
  0.24889724  0.00000000   -0.00377731 -0.00194974    0.00410016 -0.00027825
 -0.00377731  0.00194974    0.29904813  0.00000000   -0.00211379  0.01620509
  0.00410016  0.00027825   -0.00211379 -0.01620509    0.26521647  0.00000000

     Dynamical  Matrix in cartesian axes

     q = (    0.625000000  -0.125000000  -0.875000000 ) 

    1    1
  0.24889724  0.00000000   -0.00377731 -0.00194974   -0.00410016  0.00027825
 -0.00377731  0.00194974    0.29904813  0.00000000    0.00211379 -0.01620509
 -0.00410016 -0.00027825    0.00211379  0.01620509    0.26521647  0.00000000
    1    2
 -0.04287476  0.01745709   -0.05836757  0.07481287   -0.12979344 -0.08020730
 -0.05836757  0.07481287   -0.05335199  0.01386159    0.03330028 -0.01376792
 -0.12979344 -0.08020730    0.03330028 -0.01376792   -0.04542790  0.01964240
    2    1
 -0.04287476 -0.01745709   -0.05836757 -0.07481287   -0.12979344  0.08020730
 -0.05836757 -0.07481287   -0.05335199 -0.01386159    0.03330028  0.01376792
 -0.12979344  0.08020730    0.03330028  0.01376792   -0.04542790 -0.01964240
    2    2
  0.24889724  0.00000000   -0.00377731  0.00194974   -0.00410016 -0.00027825
 -0.00377731 -0.00194974    0.29904813  0.00000000    0.00211379  0.01620509
 -0.00410016  0.00027825    0.00211379 -0.01620509    0.26521647  0.00000000

     Dynamical  Matrix in cartesian axes

     q = (    0.875000000   0.125000000   0.625000000 ) 

    1    1
  0.26521647  0.00000000    0.00211379  0.01620509    0.00410016  0.00027825
  0.00211379 -0.01620509    0.29904813  0.00000000    0.00377731 -0.00194974
  0.00410016 -0.00027825    0.00377731  0.00194974    0.24889724  0.00000000
    1    2
  0.04542790 -0.01964240   -0.03330028  0.01376792   -0.12979344 -0.08020730
 -0.03330028  0.01376792    0.05335199 -0.01386159   -0.05836757  0.07481287
 -0.12979344 -0.08020730   -0.05836757  0.07481287    0.04287476 -0.01745709
    2    1
  0.04542790  0.01964240   -0.03330028 -0.01376792   -0.12979344  0.08020730
 -0.03330028 -0.01376792    0.05335199  0.01386159   -0.05836757 -0.07481287
 -0.12979344  0.08020730   -0.05836757 -0.07481287    0.04287476  0.01745709
    2    2
  0.26521647  0.00000000    0.00211379 -0.01620509    0.00410016 -0.00027825
  0.00211379  0.01620509    0.29904813  0.00000000    0.00377731  0.00194974
  0.00410016  0.00027825    0.00377731 -0.00194974    0.24889724  0.00000000

     Dynamical  Matrix in cartesian axes

     q = (    0.625000000   0.125000000   0.875000000 ) 

    1    1
  0.24889724  0.00000000    0.00377731  0.00194974    0.00410016 -0.00027825
  0.00377731 -0.00194974    0.29904813  0.00000000    0.00211379 -0.01620509
  0.00410016  0.00027825    0.00211379  0.01620509    0.26521647  0.00000000
    1    2
  0.04287476 -0.01745709   -0.05836757  0.07481287   -0.12979344 -0.08020730
 -0.05836757  0.07481287    0.05335199 -0.01386159   -0.03330028  0.01376792
 -0.12979344 -0.08020730   -0.03330028  0.01376792    0.04542790 -0.01964240
    2    1
  0.04287476  0.01745709   -0.05836757 -0.07481287   -0.12979344  0.08020730
 -0.05836757 -0.07481287    0.05335199  0.01386159   -0.03330028 -0.01376792
 -0.12979344  0.08020730   -0.03330028 -0.01376792    0.04542790  0.01964240
    2    2
  0.24889724  0.00000000    0.00377731 -0.00194974    0.00410016  0.00027825
  0.00377731  0.00194974    0.29904813  0.00000000    0.00211379  0.01620509
  0.00410016 -0.00027825    0.00211379 -0.01620509    0.26521647  0.00000000

     Dynamical  Matrix in cartesian axes

     q = (    0.875000000  -0.125000000  -0.625000000 ) 

    1    1
  0.26521647  0.00000000   -0.00211379 -0.01620509   -0.00410016 -0.00027825
 -0.00211379  0.01620509    0.29904813  0.00000000    0.00377731 -0.00194974
 -0.00410016  0.00027825    0.00377731  0.00194974    0.24889724  0.00000000
    1    2
 -0.01823310  0.04601165   -0.01381146  0.03328225   -0.14849294  0.03506269
 -0.01381146  0.03328225   -0.02792393  0.04752718   -0.01162858 -0.09417279
 -0.14849294  0.03506269   -0.01162858 -0.09417279   -0.01797301  0.04266106
    2    1
 -0.01823310 -0.04601165   -0.01381146 -0.03328225   -0.14849294 -0.03506269
 -0.01381146 -0.03328225   -0.02792393 -0.04752718   -0.01162858  0.09417279
 -0.14849294 -0.03506269   -0.01162858  0.09417279   -0.01797301 -0.04266106
    2    2
  0.26521647  0.00000000   -0.00211379  0.01620509   -0.00410016  0.00027825
 -0.00211379 -0.01620509    0.29904813  0.00000000    0.00377731  0.00194974
 -0.00410016 -0.00027825    0.00377731 -0.00194974    0.24889724  0.00000000

     Dynamical  Matrix in cartesian axes

     q = (    0.875000000  -0.125000000   0.625000000 ) 

    1    1
  0.26521647  0.00000000   -0.00211379  0.01620509    0.00410016 -0.00027825
 -0.00211379 -0.01620509    0.29904813  0.00000000   -0.00377731 -0.00194974
  0.00410016  0.00027825   -0.00377731  0.00194974    0.24889724  0.00000000
    1    2
 -0.01964240  0.04542790   -0.01376792  0.03330028   -0.08020730 -0.12979344
 -0.01376792  0.03330028   -0.01386159  0.05335199   -0.07481287  0.05836757
 -0.08020730 -0.12979344   -0.07481287  0.05836757   -0.01745709  0.04287476
    2    1
 -0.01964240 -0.04542790   -0.01376792 -0.03330028   -0.08020730  0.12979344
 -0.01376792 -0.03330028   -0.01386159 -0.05335199   -0.07481287 -0.05836757
 -0.08020730  0.12979344   -0.07481287 -0.05836757   -0.01745709 -0.04287476
    2    2
  0.26521647  0.00000000   -0.00211379 -0.01620509    0.00410016  0.00027825
 -0.00211379  0.01620509    0.29904813  0.00000000   -0.00377731  0.00194974
  0.00410016 -0.00027825   -0.00377731 -0.00194974    0.24889724  0.00000000

     Dynamical  Matrix in cartesian axes

     q = (   -0.875000000  -0.125000000   0.625000000 ) 

    1    1
  0.26521647  0.00000000    0.00211379  0.01620509   -0.00410016 -0.00027825
  0.00211379 -0.01620509    0.29904813  0.00000000   -0.00377731  0.00194974
 -0.00410016  0.00027825   -0.00377731 -0.00194974    0.24889724  0.00000000
    1    2
 -0.04542790  0.01964240    0.03330028 -0.01376792   -0.12979344 -0.08020730
  0.03330028 -0.01376792   -0.05335199  0.01386159   -0.05836757  0.07481287
 -0.12979344 -0.08020730   -0.05836757  0.07481287   -0.04287476  0.01745709
    2    1
 -0.04542790 -0.01964240    0.03330028  0.01376792   -0.12979344  0.08020730
  0.03330028  0.01376792   -0.05335199 -0.01386159   -0.05836757 -0.07481287
 -0.12979344  0.08020730   -0.05836757 -0.07481287   -0.04287476 -0.01745709
    2    2
  0.26521647  0.00000000    0.00211379 -0.01620509   -0.00410016  0.00027825
  0.00211379  0.01620509    0.29904813  0.00000000   -0.00377731 -0.00194974
 -0.00410016 -0.00027825   -0.00377731  0.00194974    0.24889724  0.00000000

     Dynamical  Matrix in cartesian axes

     q = (   -0.625000000  -0.125000000  -0.875000000 ) 

    1    1
  0.24889724  0.00000000    0.00377731 -0.00194974    0.00410016  0.00027825
  0.00377731  0.00194974    0.29904813  0.00000000    0.00211379  0.01620509
  0.00410016 -0.00027825    0.00211379 -0.01620509    0.26521647  0.00000000
    1    2
  0.04287476  0.01745709   -0.05836757 -0.07481287   -0.12979344  0.08020730
 -0.05836757 -0.07481287    0.05335199  0.01386159   -0.03330028 -0.01376792
 -0.12979344  0.08020730   -0.03330028 -0.01376792    0.04542790  0.01964240
    2    1
  0.04287476 -0.01745709   -0.05836757  0.07481287   -0.12979344 -0.08020730
 -0.05836757  0.07481287    0.05335199 -0.01386159   -0.03330028  0.01376792
 -0.12979344 -0.08020730   -0.03330028  0.01376792    0.04542790 -0.01964240
    2    2
  0.24889724  0.00000000    0.00377731  0.00194974    0.00410016 -0.00027825
  0.00377731 -0.00194974    0.29904813  0.00000000    0.00211379 -0.01620509
  0.00410016  0.00027825    0.00211379  0.01620509    0.26521647  0.00000000

     Dynamical  Matrix in cartesian axes

     q = (   -0.875000000   0.125000000  -0.625000000 ) 

    1    1
  0.26521647  0.00000000   -0.00211379 -0.01620509    0.00410016  0.00027825
 -0.00211379  0.01620509    0.29904813  0.00000000   -0.00377731  0.00194974
  0.00410016 -0.00027825   -0.00377731 -0.00194974    0.24889724  0.00000000
    1    2
 -0.01964240 -0.04542790   -0.01376792 -0.03330028   -0.08020730  0.12979344
 -0.01376792 -0.03330028   -0.01386159 -0.05335199   -0.07481287 -0.05836757
 -0.08020730  0.12979344   -0.07481287 -0.05836757   -0.01745709 -0.04287476
    2    1
 -0.01964240  0.04542790   -0.01376792  0.03330028   -0.08020730 -0.12979344
 -0.01376792  0.03330028   -0.01386159  0.05335199   -0.07481287  0.05836757
 -0.08020730 -0.12979344   -0.07481287  0.05836757   -0.01745709  0.04287476
    2    2
  0.26521647  0.00000000   -0.00211379  0.01620509    0.00410016 -0.00027825
 -0.00211379 -0.01620509    0.29904813  0.00000000   -0.00377731 -0.00194974
  0.00410016  0.00027825   -0.00377731  0.00194974    0.24889724  0.00000000

     Dynamical  Matrix in cartesian axes

     q = (   -0.625000000  -0.125000000   0.875000000 ) 

    1    1
  0.24889724  0.00000000    0.00377731  0.00194974   -0.00410016  0.00027825
  0.00377731 -0.00194974    0.29904813  0.00000000   -0.00211379  0.01620509
 -0.00410016 -0.00027825   -0.00211379 -0.01620509    0.26521647  0.00000000
    1    2
 -0.01797301  0.04266106   -0.01162858 -0.09417279   -0.14849294  0.03506269
 -0.01162858 -0.09417279   -0.02792393  0.04752718   -0.01381146  0.03328225
 -0.14849294  0.03506269   -0.01381146  0.03328225   -0.01823310  0.04601165
    2    1
 -0.01797301 -0.04266106   -0.01162858  0.09417279   -0.14849294 -0.03506269
 -0.01162858  0.09417279   -0.02792393 -0.04752718   -0.01381146 -0.03328225
 -0.14849294 -0.03506269   -0.01381146 -0.03328225   -0.01823310 -0.04601165
    2    2
  0.24889724  0.00000000    0.00377731 -0.00194974   -0.00410016 -0.00027825
  0.00377731  0.00194974    0.29904813  0.00000000   -0.00211379 -0.01620509
 -0.00410016  0.00027825   -0.00211379  0.01620509    0.26521647  0.00000000

     Dynamical  Matrix in cartesian axes

     q = (   -0.875000000   0.125000000   0.625000000 ) 

    1    1
  0.26521647  0.00000000   -0.00211379  0.01620509   -0.00410016  0.00027825
 -0.00211379 -0.01620509    0.29904813  0.00000000    0.00377731  0.00194974
 -0.00410016 -0.00027825    0.00377731 -0.00194974    0.24889724  0.00000000
    1    2
 -0.01823310 -0.04601165   -0.01381146 -0.03328225   -0.14849294 -0.03506269
 -0.01381146 -0.03328225   -0.02792393 -0.04752718   -0.01162858  0.09417279
 -0.14849294 -0.03506269   -0.01162858  0.09417279   -0.01797301 -0.04266106
    2    1
 -0.01823310  0.04601165   -0.01381146  0.03328225   -0.14849294  0.03506269
 -0.01381146  0.03328225   -0.02792393  0.04752718   -0.01162858 -0.09417279
 -0.14849294  0.03506269   -0.01162858 -0.09417279   -0.01797301  0.04266106
    2    2
  0.26521647  0.00000000   -0.00211379 -0.01620509   -0.00410016 -0.00027825
 -0.00211379  0.01620509    0.29904813  0.00000000    0.00377731 -0.00194974
 -0.00410016  0.00027825    0.00377731  0.00194974    0.24889724  0.00000000

     Dynamical  Matrix in cartesian axes

     q = (    0.875000000   0.125000000  -0.625000000 ) 

    1    1
  0.26521647  0.00000000    0.00211379 -0.01620509   -0.00410016  0.00027825
  0.00211379  0.01620509    0.29904813  0.00000000   -0.00377731 -0.00194974
 -0.00410016 -0.00027825   -0.00377731  0.00194974    0.24889724  0.00000000
    1    2
 -0.04542790 -0.01964240    0.03330028  0.01376792   -0.12979344  0.08020730
  0.03330028  0.01376792   -0.05335199 -0.01386159   -0.05836757 -0.07481287
 -0.12979344  0.08020730   -0.05836757 -0.07481287   -0.04287476 -0.01745709
    2    1
 -0.04542790  0.01964240    0.03330028 -0.01376792   -0.12979344 -0.08020730
  0.03330028 -0.01376792   -0.05335199  0.01386159   -0.05836757  0.07481287
 -0.12979344 -0.08020730   -0.05836757  0.07481287   -0.04287476  0.01745709
    2    2
  0.26521647  0.00000000    0.00211379  0.01620509   -0.00410016 -0.00027825
  0.00211379 -0.01620509    0.29904813  0.00000000   -0.00377731  0.00194974
 -0.00410016  0.00027825   -0.00377731 -0.00194974    0.24889724  0.00000000

     Dynamical  Matrix in cartesian axes

     q = (   -0.625000000   0.125000000   0.875000000 ) 

    1    1
  0.24889724  0.00000000   -0.00377731  0.00194974   -0.00410016 -0.00027825
 -0.00377731 -0.00194974    0.29904813  0.00000000    0.00211379  0.01620509
 -0.00410016  0.00027825    0.00211379 -0.01620509    0.26521647  0.00000000
    1    2
 -0.04287476 -0.01745709   -0.05836757 -0.07481287   -0.12979344  0.08020730
 -0.05836757 -0.07481287   -0.05335199 -0.01386159    0.03330028  0.01376792
 -0.12979344  0.08020730    0.03330028  0.01376792   -0.04542790 -0.01964240
    2    1
 -0.04287476  0.01745709   -0.05836757  0.07481287   -0.12979344 -0.08020730
 -0.05836757  0.07481287   -0.05335199  0.01386159    0.03330028 -0.01376792
 -0.12979344 -0.08020730    0.03330028 -0.01376792   -0.04542790  0.01964240
    2    2
  0.24889724  0.00000000   -0.00377731 -0.00194974   -0.00410016  0.00027825
 -0.00377731  0.00194974    0.29904813  0.00000000    0.00211379 -0.01620509
 -0.00410016 -0.00027825    0.00211379  0.01620509    0.26521647  0.00000000

     Dynamical  Matrix in cartesian axes

     q = (   -0.875000000  -0.125000000  -0.625000000 ) 

    1    1
  0.26521647  0.00000000    0.00211379 -0.01620509    0.00410016 -0.00027825
  0.00211379  0.01620509    0.29904813  0.00000000    0.00377731  0.00194974
  0.00410016  0.00027825    0.00377731 -0.00194974    0.24889724  0.00000000
    1    2
  0.04542790  0.01964240   -0.03330028 -0.01376792   -0.12979344  0.08020730
 -0.03330028 -0.01376792    0.05335199  0.01386159   -0.05836757 -0.07481287
 -0.12979344  0.08020730   -0.05836757 -0.07481287    0.04287476  0.01745709
    2    1
  0.04542790 -0.01964240   -0.03330028  0.01376792   -0.12979344 -0.08020730
 -0.03330028  0.01376792    0.05335199 -0.01386159   -0.05836757  0.07481287
 -0.12979344 -0.08020730   -0.05836757  0.07481287    0.04287476 -0.01745709
    2    2
  0.26521647  0.00000000    0.00211379  0.01620509    0.00410016  0.00027825
  0.00211379 -0.01620509    0.29904813  0.00000000    0.00377731 -0.00194974
  0.00410016 -0.00027825    0.00377731  0.00194974    0.24889724  0.00000000

     Dynamical  Matrix in cartesian axes

     q = (    0.625000000   0.125000000  -0.875000000 ) 

    1    1
  0.24889724  0.00000000    0.00377731 -0.00194974   -0.00410016 -0.00027825
  0.00377731  0.00194974    0.29904813  0.00000000   -0.00211379 -0.01620509
 -0.00410016  0.00027825   -0.00211379  0.01620509    0.26521647  0.00000000
    1    2
 -0.01797301 -0.04266106   -0.01162858  0.09417279   -0.14849294 -0.03506269
 -0.01162858  0.09417279   -0.02792393 -0.04752718   -0.01381146 -0.03328225
 -0.14849294 -0.03506269   -0.01381146 -0.03328225   -0.01823310 -0.04601165
    2    1
 -0.01797301  0.04266106   -0.01162858 -0.09417279   -0.14849294  0.03506269
 -0.01162858 -0.09417279   -0.02792393  0.04752718   -0.01381146  0.03328225
 -0.14849294  0.03506269   -0.01381146  0.03328225   -0.01823310  0.04601165
    2    2
  0.24889724  0.00000000    0.00377731  0.00194974   -0.00410016  0.00027825
  0.00377731 -0.00194974    0.29904813  0.00000000   -0.00211379  0.01620509
 -0.00410016 -0.00027825   -0.00211379 -0.01620509    0.26521647  0.00000000

     Dynamical  Matrix in cartesian axes

     q = (   -0.625000000   0.125000000  -0.875000000 ) 

    1    1
  0.24889724  0.00000000   -0.00377731 -0.00194974    0.00410016 -0.00027825
 -0.00377731  0.00194974    0.29904813  0.00000000   -0.00211379  0.01620509
  0.00410016  0.00027825   -0.00211379 -0.01620509    0.26521647  0.00000000
    1    2
 -0.01745709 -0.04287476   -0.07481287 -0.05836757   -0.08020730  0.12979344
 -0.07481287 -0.05836757   -0.01386159 -0.05335199   -0.01376792 -0.03330028
 -0.08020730  0.12979344   -0.01376792 -0.03330028   -0.01964240 -0.04542790
    2    1
 -0.01745709  0.04287476   -0.07481287  0.05836757   -0.08020730 -0.12979344
 -0.07481287  0.05836757   -0.01386159  0.05335199   -0.01376792  0.03330028
 -0.08020730 -0.12979344   -0.01376792  0.03330028   -0.01964240  0.04542790
    2    2
  0.24889724  0.00000000   -0.00377731  0.00194974    0.00410016  0.00027825
 -0.00377731 -0.00194974    0.29904813  0.00000000   -0.00211379 -0.01620509
  0.00410016 -0.00027825   -0.00211379  0.01620509    0.26521647  0.00000000

     Dynamical  Matrix in cartesian axes

     q = (   -0.125000000   0.875000000   0.625000000 ) 

    1    1
  0.29904813  0.00000000   -0.00211379 -0.01620509   -0.00377731 -0.00194974
 -0.00211379  0.01620509    0.26521647  0.00000000    0.00410016 -0.00027825
 -0.00377731  0.00194974    0.00410016  0.00027825    0.24889724  0.00000000
    1    2
 -0.01386159  0.05335199   -0.01376792  0.03330028   -0.07481287  0.05836757
 -0.01376792  0.03330028   -0.01964240  0.04542790   -0.08020730 -0.12979344
 -0.07481287  0.05836757   -0.08020730 -0.12979344   -0.01745709  0.04287476
    2    1
 -0.01386159 -0.05335199   -0.01376792 -0.03330028   -0.07481287 -0.05836757
 -0.01376792 -0.03330028   -0.01964240 -0.04542790   -0.08020730  0.12979344
 -0.07481287 -0.05836757   -0.08020730  0.12979344   -0.01745709 -0.04287476
    2    2
  0.29904813  0.00000000   -0.00211379  0.01620509   -0.00377731  0.00194974
 -0.00211379 -0.01620509    0.26521647  0.00000000    0.00410016  0.00027825
 -0.00377731 -0.00194974    0.00410016 -0.00027825    0.24889724  0.00000000

     Dynamical  Matrix in cartesian axes

     q = (    0.125000000   0.875000000  -0.625000000 ) 

    1    1
  0.29904813  0.00000000    0.00211379  0.01620509   -0.00377731 -0.00194974
  0.00211379 -0.01620509    0.26521647  0.00000000   -0.00410016  0.00027825
 -0.00377731  0.00194974   -0.00410016 -0.00027825    0.24889724  0.00000000
    1    2
 -0.05335199 -0.01386159    0.03330028  0.01376792   -0.05836757 -0.07481287
  0.03330028  0.01376792   -0.04542790 -0.01964240   -0.12979344  0.08020730
 -0.05836757 -0.07481287   -0.12979344  0.08020730   -0.04287476 -0.01745709
    2    1
 -0.05335199  0.01386159    0.03330028 -0.01376792   -0.05836757  0.07481287
  0.03330028 -0.01376792   -0.04542790  0.01964240   -0.12979344 -0.08020730
 -0.05836757  0.07481287   -0.12979344 -0.08020730   -0.04287476  0.01745709
    2    2
  0.29904813  0.00000000    0.00211379 -0.01620509   -0.00377731  0.00194974
  0.00211379  0.01620509    0.26521647  0.00000000   -0.00410016 -0.00027825
 -0.00377731 -0.00194974   -0.00410016  0.00027825    0.24889724  0.00000000

     Dynamical  Matrix in cartesian axes

     q = (   -0.125000000  -0.875000000  -0.625000000 ) 

    1    1
  0.29904813  0.00000000    0.00211379  0.01620509    0.00377731  0.00194974
  0.00211379 -0.01620509    0.26521647  0.00000000    0.00410016 -0.00027825
  0.00377731 -0.00194974    0.00410016  0.00027825    0.24889724  0.00000000
    1    2
  0.05335199  0.01386159   -0.03330028 -0.01376792   -0.05836757 -0.07481287
 -0.03330028 -0.01376792    0.04542790  0.01964240   -0.12979344  0.08020730
 -0.05836757 -0.07481287   -0.12979344  0.08020730    0.04287476  0.01745709
    2    1
  0.05335199 -0.01386159   -0.03330028  0.01376792   -0.05836757  0.07481287
 -0.03330028  0.01376792    0.04542790 -0.01964240   -0.12979344 -0.08020730
 -0.05836757  0.07481287   -0.12979344 -0.08020730    0.04287476 -0.01745709
    2    2
  0.29904813  0.00000000    0.00211379 -0.01620509    0.00377731 -0.00194974
  0.00211379  0.01620509    0.26521647  0.00000000    0.00410016  0.00027825
  0.00377731  0.00194974    0.00410016 -0.00027825    0.24889724  0.00000000

     Dynamical  Matrix in cartesian axes

     q = (   -0.125000000   0.625000000  -0.875000000 ) 

    1    1
  0.29904813  0.00000000   -0.00377731  0.00194974    0.00211379 -0.01620509
 -0.00377731 -0.00194974    0.24889724  0.00000000   -0.00410016  0.00027825
  0.00211379  0.01620509   -0.00410016 -0.00027825    0.26521647  0.00000000
    1    2
 -0.05335199  0.01386159   -0.05836757  0.07481287    0.03330028 -0.01376792
 -0.05836757  0.07481287   -0.04287476  0.01745709   -0.12979344 -0.08020730
  0.03330028 -0.01376792   -0.12979344 -0.08020730   -0.04542790  0.01964240
    2    1
 -0.05335199 -0.01386159   -0.05836757 -0.07481287    0.03330028  0.01376792
 -0.05836757 -0.07481287   -0.04287476 -0.01745709   -0.12979344  0.08020730
  0.03330028  0.01376792   -0.12979344  0.08020730   -0.04542790 -0.01964240
    2    2
  0.29904813  0.00000000   -0.00377731 -0.00194974    0.00211379  0.01620509
 -0.00377731  0.00194974    0.24889724  0.00000000   -0.00410016 -0.00027825
  0.00211379 -0.01620509   -0.00410016  0.00027825    0.26521647  0.00000000

     Dynamical  Matrix in cartesian axes

     q = (    0.875000000   0.625000000  -0.125000000 ) 

    1    1
  0.26521647  0.00000000    0.00410016 -0.00027825   -0.00211379  0.01620509
  0.00410016  0.00027825    0.24889724  0.00000000   -0.00377731  0.00194974
 -0.00211379 -0.01620509   -0.00377731 -0.00194974    0.29904813  0.00000000
    1    2
 -0.01964240  0.04542790   -0.08020730 -0.12979344   -0.01376792  0.03330028
 -0.08020730 -0.12979344   -0.01745709  0.04287476   -0.07481287  0.05836757
 -0.01376792  0.03330028   -0.07481287  0.05836757   -0.01386159  0.05335199
    2    1
 -0.01964240 -0.04542790   -0.08020730  0.12979344   -0.01376792 -0.03330028
 -0.08020730  0.12979344   -0.01745709 -0.04287476   -0.07481287 -0.05836757
 -0.01376792 -0.03330028   -0.07481287 -0.05836757   -0.01386159 -0.05335199
    2    2
  0.26521647  0.00000000    0.00410016  0.00027825   -0.00211379 -0.01620509
  0.00410016 -0.00027825    0.24889724  0.00000000   -0.00377731 -0.00194974
 -0.00211379  0.01620509   -0.00377731  0.00194974    0.29904813  0.00000000

     Dynamical  Matrix in cartesian axes

     q = (   -0.125000000   0.875000000  -0.625000000 ) 

    1    1
  0.29904813  0.00000000   -0.00211379  0.01620509    0.00377731 -0.00194974
 -0.00211379 -0.01620509    0.26521647  0.00000000   -0.00410016 -0.00027825
  0.00377731  0.00194974   -0.00410016  0.00027825    0.24889724  0.00000000
    1    2
 -0.02792393  0.04752718   -0.01381146  0.03328225   -0.01162858 -0.09417279
 -0.01381146  0.03328225   -0.01823310  0.04601165   -0.14849294  0.03506269
 -0.01162858 -0.09417279   -0.14849294  0.03506269   -0.01797301  0.04266106
    2    1
 -0.02792393 -0.04752718   -0.01381146 -0.03328225   -0.01162858  0.09417279
 -0.01381146 -0.03328225   -0.01823310 -0.04601165   -0.14849294 -0.03506269
 -0.01162858  0.09417279   -0.14849294 -0.03506269   -0.01797301 -0.04266106
    2    2
  0.29904813  0.00000000   -0.00211379 -0.01620509    0.00377731  0.00194974
 -0.00211379  0.01620509    0.26521647  0.00000000   -0.00410016  0.00027825
  0.00377731 -0.00194974   -0.00410016 -0.00027825    0.24889724  0.00000000

     Dynamical  Matrix in cartesian axes

     q = (   -0.875000000  -0.625000000  -0.125000000 ) 

    1    1
  0.26521647  0.00000000    0.00410016 -0.00027825    0.00211379 -0.01620509
  0.00410016  0.00027825    0.24889724  0.00000000    0.00377731 -0.00194974
  0.00211379  0.01620509    0.00377731  0.00194974    0.29904813  0.00000000
    1    2
  0.04542790  0.01964240   -0.12979344  0.08020730   -0.03330028 -0.01376792
 -0.12979344  0.08020730    0.04287476  0.01745709   -0.05836757 -0.07481287
 -0.03330028 -0.01376792   -0.05836757 -0.07481287    0.05335199  0.01386159
    2    1
  0.04542790 -0.01964240   -0.12979344 -0.08020730   -0.03330028  0.01376792
 -0.12979344 -0.08020730    0.04287476 -0.01745709   -0.05836757  0.07481287
 -0.03330028  0.01376792   -0.05836757  0.07481287    0.05335199 -0.01386159
    2    2
  0.26521647  0.00000000    0.00410016  0.00027825    0.00211379  0.01620509
  0.00410016 -0.00027825    0.24889724  0.00000000    0.00377731  0.00194974
  0.00211379 -0.01620509    0.00377731 -0.00194974    0.29904813  0.00000000

     Dynamical  Matrix in cartesian axes

     q = (   -0.875000000   0.625000000   0.125000000 ) 

    1    1
  0.26521647  0.00000000   -0.00410016  0.00027825   -0.00211379  0.01620509
 -0.00410016 -0.00027825    0.24889724  0.00000000    0.00377731 -0.00194974
 -0.00211379 -0.01620509    0.00377731  0.00194974    0.29904813  0.00000000
    1    2
 -0.01823310 -0.04601165   -0.14849294 -0.03506269   -0.01381146 -0.03328225
 -0.14849294 -0.03506269   -0.01797301 -0.04266106   -0.01162858  0.09417279
 -0.01381146 -0.03328225   -0.01162858  0.09417279   -0.02792393 -0.04752718
    2    1
 -0.01823310  0.04601165   -0.14849294  0.03506269   -0.01381146  0.03328225
 -0.14849294  0.03506269   -0.01797301  0.04266106   -0.01162858 -0.09417279
 -0.01381146  0.03328225   -0.01162858 -0.09417279   -0.02792393  0.04752718
    2    2
  0.26521647  0.00000000   -0.00410016 -0.00027825   -0.00211379 -0.01620509
 -0.00410016  0.00027825    0.24889724  0.00000000    0.00377731  0.00194974
 -0.00211379  0.01620509    0.00377731 -0.00194974    0.29904813  0.00000000

     Dynamical  Matrix in cartesian axes

     q = (    0.125000000  -0.625000000   0.875000000 ) 

    1    1
  0.29904813  0.00000000   -0.00377731 -0.00194974    0.00211379  0.01620509
 -0.00377731  0.00194974    0.24889724  0.00000000   -0.00410016 -0.00027825
  0.00211379 -0.01620509   -0.00410016  0.00027825    0.26521647  0.00000000
    1    2
 -0.05335199 -0.01386159   -0.05836757 -0.07481287    0.03330028  0.01376792
 -0.05836757 -0.07481287   -0.04287476 -0.01745709   -0.12979344  0.08020730
  0.03330028  0.01376792   -0.12979344  0.08020730   -0.04542790 -0.01964240
    2    1
 -0.05335199  0.01386159   -0.05836757  0.07481287    0.03330028 -0.01376792
 -0.05836757  0.07481287   -0.04287476  0.01745709   -0.12979344 -0.08020730
  0.03330028 -0.01376792   -0.12979344 -0.08020730   -0.04542790  0.01964240
    2    2
  0.29904813  0.00000000   -0.00377731  0.00194974    0.00211379 -0.01620509
 -0.00377731 -0.00194974    0.24889724  0.00000000   -0.00410016  0.00027825
  0.00211379  0.01620509   -0.00410016 -0.00027825    0.26521647  0.00000000

     Dynamical  Matrix in cartesian axes

     q = (    0.125000000  -0.875000000   0.625000000 ) 

    1    1
  0.29904813  0.00000000   -0.00211379 -0.01620509    0.00377731  0.00194974
 -0.00211379  0.01620509    0.26521647  0.00000000   -0.00410016  0.00027825
  0.00377731 -0.00194974   -0.00410016 -0.00027825    0.24889724  0.00000000
    1    2
 -0.02792393 -0.04752718   -0.01381146 -0.03328225   -0.01162858  0.09417279
 -0.01381146 -0.03328225   -0.01823310 -0.04601165   -0.14849294 -0.03506269
 -0.01162858  0.09417279   -0.14849294 -0.03506269   -0.01797301 -0.04266106
    2    1
 -0.02792393  0.04752718   -0.01381146  0.03328225   -0.01162858 -0.09417279
 -0.01381146  0.03328225   -0.01823310  0.04601165   -0.14849294  0.03506269
 -0.01162858 -0.09417279   -0.14849294  0.03506269   -0.01797301  0.04266106
    2    2
  0.29904813  0.00000000   -0.00211379  0.01620509    0.00377731 -0.00194974
 -0.00211379 -0.01620509    0.26521647  0.00000000   -0.00410016 -0.00027825
  0.00377731  0.00194974   -0.00410016  0.00027825    0.24889724  0.00000000

     Dynamical  Matrix in cartesian axes

     q = (    0.625000000  -0.875000000   0.125000000 ) 

    1    1
  0.24889724  0.00000000   -0.00410016 -0.00027825    0.00377731 -0.00194974
 -0.00410016  0.00027825    0.26521647  0.00000000   -0.00211379  0.01620509
  0.00377731  0.00194974   -0.00211379 -0.01620509    0.29904813  0.00000000
    1    2
 -0.01797301 -0.04266106   -0.14849294 -0.03506269   -0.01162858  0.09417279
 -0.14849294 -0.03506269   -0.01823310 -0.04601165   -0.01381146 -0.03328225
 -0.01162858  0.09417279   -0.01381146 -0.03328225   -0.02792393 -0.04752718
    2    1
 -0.01797301  0.04266106   -0.14849294  0.03506269   -0.01162858 -0.09417279
 -0.14849294  0.03506269   -0.01823310  0.04601165   -0.01381146  0.03328225
 -0.01162858 -0.09417279   -0.01381146  0.03328225   -0.02792393  0.04752718
    2    2
  0.24889724  0.00000000   -0.00410016  0.00027825    0.00377731  0.00194974
 -0.00410016 -0.00027825    0.26521647  0.00000000   -0.00211379 -0.01620509
  0.00377731 -0.00194974   -0.00211379  0.01620509    0.29904813  0.00000000

     Dynamical  Matrix in cartesian axes

     q = (   -0.875000000   0.625000000  -0.125000000 ) 

    1    1
  0.26521647  0.00000000   -0.00410016 -0.00027825    0.00211379  0.01620509
 -0.00410016  0.00027825    0.24889724  0.00000000   -0.00377731 -0.00194974
  0.00211379 -0.01620509   -0.00377731  0.00194974    0.29904813  0.00000000
    1    2
 -0.04542790  0.01964240   -0.12979344 -0.08020730    0.03330028 -0.01376792
 -0.12979344 -0.08020730   -0.04287476  0.01745709   -0.05836757  0.07481287
  0.03330028 -0.01376792   -0.05836757  0.07481287   -0.05335199  0.01386159
    2    1
 -0.04542790 -0.01964240   -0.12979344  0.08020730    0.03330028  0.01376792
 -0.12979344  0.08020730   -0.04287476 -0.01745709   -0.05836757 -0.07481287
  0.03330028  0.01376792   -0.05836757 -0.07481287   -0.05335199 -0.01386159
    2    2
  0.26521647  0.00000000   -0.00410016  0.00027825    0.00211379 -0.01620509
 -0.00410016 -0.00027825    0.24889724  0.00000000   -0.00377731  0.00194974
  0.00211379  0.01620509   -0.00377731 -0.00194974    0.29904813  0.00000000

     Dynamical  Matrix in cartesian axes

     q = (    0.125000000   0.625000000   0.875000000 ) 

    1    1
  0.29904813  0.00000000    0.00377731 -0.00194974    0.00211379 -0.01620509
  0.00377731  0.00194974    0.24889724  0.00000000    0.00410016 -0.00027825
  0.00211379  0.01620509    0.00410016  0.00027825    0.26521647  0.00000000
    1    2
  0.05335199 -0.01386159   -0.05836757  0.07481287   -0.03330028  0.01376792
 -0.05836757  0.07481287    0.04287476 -0.01745709   -0.12979344 -0.08020730
 -0.03330028  0.01376792   -0.12979344 -0.08020730    0.04542790 -0.01964240
    2    1
  0.05335199  0.01386159   -0.05836757 -0.07481287   -0.03330028 -0.01376792
 -0.05836757 -0.07481287    0.04287476  0.01745709   -0.12979344  0.08020730
 -0.03330028 -0.01376792   -0.12979344  0.08020730    0.04542790  0.01964240
    2    2
  0.29904813  0.00000000    0.00377731  0.00194974    0.00211379  0.01620509
  0.00377731 -0.00194974    0.24889724  0.00000000    0.00410016  0.00027825
  0.00211379 -0.01620509    0.00410016 -0.00027825    0.26521647  0.00000000

     Dynamical  Matrix in cartesian axes

     q = (   -0.125000000   0.625000000   0.875000000 ) 

    1    1
  0.29904813  0.00000000   -0.00377731 -0.00194974   -0.00211379 -0.01620509
 -0.00377731  0.00194974    0.24889724  0.00000000    0.00410016  0.00027825
 -0.00211379  0.01620509    0.00410016 -0.00027825    0.26521647  0.00000000
    1    2
 -0.01386159  0.05335199   -0.07481287  0.05836757   -0.01376792  0.03330028
 -0.07481287  0.05836757   -0.01745709  0.04287476   -0.08020730 -0.12979344
 -0.01376792  0.03330028   -0.08020730 -0.12979344   -0.01964240  0.04542790
    2    1
 -0.01386159 -0.05335199   -0.07481287 -0.05836757   -0.01376792 -0.03330028
 -0.07481287 -0.05836757   -0.01745709 -0.04287476   -0.08020730  0.12979344
 -0.01376792 -0.03330028   -0.08020730  0.12979344   -0.01964240 -0.04542790
    2    2
  0.29904813  0.00000000   -0.00377731  0.00194974   -0.00211379  0.01620509
 -0.00377731 -0.00194974    0.24889724  0.00000000    0.00410016 -0.00027825
 -0.00211379 -0.01620509    0.00410016  0.00027825    0.26521647  0.00000000

     Dynamical  Matrix in cartesian axes

     q = (    0.125000000   0.625000000  -0.875000000 ) 

    1    1
  0.29904813  0.00000000    0.00377731  0.00194974   -0.00211379 -0.01620509
  0.00377731 -0.00194974    0.24889724  0.00000000   -0.00410016 -0.00027825
 -0.00211379  0.01620509   -0.00410016  0.00027825    0.26521647  0.00000000
    1    2
 -0.02792393 -0.04752718   -0.01162858  0.09417279   -0.01381146 -0.03328225
 -0.01162858  0.09417279   -0.01797301 -0.04266106   -0.14849294 -0.03506269
 -0.01381146 -0.03328225   -0.14849294 -0.03506269   -0.01823310 -0.04601165
    2    1
 -0.02792393  0.04752718   -0.01162858 -0.09417279   -0.01381146  0.03328225
 -0.01162858 -0.09417279   -0.01797301  0.04266106   -0.14849294  0.03506269
 -0.01381146  0.03328225   -0.14849294  0.03506269   -0.01823310  0.04601165
    2    2
  0.29904813  0.00000000    0.00377731 -0.00194974   -0.00211379  0.01620509
  0.00377731  0.00194974    0.24889724  0.00000000   -0.00410016  0.00027825
 -0.00211379 -0.01620509   -0.00410016 -0.00027825    0.26521647  0.00000000

     Dynamical  Matrix in cartesian axes

     q = (   -0.125000000  -0.625000000  -0.875000000 ) 

    1    1
  0.29904813  0.00000000    0.00377731  0.00194974    0.00211379  0.01620509
  0.00377731 -0.00194974    0.24889724  0.00000000    0.00410016  0.00027825
  0.00211379 -0.01620509    0.00410016 -0.00027825    0.26521647  0.00000000
    1    2
  0.05335199  0.01386159   -0.05836757 -0.07481287   -0.03330028 -0.01376792
 -0.05836757 -0.07481287    0.04287476  0.01745709   -0.12979344  0.08020730
 -0.03330028 -0.01376792   -0.12979344  0.08020730    0.04542790  0.01964240
    2    1
  0.05335199 -0.01386159   -0.05836757  0.07481287   -0.03330028  0.01376792
 -0.05836757  0.07481287    0.04287476 -0.01745709   -0.12979344 -0.08020730
 -0.03330028  0.01376792   -0.12979344 -0.08020730    0.04542790 -0.01964240
    2    2
  0.29904813  0.00000000    0.00377731 -0.00194974    0.00211379 -0.01620509
  0.00377731  0.00194974    0.24889724  0.00000000    0.00410016 -0.00027825
  0.00211379  0.01620509    0.00410016  0.00027825    0.26521647  0.00000000

     Dynamical  Matrix in cartesian axes

     q = (   -0.625000000  -0.875000000   0.125000000 ) 

    1    1
  0.24889724  0.00000000    0.00410016 -0.00027825   -0.00377731 -0.00194974
  0.00410016  0.00027825    0.26521647  0.00000000   -0.00211379 -0.01620509
 -0.00377731  0.00194974   -0.00211379  0.01620509    0.29904813  0.00000000
    1    2
 -0.01745709 -0.04287476   -0.08020730  0.12979344   -0.07481287 -0.05836757
 -0.08020730  0.12979344   -0.01964240 -0.04542790   -0.01376792 -0.03330028
 -0.07481287 -0.05836757   -0.01376792 -0.03330028   -0.01386159 -0.05335199
    2    1
 -0.01745709  0.04287476   -0.08020730 -0.12979344   -0.07481287  0.05836757
 -0.08020730 -0.12979344   -0.01964240  0.04542790   -0.01376792  0.03330028
 -0.07481287  0.05836757   -0.01376792  0.03330028   -0.01386159  0.05335199
    2    2
  0.24889724  0.00000000    0.00410016  0.00027825   -0.00377731  0.00194974
  0.00410016 -0.00027825    0.26521647  0.00000000   -0.00211379  0.01620509
 -0.00377731 -0.00194974   -0.00211379 -0.01620509    0.29904813  0.00000000

     Dynamical  Matrix in cartesian axes

     q = (   -0.125000000  -0.625000000   0.875000000 ) 

    1    1
  0.29904813  0.00000000    0.00377731 -0.00194974   -0.00211379  0.01620509
  0.00377731  0.00194974    0.24889724  0.00000000   -0.00410016  0.00027825
 -0.00211379 -0.01620509   -0.00410016 -0.00027825    0.26521647  0.00000000
    1    2
 -0.02792393  0.04752718   -0.01162858 -0.09417279   -0.01381146  0.03328225
 -0.01162858 -0.09417279   -0.01797301  0.04266106   -0.14849294  0.03506269
 -0.01381146  0.03328225   -0.14849294  0.03506269   -0.01823310  0.04601165
    2    1
 -0.02792393 -0.04752718   -0.01162858  0.09417279   -0.01381146 -0.03328225
 -0.01162858  0.09417279   -0.01797301 -0.04266106   -0.14849294 -0.03506269
 -0.01381146 -0.03328225   -0.14849294 -0.03506269   -0.01823310 -0.04601165
    2    2
  0.29904813  0.00000000    0.00377731  0.00194974   -0.00211379 -0.01620509
  0.00377731 -0.00194974    0.24889724  0.00000000   -0.00410016 -0.00027825
 -0.00211379  0.01620509   -0.00410016  0.00027825    0.26521647  0.00000000

     Dynamical  Matrix in cartesian axes

     q = (    0.875000000  -0.625000000   0.125000000 ) 

    1    1
  0.26521647  0.00000000   -0.00410016  0.00027825    0.00211379 -0.01620509
 -0.00410016 -0.00027825    0.24889724  0.00000000   -0.00377731  0.00194974
  0.00211379  0.01620509   -0.00377731 -0.00194974    0.29904813  0.00000000
    1    2
 -0.04542790 -0.01964240   -0.12979344  0.08020730    0.03330028  0.01376792
 -0.12979344  0.08020730   -0.04287476 -0.01745709   -0.05836757 -0.07481287
  0.03330028  0.01376792   -0.05836757 -0.07481287   -0.05335199 -0.01386159
    2    1
 -0.04542790  0.01964240   -0.12979344 -0.08020730    0.03330028 -0.01376792
 -0.12979344 -0.08020730   -0.04287476  0.01745709   -0.05836757  0.07481287
  0.03330028 -0.01376792   -0.05836757  0.07481287   -0.05335199  0.01386159
    2    2
  0.26521647  0.00000000   -0.00410016 -0.00027825    0.00211379  0.01620509
 -0.00410016  0.00027825    0.24889724  0.00000000   -0.00377731 -0.00194974
  0.00211379 -0.01620509   -0.00377731  0.00194974    0.29904813  0.00000000

     Dynamical  Matrix in cartesian axes

     q = (    0.625000000   0.875000000   0.125000000 ) 

    1    1
  0.24889724  0.00000000    0.00410016 -0.00027825    0.00377731  0.00194974
  0.00410016  0.00027825    0.26521647  0.00000000    0.00211379  0.01620509
  0.00377731 -0.00194974    0.00211379 -0.01620509    0.29904813  0.00000000
    1    2
  0.04287476 -0.01745709   -0.12979344 -0.08020730   -0.05836757  0.07481287
 -0.12979344 -0.08020730    0.04542790 -0.01964240   -0.03330028  0.01376792
 -0.05836757  0.07481287   -0.03330028  0.01376792    0.05335199 -0.01386159
    2    1
  0.04287476  0.01745709   -0.12979344  0.08020730   -0.05836757 -0.07481287
 -0.12979344  0.08020730    0.04542790  0.01964240   -0.03330028 -0.01376792
 -0.05836757 -0.07481287   -0.03330028 -0.01376792    0.05335199  0.01386159
    2    2
  0.24889724  0.00000000    0.00410016  0.00027825    0.00377731 -0.00194974
  0.00410016 -0.00027825    0.26521647  0.00000000    0.00211379 -0.01620509
  0.00377731  0.00194974    0.00211379  0.01620509    0.29904813  0.00000000

     Dynamical  Matrix in cartesian axes

     q = (    0.125000000  -0.625000000  -0.875000000 ) 

    1    1
  0.29904813  0.00000000   -0.00377731  0.00194974   -0.00211379  0.01620509
 -0.00377731 -0.00194974    0.24889724  0.00000000    0.00410016 -0.00027825
 -0.00211379 -0.01620509    0.00410016  0.00027825    0.26521647  0.00000000
    1    2
 -0.01386159 -0.05335199   -0.07481287 -0.05836757   -0.01376792 -0.03330028
 -0.07481287 -0.05836757   -0.01745709 -0.04287476   -0.08020730  0.12979344
 -0.01376792 -0.03330028   -0.08020730  0.12979344   -0.01964240 -0.04542790
    2    1
 -0.01386159  0.05335199   -0.07481287  0.05836757   -0.01376792  0.03330028
 -0.07481287  0.05836757   -0.01745709  0.04287476   -0.08020730 -0.12979344
 -0.01376792  0.03330028   -0.08020730 -0.12979344   -0.01964240  0.04542790
    2    2
  0.29904813  0.00000000   -0.00377731 -0.00194974   -0.00211379 -0.01620509
 -0.00377731  0.00194974    0.24889724  0.00000000    0.00410016  0.00027825
 -0.00211379  0.01620509    0.00410016 -0.00027825    0.26521647  0.00000000

     Dynamical  Matrix in cartesian axes

     q = (    0.625000000   0.875000000  -0.125000000 ) 

    1    1
