Dynamical matrix file
                                                                           
  1    2  2 10.2000000  0.0000000  0.0000000  0.0000000  0.0000000  0.0000000
           1  'Si  '    25598.8229845270     
    1    1      0.0000000      0.0000000      0.0000000
    2    1      0.2500000      0.2500000      0.2500000

     Dynamical  Matrix in cartesian axes

     q = (    0.500000000   0.000000000   0.750000000 ) 

    1    1
  0.25146221  0.00000000    0.00000000  0.00199018    0.00753414  0.00000000
  0.00000000 -0.00199018    0.28385870  0.00000000    0.00000000 -0.01573265
  0.00753414  0.00000000    0.00000000  0.01573265    0.27621817  0.00000000
    1    2
  0.02496114  0.06026153   -0.11094885  0.04595652   -0.04620379 -0.11154581
 -0.11094885  0.04595652    0.03020345  0.07291759   -0.04723113  0.01956378
 -0.04620379 -0.11154581   -0.04723113  0.01956378    0.02595061  0.06265033
    2    1
  0.02496114 -0.06026153   -0.11094885 -0.04595652   -0.04620379  0.11154581
 -0.11094885 -0.04595652    0.03020345 -0.07291759   -0.04723113 -0.01956378
 -0.04620379  0.11154581   -0.04723113 -0.01956378    0.02595061 -0.06265033
    2    2
  0.25146221  0.00000000    0.00000000 -0.00199018    0.00753414  0.00000000
  0.00000000  0.00199018    0.28385870  0.00000000    0.00000000  0.01573265
  0.00753414  0.00000000    0.00000000 -0.01573265    0.27621817  0.00000000

     Dynamical  Matrix in cartesian axes

     q = (    0.750000000   0.000000000   0.500000000 ) 

    1    1
  0.27621817  0.00000000    0.00000000  0.01573265    0.00753414  0.00000000
  0.00000000 -0.01573265    0.28385870  0.00000000    0.00000000 -0.00199018
  0.00753414  0.00000000    0.00000000  0.00199018    0.25146221  0.00000000
    1    2
  0.02595061  0.06265033   -0.04723113  0.01956378   -0.04620379 -0.11154581
 -0.04723113  0.01956378    0.03020345  0.07291759   -0.11094885  0.04595652
 -0.04620379 -0.11154581   -0.11094885  0.04595652    0.02496114  0.06026153
    2    1
  0.02595061 -0.06265033   -0.04723113 -0.01956378   -0.04620379  0.11154581
 -0.04723113 -0.01956378    0.03020345 -0.07291759   -0.11094885 -0.04595652
 -0.04620379  0.11154581   -0.11094885 -0.04595652    0.02496114 -0.06026153
    2    2
  0.27621817  0.00000000    0.00000000 -0.01573265    0.00753414  0.00000000
  0.00000000  0.01573265    0.28385870  0.00000000    0.00000000  0.00199018
  0.00753414  0.00000000    0.00000000 -0.00199018    0.25146221  0.00000000

     Dynamical  Matrix in cartesian axes

     q = (    0.500000000   0.000000000  -0.750000000 ) 

    1    1
  0.25146221  0.00000000    0.00000000 -0.00199018   -0.00753414  0.00000000
  0.00000000  0.00199018    0.28385870  0.00000000    0.00000000 -0.01573265
 -0.00753414  0.00000000    0.00000000  0.01573265    0.27621817  0.00000000
    1    2
 -0.06026153 -0.02496114   -0.04595652  0.11094885   -0.11154581 -0.04620379
 -0.04595652  0.11094885   -0.07291759 -0.03020345    0.01956378 -0.04723113
 -0.11154581 -0.04620379    0.01956378 -0.04723113   -0.06265033 -0.02595061
    2    1
 -0.06026153  0.02496114   -0.04595652 -0.11094885   -0.11154581  0.04620379
 -0.04595652 -0.11094885   -0.07291759  0.03020345    0.01956378  0.04723113
 -0.11154581  0.04620379    0.01956378  0.04723113   -0.06265033  0.02595061
    2    2
  0.25146221  0.00000000    0.00000000  0.00199018   -0.00753414  0.00000000
  0.00000000 -0.00199018    0.28385870  0.00000000    0.00000000  0.01573265
 -0.00753414  0.00000000    0.00000000 -0.01573265    0.27621817  0.00000000

     Dynamical  Matrix in cartesian axes

     q = (    0.750000000   0.000000000  -0.500000000 ) 

    1    1
  0.27621817  0.00000000    0.00000000 -0.01573265   -0.00753414  0.00000000
  0.00000000  0.01573265    0.28385870  0.00000000    0.00000000 -0.00199018
 -0.00753414  0.00000000    0.00000000  0.00199018    0.25146221  0.00000000
    1    2
 -0.06265033  0.02595061    0.01956378  0.04723113   -0.11154581  0.04620379
  0.01956378  0.04723113   -0.07291759  0.03020345   -0.04595652 -0.11094885
 -0.11154581  0.04620379   -0.04595652 -0.11094885   -0.06026153  0.02496114
    2    1
 -0.06265033 -0.02595061    0.01956378 -0.04723113   -0.11154581 -0.04620379
  0.01956378 -0.04723113   -0.07291759 -0.03020345   -0.04595652  0.11094885
 -0.11154581 -0.04620379   -0.04595652  0.11094885   -0.06026153 -0.02496114
    2    2
  0.27621817  0.00000000    0.00000000  0.01573265   -0.00753414  0.00000000
  0.00000000 -0.01573265    0.28385870  0.00000000    0.00000000  0.00199018
 -0.00753414  0.00000000    0.00000000 -0.00199018    0.25146221  0.00000000

     Dynamical  Matrix in cartesian axes

     q = (   -0.750000000   0.000000000   0.500000000 ) 

    1    1
  0.27621817  0.00000000    0.00000000  0.01573265   -0.00753414  0.00000000
  0.00000000 -0.01573265    0.28385870  0.00000000    0.00000000  0.00199018
 -0.00753414  0.00000000    0.00000000 -0.00199018    0.25146221  0.00000000
    1    2
 -0.06265033 -0.02595061    0.01956378 -0.04723113   -0.11154581 -0.04620379
  0.01956378 -0.04723113   -0.07291759 -0.03020345   -0.04595652  0.11094885
 -0.11154581 -0.04620379   -0.04595652  0.11094885   -0.06026153 -0.02496114
    2    1
 -0.06265033  0.02595061    0.01956378  0.04723113   -0.11154581  0.04620379
  0.01956378  0.04723113   -0.07291759  0.03020345   -0.04595652 -0.11094885
 -0.11154581  0.04620379   -0.04595652 -0.11094885   -0.06026153  0.02496114
    2    2
  0.27621817  0.00000000    0.00000000 -0.01573265   -0.00753414  0.00000000
  0.00000000  0.01573265    0.28385870  0.00000000    0.00000000 -0.00199018
 -0.00753414  0.00000000    0.00000000  0.00199018    0.25146221  0.00000000

     Dynamical  Matrix in cartesian axes

     q = (   -0.500000000   0.000000000  -0.750000000 ) 

    1    1
  0.25146221  0.00000000    0.00000000 -0.00199018    0.00753414  0.00000000
  0.00000000  0.00199018    0.28385870  0.00000000    0.00000000  0.01573265
  0.00753414  0.00000000    0.00000000 -0.01573265    0.27621817  0.00000000
    1    2
  0.02496114 -0.06026153   -0.11094885 -0.04595652   -0.04620379  0.11154581
 -0.11094885 -0.04595652    0.03020345 -0.07291759   -0.04723113 -0.01956378
 -0.04620379  0.11154581   -0.04723113 -0.01956378    0.02595061 -0.06265033
    2    1
  0.02496114  0.06026153   -0.11094885  0.04595652   -0.04620379 -0.11154581
 -0.11094885  0.04595652    0.03020345  0.07291759   -0.04723113  0.01956378
 -0.04620379 -0.11154581   -0.04723113  0.01956378    0.02595061  0.06265033
    2    2
  0.25146221  0.00000000    0.00000000  0.00199018    0.00753414  0.00000000
  0.00000000 -0.00199018    0.28385870  0.00000000    0.00000000 -0.01573265
  0.00753414  0.00000000    0.00000000  0.01573265    0.27621817  0.00000000

     Dynamical  Matrix in cartesian axes

     q = (   -0.750000000   0.000000000  -0.500000000 ) 

    1    1
  0.27621817  0.00000000    0.00000000 -0.01573265    0.00753414  0.00000000
  0.00000000  0.01573265    0.28385870  0.00000000    0.00000000  0.00199018
  0.00753414  0.00000000    0.00000000 -0.00199018    0.25146221  0.00000000
    1    2
  0.02595061 -0.06265033   -0.04723113 -0.01956378   -0.04620379  0.11154581
 -0.04723113 -0.01956378    0.03020345 -0.07291759   -0.11094885 -0.04595652
 -0.04620379  0.11154581   -0.11094885 -0.04595652    0.02496114 -0.06026153
    2    1
  0.02595061  0.06265033   -0.04723113  0.01956378   -0.04620379 -0.11154581
 -0.04723113  0.01956378    0.03020345  0.07291759   -0.11094885  0.04595652
 -0.04620379 -0.11154581   -0.11094885  0.04595652    0.02496114  0.06026153
    2    2
  0.27621817  0.00000000    0.00000000  0.01573265    0.00753414  0.00000000
  0.00000000 -0.01573265    0.28385870  0.00000000    0.00000000 -0.00199018
  0.00753414  0.00000000    0.00000000  0.00199018    0.25146221  0.00000000

     Dynamical  Matrix in cartesian axes

     q = (   -0.500000000   0.000000000   0.750000000 ) 

    1    1
  0.25146221  0.00000000    0.00000000  0.00199018   -0.00753414  0.00000000
  0.00000000 -0.00199018    0.28385870  0.00000000    0.00000000  0.01573265
 -0.00753414  0.00000000    0.00000000 -0.01573265    0.27621817  0.00000000
    1    2
 -0.06026153  0.02496114   -0.04595652 -0.11094885   -0.11154581  0.04620379
 -0.04595652 -0.11094885   -0.07291759  0.03020345    0.01956378  0.04723113
 -0.11154581  0.04620379    0.01956378  0.04723113   -0.06265033  0.02595061
    2    1
 -0.06026153 -0.02496114   -0.04595652  0.11094885   -0.11154581 -0.04620379
 -0.04595652  0.11094885   -0.07291759 -0.03020345    0.01956378 -0.04723113
 -0.11154581 -0.04620379    0.01956378 -0.04723113   -0.06265033 -0.02595061
    2    2
  0.25146221  0.00000000    0.00000000 -0.00199018   -0.00753414  0.00000000
  0.00000000  0.00199018    0.28385870  0.00000000    0.00000000 -0.01573265
 -0.00753414  0.00000000    0.00000000  0.01573265    0.27621817  0.00000000

     Dynamical  Matrix in cartesian axes

     q = (    0.000000000   0.750000000   0.500000000 ) 

    1    1
  0.28385870  0.00000000    0.00000000 -0.01573265    0.00000000 -0.00199018
  0.00000000  0.01573265    0.27621817  0.00000000    0.00753414  0.00000000
  0.00000000  0.00199018    0.00753414  0.00000000    0.25146221  0.00000000
    1    2
  0.03020345  0.07291759   -0.04723113  0.01956378   -0.11094885  0.04595652
 -0.04723113  0.01956378    0.02595061  0.06265033   -0.04620379 -0.11154581
 -0.11094885  0.04595652   -0.04620379 -0.11154581    0.02496114  0.06026153
    2    1
  0.03020345 -0.07291759   -0.04723113 -0.01956378   -0.11094885 -0.04595652
 -0.04723113 -0.01956378    0.02595061 -0.06265033   -0.04620379  0.11154581
 -0.11094885 -0.04595652   -0.04620379  0.11154581    0.02496114 -0.06026153
    2    2
  0.28385870  0.00000000    0.00000000  0.01573265    0.00000000  0.00199018
  0.00000000 -0.01573265    0.27621817  0.00000000    0.00753414  0.00000000
  0.00000000 -0.00199018    0.00753414  0.00000000    0.25146221  0.00000000

     Dynamical  Matrix in cartesian axes

     q = (    0.000000000   0.750000000  -0.500000000 ) 

    1    1
  0.28385870  0.00000000    0.00000000  0.01573265    0.00000000 -0.00199018
  0.00000000 -0.01573265    0.27621817  0.00000000   -0.00753414  0.00000000
  0.00000000  0.00199018   -0.00753414  0.00000000    0.25146221  0.00000000
    1    2
 -0.07291759  0.03020345    0.01956378  0.04723113   -0.04595652 -0.11094885
  0.01956378  0.04723113   -0.06265033  0.02595061   -0.11154581  0.04620379
 -0.04595652 -0.11094885   -0.11154581  0.04620379   -0.06026153  0.02496114
    2    1
 -0.07291759 -0.03020345    0.01956378 -0.04723113   -0.04595652  0.11094885
  0.01956378 -0.04723113   -0.06265033 -0.02595061   -0.11154581 -0.04620379
 -0.04595652  0.11094885   -0.11154581 -0.04620379   -0.06026153 -0.02496114
    2    2
  0.28385870  0.00000000    0.00000000 -0.01573265    0.00000000  0.00199018
  0.00000000  0.01573265    0.27621817  0.00000000   -0.00753414  0.00000000
  0.00000000 -0.00199018   -0.00753414  0.00000000    0.25146221  0.00000000

     Dynamical  Matrix in cartesian axes

     q = (    0.000000000  -0.750000000  -0.500000000 ) 

    1    1
  0.28385870  0.00000000    0.00000000  0.01573265    0.00000000  0.00199018
  0.00000000 -0.01573265    0.27621817  0.00000000    0.00753414  0.00000000
  0.00000000 -0.00199018    0.00753414  0.00000000    0.25146221  0.00000000
    1    2
  0.03020345 -0.07291759   -0.04723113 -0.01956378   -0.11094885 -0.04595652
 -0.04723113 -0.01956378    0.02595061 -0.06265033   -0.04620379  0.11154581
 -0.11094885 -0.04595652   -0.04620379  0.11154581    0.02496114 -0.06026153
    2    1
  0.03020345  0.07291759   -0.04723113  0.01956378   -0.11094885  0.04595652
 -0.04723113  0.01956378    0.02595061  0.06265033   -0.04620379 -0.11154581
 -0.11094885  0.04595652   -0.04620379 -0.11154581    0.02496114  0.06026153
    2    2
  0.28385870  0.00000000    0.00000000 -0.01573265    0.00000000 -0.00199018
  0.00000000  0.01573265    0.27621817  0.00000000    0.00753414  0.00000000
  0.00000000  0.00199018    0.00753414  0.00000000    0.25146221  0.00000000

     Dynamical  Matrix in cartesian axes

     q = (    0.000000000   0.500000000  -0.750000000 ) 

    1    1
  0.28385870  0.00000000    0.00000000  0.00199018    0.00000000 -0.01573265
  0.00000000 -0.00199018    0.25146221  0.00000000   -0.00753414  0.00000000
  0.00000000  0.01573265   -0.00753414  0.00000000    0.27621817  0.00000000
    1    2
 -0.07291759 -0.03020345   -0.04595652  0.11094885    0.01956378 -0.04723113
 -0.04595652  0.11094885   -0.06026153 -0.02496114   -0.11154581 -0.04620379
  0.01956378 -0.04723113   -0.11154581 -0.04620379   -0.06265033 -0.02595061
    2    1
 -0.07291759  0.03020345   -0.04595652 -0.11094885    0.01956378  0.04723113
 -0.04595652 -0.11094885   -0.06026153  0.02496114   -0.11154581  0.04620379
  0.01956378  0.04723113   -0.11154581  0.04620379   -0.06265033  0.02595061
    2    2
  0.28385870  0.00000000    0.00000000 -0.00199018    0.00000000  0.01573265
  0.00000000  0.00199018    0.25146221  0.00000000   -0.00753414  0.00000000
  0.00000000 -0.01573265   -0.00753414  0.00000000    0.27621817  0.00000000

     Dynamical  Matrix in cartesian axes

     q = (    0.750000000   0.500000000   0.000000000 ) 

    1    1
  0.27621817  0.00000000    0.00753414  0.00000000    0.00000000  0.01573265
  0.00753414  0.00000000    0.25146221  0.00000000    0.00000000  0.00199018
  0.00000000 -0.01573265    0.00000000 -0.00199018    0.28385870  0.00000000
    1    2
  0.02595061  0.06265033   -0.04620379 -0.11154581   -0.04723113  0.01956378
 -0.04620379 -0.11154581    0.02496114  0.06026153   -0.11094885  0.04595652
 -0.04723113  0.01956378   -0.11094885  0.04595652    0.03020345  0.07291759
    2    1
  0.02595061 -0.06265033   -0.04620379  0.11154581   -0.04723113 -0.01956378
 -0.04620379  0.11154581    0.02496114 -0.06026153   -0.11094885 -0.04595652
 -0.04723113 -0.01956378   -0.11094885 -0.04595652    0.03020345 -0.07291759
    2    2
  0.27621817  0.00000000    0.00753414  0.00000000    0.00000000 -0.01573265
  0.00753414  0.00000000    0.25146221  0.00000000    0.00000000 -0.00199018
  0.00000000  0.01573265    0.00000000  0.00199018    0.28385870  0.00000000

     Dynamical  Matrix in cartesian axes

     q = (   -0.750000000  -0.500000000   0.000000000 ) 

    1    1
  0.27621817  0.00000000    0.00753414  0.00000000    0.00000000 -0.01573265
  0.00753414  0.00000000    0.25146221  0.00000000    0.00000000 -0.00199018
  0.00000000  0.01573265    0.00000000  0.00199018    0.28385870  0.00000000
    1    2
  0.02595061 -0.06265033   -0.04620379  0.11154581   -0.04723113 -0.01956378
 -0.04620379  0.11154581    0.02496114 -0.06026153   -0.11094885 -0.04595652
 -0.04723113 -0.01956378   -0.11094885 -0.04595652    0.03020345 -0.07291759
    2    1
  0.02595061  0.06265033   -0.04620379 -0.11154581   -0.04723113  0.01956378
 -0.04620379 -0.11154581    0.02496114  0.06026153   -0.11094885  0.04595652
 -0.04723113  0.01956378   -0.11094885  0.04595652    0.03020345  0.07291759
    2    2
  0.27621817  0.00000000    0.00753414  0.00000000    0.00000000  0.01573265
  0.00753414  0.00000000    0.25146221  0.00000000    0.00000000  0.00199018
  0.00000000 -0.01573265    0.00000000 -0.00199018    0.28385870  0.00000000

     Dynamical  Matrix in cartesian axes

     q = (   -0.750000000   0.500000000   0.000000000 ) 

    1    1
  0.27621817  0.00000000   -0.00753414  0.00000000    0.00000000  0.01573265
 -0.00753414  0.00000000    0.25146221  0.00000000    0.00000000 -0.00199018
  0.00000000 -0.01573265    0.00000000  0.00199018    0.28385870  0.00000000
    1    2
 -0.06265033 -0.02595061   -0.11154581 -0.04620379    0.01956378 -0.04723113
 -0.11154581 -0.04620379   -0.06026153 -0.02496114   -0.04595652  0.11094885
  0.01956378 -0.04723113   -0.04595652  0.11094885   -0.07291759 -0.03020345
    2    1
 -0.06265033  0.02595061   -0.11154581  0.04620379    0.01956378  0.04723113
 -0.11154581  0.04620379   -0.06026153  0.02496114   -0.04595652 -0.11094885
  0.01956378  0.04723113   -0.04595652 -0.11094885   -0.07291759  0.03020345
    2    2
  0.27621817  0.00000000   -0.00753414  0.00000000    0.00000000 -0.01573265
 -0.00753414  0.00000000    0.25146221  0.00000000    0.00000000  0.00199018
  0.00000000  0.01573265    0.00000000 -0.00199018    0.28385870  0.00000000

     Dynamical  Matrix in cartesian axes

     q = (    0.000000000  -0.500000000   0.750000000 ) 

    1    1
  0.28385870  0.00000000    0.00000000 -0.00199018    0.00000000  0.01573265
  0.00000000  0.00199018    0.25146221  0.00000000   -0.00753414  0.00000000
  0.00000000 -0.01573265   -0.00753414  0.00000000    0.27621817  0.00000000
    1    2
 -0.07291759  0.03020345   -0.04595652 -0.11094885    0.01956378  0.04723113
 -0.04595652 -0.11094885   -0.06026153  0.02496114   -0.11154581  0.04620379
  0.01956378  0.04723113   -0.11154581  0.04620379   -0.06265033  0.02595061
    2    1
 -0.07291759 -0.03020345   -0.04595652  0.11094885    0.01956378 -0.04723113
 -0.04595652  0.11094885   -0.06026153 -0.02496114   -0.11154581 -0.04620379
  0.01956378 -0.04723113   -0.11154581 -0.04620379   -0.06265033 -0.02595061
    2    2
  0.28385870  0.00000000    0.00000000  0.00199018    0.00000000 -0.01573265
  0.00000000 -0.00199018    0.25146221  0.00000000   -0.00753414  0.00000000
  0.00000000  0.01573265   -0.00753414  0.00000000    0.27621817  0.00000000

     Dynamical  Matrix in cartesian axes

     q = (    0.000000000  -0.750000000   0.500000000 ) 

    1    1
  0.28385870  0.00000000    0.00000000 -0.01573265    0.00000000  0.00199018
  0.00000000  0.01573265    0.27621817  0.00000000   -0.00753414  0.00000000
  0.00000000 -0.00199018   -0.00753414  0.00000000    0.25146221  0.00000000
    1    2
 -0.07291759 -0.03020345    0.01956378 -0.04723113   -0.04595652  0.11094885
  0.01956378 -0.04723113   -0.06265033 -0.02595061   -0.11154581 -0.04620379
 -0.04595652  0.11094885   -0.11154581 -0.04620379   -0.06026153 -0.02496114
    2    1
 -0.07291759  0.03020345    0.01956378  0.04723113   -0.04595652 -0.11094885
  0.01956378  0.04723113   -0.06265033  0.02595061   -0.11154581  0.04620379
 -0.04595652 -0.11094885   -0.11154581  0.04620379   -0.06026153  0.02496114
    2    2
  0.28385870  0.00000000    0.00000000  0.01573265    0.00000000 -0.00199018
  0.00000000 -0.01573265    0.27621817  0.00000000   -0.00753414  0.00000000
  0.00000000  0.00199018   -0.00753414  0.00000000    0.25146221  0.00000000

     Dynamical  Matrix in cartesian axes

     q = (    0.500000000  -0.750000000   0.000000000 ) 

    1    1
  0.25146221  0.00000000   -0.00753414  0.00000000    0.00000000 -0.00199018
 -0.00753414  0.00000000    0.27621817  0.00000000    0.00000000  0.01573265
  0.00000000  0.00199018    0.00000000 -0.01573265    0.28385870  0.00000000
    1    2
 -0.06026153 -0.02496114   -0.11154581 -0.04620379   -0.04595652  0.11094885
 -0.11154581 -0.04620379   -0.06265033 -0.02595061    0.01956378 -0.04723113
 -0.04595652  0.11094885    0.01956378 -0.04723113   -0.07291759 -0.03020345
    2    1
 -0.06026153  0.02496114   -0.11154581  0.04620379   -0.04595652 -0.11094885
 -0.11154581  0.04620379   -0.06265033  0.02595061    0.01956378  0.04723113
 -0.04595652 -0.11094885    0.01956378  0.04723113   -0.07291759  0.03020345
    2    2
  0.25146221  0.00000000   -0.00753414  0.00000000    0.00000000  0.00199018
 -0.00753414  0.00000000    0.27621817  0.00000000    0.00000000 -0.01573265
  0.00000000 -0.00199018    0.00000000  0.01573265    0.28385870  0.00000000

     Dynamical  Matrix in cartesian axes

     q = (    0.000000000   0.500000000   0.750000000 ) 

    1    1
  0.28385870  0.00000000    0.00000000 -0.00199018    0.00000000 -0.01573265
  0.00000000  0.00199018    0.25146221  0.00000000    0.00753414  0.00000000
  0.00000000  0.01573265    0.00753414  0.00000000    0.27621817  0.00000000
    1    2
  0.03020345  0.07291759   -0.11094885  0.04595652   -0.04723113  0.01956378
 -0.11094885  0.04595652    0.02496114  0.06026153   -0.04620379 -0.11154581
 -0.04723113  0.01956378   -0.04620379 -0.11154581    0.02595061  0.06265033
    2    1
  0.03020345 -0.07291759   -0.11094885 -0.04595652   -0.04723113 -0.01956378
 -0.11094885 -0.04595652    0.02496114 -0.06026153   -0.04620379  0.11154581
 -0.04723113 -0.01956378   -0.04620379  0.11154581    0.02595061 -0.06265033
    2    2
  0.28385870  0.00000000    0.00000000  0.00199018    0.00000000  0.01573265
  0.00000000 -0.00199018    0.25146221  0.00000000    0.00753414  0.00000000
  0.00000000 -0.01573265    0.00753414  0.00000000    0.27621817  0.00000000

     Dynamical  Matrix in cartesian axes

     q = (    0.000000000  -0.500000000  -0.750000000 ) 

    1    1
  0.28385870  0.00000000    0.00000000  0.00199018    0.00000000  0.01573265
  0.00000000 -0.00199018    0.25146221  0.00000000    0.00753414  0.00000000
  0.00000000 -0.01573265    0.00753414  0.00000000    0.27621817  0.00000000
    1    2
  0.03020345 -0.07291759   -0.11094885 -0.04595652   -0.04723113 -0.01956378
 -0.11094885 -0.04595652    0.02496114 -0.06026153   -0.04620379  0.11154581
 -0.04723113 -0.01956378   -0.04620379  0.11154581    0.02595061 -0.06265033
    2    1
  0.03020345  0.07291759   -0.11094885  0.04595652   -0.04723113  0.01956378
 -0.11094885  0.04595652    0.02496114  0.06026153   -0.04620379 -0.11154581
 -0.04723113  0.01956378   -0.04620379 -0.11154581    0.02595061  0.06265033
    2    2
  0.28385870  0.00000000    0.00000000 -0.00199018    0.00000000 -0.01573265
  0.00000000  0.00199018    0.25146221  0.00000000    0.00753414  0.00000000
  0.00000000  0.01573265    0.00753414  0.00000000    0.27621817  0.00000000

     Dynamical  Matrix in cartesian axes

     q = (   -0.500000000  -0.750000000   0.000000000 ) 

    1    1
  0.25146221  0.00000000    0.00753414  0.00000000    0.00000000 -0.00199018
  0.00753414  0.00000000    0.27621817  0.00000000    0.00000000 -0.01573265
  0.00000000  0.00199018    0.00000000  0.01573265    0.28385870  0.00000000
    1    2
  0.02496114 -0.06026153   -0.04620379  0.11154581   -0.11094885 -0.04595652
 -0.04620379  0.11154581    0.02595061 -0.06265033   -0.04723113 -0.01956378
 -0.11094885 -0.04595652   -0.04723113 -0.01956378    0.03020345 -0.07291759
    2    1
  0.02496114  0.06026153   -0.04620379 -0.11154581   -0.11094885  0.04595652
 -0.04620379 -0.11154581    0.02595061  0.06265033   -0.04723113  0.01956378
 -0.11094885  0.04595652   -0.04723113  0.01956378    0.03020345  0.07291759
    2    2
  0.25146221  0.00000000    0.00753414  0.00000000    0.00000000  0.00199018
  0.00753414  0.00000000    0.27621817  0.00000000    0.00000000  0.01573265
  0.00000000 -0.00199018    0.00000000 -0.01573265    0.28385870  0.00000000

     Dynamical  Matrix in cartesian axes

     q = (    0.750000000  -0.500000000   0.000000000 ) 

    1    1
  0.27621817  0.00000000   -0.00753414  0.00000000    0.00000000 -0.01573265
 -0.00753414  0.00000000    0.25146221  0.00000000    0.00000000  0.00199018
  0.00000000  0.01573265    0.00000000 -0.00199018    0.28385870  0.00000000
    1    2
 -0.06265033  0.02595061   -0.11154581  0.04620379    0.01956378  0.04723113
 -0.11154581  0.04620379   -0.06026153  0.02496114   -0.04595652 -0.11094885
  0.01956378  0.04723113   -0.04595652 -0.11094885   -0.07291759  0.03020345
    2    1
 -0.06265033 -0.02595061   -0.11154581 -0.04620379    0.01956378 -0.04723113
 -0.11154581 -0.04620379   -0.06026153 -0.02496114   -0.04595652  0.11094885
  0.01956378 -0.04723113   -0.04595652  0.11094885   -0.07291759 -0.03020345
    2    2
  0.27621817  0.00000000   -0.00753414  0.00000000    0.00000000  0.01573265
 -0.00753414  0.00000000    0.25146221  0.00000000    0.00000000 -0.00199018
  0.00000000 -0.01573265    0.00000000  0.00199018    0.28385870  0.00000000

     Dynamical  Matrix in cartesian axes

     q = (    0.500000000   0.750000000   0.000000000 ) 

    1    1
  0.25146221  0.00000000    0.00753414  0.00000000    0.00000000  0.00199018
  0.00753414  0.00000000    0.27621817  0.00000000    0.00000000  0.01573265
  0.00000000 -0.00199018    0.00000000 -0.01573265    0.28385870  0.00000000
    1    2
  0.02496114  0.06026153   -0.04620379 -0.11154581   -0.11094885  0.04595652
 -0.04620379 -0.11154581    0.02595061  0.06265033   -0.04723113  0.01956378
 -0.11094885  0.04595652   -0.04723113  0.01956378    0.03020345  0.07291759
    2    1
  0.02496114 -0.06026153   -0.04620379  0.11154581   -0.11094885 -0.04595652
 -0.04620379  0.11154581    0.02595061 -0.06265033   -0.04723113 -0.01956378
 -0.11094885 -0.04595652   -0.04723113 -0.01956378    0.03020345 -0.07291759
    2    2
  0.25146221  0.00000000    0.00753414  0.00000000    0.00000000 -0.00199018
  0.00753414  0.00000000    0.27621817  0.00000000    0.00000000 -0.01573265
  0.00000000  0.00199018    0.00000000  0.01573265    0.28385870  0.00000000

     Dynamical  Matrix in cartesian axes

     q = (   -0.500000000   0.750000000   0.000000000 ) 

    1    1
  0.25146221  0.00000000   -0.00753414  0.00000000    0.00000000  0.00199018
 -0.00753414  0.00000000    0.27621817  0.00000000    0.00000000 -0.01573265
  0.00000000 -0.00199018    0.00000000  0.01573265    0.28385870  0.00000000
    1    2
 -0.06026153  0.02496114   -0.11154581  0.04620379   -0.04595652 -0.11094885
 -0.11154581  0.04620379   -0.06265033  0.02595061    0.01956378  0.04723113
 -0.04595652 -0.11094885    0.01956378  0.04723113   -0.07291759  0.03020345
    2    1
 -0.06026153 -0.02496114   -0.11154581 -0.04620379   -0.04595652  0.11094885
 -0.11154581 -0.04620379   -0.06265033 -0.02595061    0.01956378 -0.04723113
 -0.04595652  0.11094885    0.01956378 -0.04723113   -0.07291759 -0.03020345
    2    2
  0.25146221  0.00000000   -0.00753414  0.00000000    0.00000000 -0.00199018
 -0.00753414  0.00000000    0.27621817  0.00000000    0.00000000  0.01573265
  0.00000000  0.00199018    0.00000000 -0.01573265    0.28385870  0.00000000

     Diagonalizing the dynamical matrix

     q = (    0.500000000   0.000000000   0.750000000 ) 

 **************************************************************************
     omega( 1) =       5.041973 [THz] =     168.182131 [cm-1]
 ( -0.211864 -0.511484  0.120585 -0.049948  0.160755  0.388097 ) 
 (  0.553627  0.000000  0.000000 -0.130520 -0.420074  0.000000 ) 
     omega( 2) =       6.322049 [THz] =     210.880872 [cm-1]
 (  0.155632  0.375730  0.478335 -0.198133  0.098718  0.238326 ) 
 (  0.406687  0.000000  0.000000  0.517746  0.257963  0.000000 ) 
     omega( 3) =       9.578809 [THz] =     319.514681 [cm-1]
 (  0.100742  0.243213 -0.408985  0.169407  0.185407  0.447611 ) 
 ( -0.263251  0.000000  0.000000  0.442682 -0.484491  0.000000 ) 
     omega( 4) =      11.510204 [THz] =     383.939089 [cm-1]
 (  0.103000  0.248664 -0.414354  0.171631  0.182091  0.439606 ) 
 (  0.269152  0.000000  0.000000 -0.448494  0.475826  0.000000 ) 
     omega( 5) =      13.911888 [THz] =     464.050632 [cm-1]
 ( -0.195941 -0.473043  0.162120 -0.067152  0.174129  0.420385 ) 
 ( -0.512018  0.000000  0.000000  0.175477  0.455022  0.000000 ) 
     omega( 6) =      14.249943 [THz] =     475.326936 [cm-1]
 ( -0.134863 -0.325589 -0.494942  0.205012 -0.114041 -0.275320 ) 
 (  0.352415  0.000000  0.000000  0.535721  0.298004  0.000000 ) 
 **************************************************************************
