Dynamical matrix file
                                                                           
  1    2  2 10.6000000  0.0000000  0.0000000  0.0000000  0.0000000  0.0000000
           1  'Ge  '    66179.9664212243     
    1    1      0.0000000      0.0000000      0.0000000
    2    1      0.2500000      0.2500000      0.2500000

     Dynamical  Matrix in cartesian axes

     q = (   -0.125000000   0.625000000  -0.125000000 ) 

    1    1
  0.21632352  0.00000000   -0.00284101  0.00583600    0.00161113  0.00000000
 -0.00284101 -0.00583600    0.27733908  0.00000000   -0.00284101 -0.00583600
  0.00161113  0.00000000   -0.00284101  0.00583600    0.21632352  0.00000000
    1    2
 -0.09168773  0.06992347   -0.01096550  0.02647562   -0.06897374 -0.11241499
 -0.01096550  0.02647562   -0.09822256  0.08551685   -0.01096550  0.02647562
 -0.06897374 -0.11241499   -0.01096550  0.02647562   -0.09168773  0.06992347
    2    1
 -0.09168773 -0.06992347   -0.01096550 -0.02647562   -0.06897374  0.11241499
 -0.01096550 -0.02647562   -0.09822256 -0.08551685   -0.01096550 -0.02647562
 -0.06897374  0.11241499   -0.01096550 -0.02647562   -0.09168773 -0.06992347
    2    2
  0.21632352  0.00000000   -0.00284101 -0.00583600    0.00161113  0.00000000
 -0.00284101  0.00583600    0.27733908  0.00000000   -0.00284101  0.00583600
  0.00161113  0.00000000   -0.00284101 -0.00583600    0.21632352  0.00000000

     Dynamical  Matrix in cartesian axes

     q = (    0.125000000   0.625000000  -0.125000000 ) 

    1    1
  0.21632352  0.00000000    0.00284101  0.00583600   -0.00161113  0.00000000
  0.00284101 -0.00583600    0.27733908  0.00000000   -0.00284101  0.00583600
 -0.00161113  0.00000000   -0.00284101 -0.00583600    0.21632352  0.00000000
    1    2
 -0.06992347  0.09168773    0.02647562 -0.01096550   -0.11241499 -0.06897374
  0.02647562 -0.01096550   -0.08551685  0.09822256   -0.02647562  0.01096550
 -0.11241499 -0.06897374   -0.02647562  0.01096550   -0.06992347  0.09168773
    2    1
 -0.06992347 -0.09168773    0.02647562  0.01096550   -0.11241499  0.06897374
  0.02647562  0.01096550   -0.08551685 -0.09822256   -0.02647562 -0.01096550
 -0.11241499  0.06897374   -0.02647562 -0.01096550   -0.06992347 -0.09168773
    2    2
  0.21632352  0.00000000    0.00284101 -0.00583600   -0.00161113  0.00000000
  0.00284101  0.00583600    0.27733908  0.00000000   -0.00284101 -0.00583600
 -0.00161113  0.00000000   -0.00284101  0.00583600    0.21632352  0.00000000

     Dynamical  Matrix in cartesian axes

     q = (    0.125000000   0.625000000   0.125000000 ) 

    1    1
  0.21632352  0.00000000    0.00284101 -0.00583600    0.00161113  0.00000000
  0.00284101  0.00583600    0.27733908  0.00000000    0.00284101  0.00583600
  0.00161113  0.00000000    0.00284101 -0.00583600    0.21632352  0.00000000
    1    2
 -0.01538966  0.11427638   -0.01096731 -0.02647487   -0.12826121 -0.03071760
 -0.01096731 -0.02647487   -0.00898430  0.12992339   -0.01096731 -0.02647487
 -0.12826121 -0.03071760   -0.01096731 -0.02647487   -0.01538966  0.11427638
    2    1
 -0.01538966 -0.11427638   -0.01096731  0.02647487   -0.12826121  0.03071760
 -0.01096731  0.02647487   -0.00898430 -0.12992339   -0.01096731  0.02647487
 -0.12826121  0.03071760   -0.01096731  0.02647487   -0.01538966 -0.11427638
    2    2
  0.21632352  0.00000000    0.00284101  0.00583600    0.00161113  0.00000000
  0.00284101 -0.00583600    0.27733908  0.00000000    0.00284101 -0.00583600
  0.00161113  0.00000000    0.00284101  0.00583600    0.21632352  0.00000000

     Dynamical  Matrix in cartesian axes

     q = (   -0.125000000   0.625000000   0.125000000 ) 

    1    1
  0.21632352  0.00000000   -0.00284101 -0.00583600   -0.00161113  0.00000000
 -0.00284101  0.00583600    0.27733908  0.00000000    0.00284101 -0.00583600
 -0.00161113  0.00000000    0.00284101  0.00583600    0.21632352  0.00000000
    1    2
 -0.06992347  0.09168773   -0.02647562  0.01096550   -0.11241499 -0.06897374
 -0.02647562  0.01096550   -0.08551685  0.09822256    0.02647562 -0.01096550
 -0.11241499 -0.06897374    0.02647562 -0.01096550   -0.06992347  0.09168773
    2    1
 -0.06992347 -0.09168773   -0.02647562 -0.01096550   -0.11241499  0.06897374
 -0.02647562 -0.01096550   -0.08551685 -0.09822256    0.02647562  0.01096550
 -0.11241499  0.06897374    0.02647562  0.01096550   -0.06992347 -0.09168773
    2    2
  0.21632352  0.00000000   -0.00284101  0.00583600   -0.00161113  0.00000000
 -0.00284101 -0.00583600    0.27733908  0.00000000    0.00284101  0.00583600
 -0.00161113  0.00000000    0.00284101 -0.00583600    0.21632352  0.00000000

     Dynamical  Matrix in cartesian axes

     q = (    0.125000000  -0.625000000   0.125000000 ) 

    1    1
  0.21632352  0.00000000   -0.00284101 -0.00583600    0.00161113  0.00000000
 -0.00284101  0.00583600    0.27733908  0.00000000   -0.00284101  0.00583600
  0.00161113  0.00000000   -0.00284101 -0.00583600    0.21632352  0.00000000
    1    2
 -0.09168773 -0.06992347   -0.01096550 -0.02647562   -0.06897374  0.11241499
 -0.01096550 -0.02647562   -0.09822256 -0.08551685   -0.01096550 -0.02647562
 -0.06897374  0.11241499   -0.01096550 -0.02647562   -0.09168773 -0.06992347
    2    1
 -0.09168773  0.06992347   -0.01096550  0.02647562   -0.06897374 -0.11241499
 -0.01096550  0.02647562   -0.09822256  0.08551685   -0.01096550  0.02647562
 -0.06897374 -0.11241499   -0.01096550  0.02647562   -0.09168773  0.06992347
    2    2
  0.21632352  0.00000000   -0.00284101  0.00583600    0.00161113  0.00000000
 -0.00284101 -0.00583600    0.27733908  0.00000000   -0.00284101 -0.00583600
  0.00161113  0.00000000   -0.00284101  0.00583600    0.21632352  0.00000000

     Dynamical  Matrix in cartesian axes

     q = (    0.625000000  -0.125000000   0.125000000 ) 

    1    1
  0.27733908  0.00000000   -0.00284101  0.00583600    0.00284101 -0.00583600
 -0.00284101 -0.00583600    0.21632352  0.00000000   -0.00161113  0.00000000
  0.00284101  0.00583600   -0.00161113  0.00000000    0.21632352  0.00000000
    1    2
 -0.08551685  0.09822256   -0.02647562  0.01096550    0.02647562 -0.01096550
 -0.02647562  0.01096550   -0.06992347  0.09168773   -0.11241499 -0.06897374
  0.02647562 -0.01096550   -0.11241499 -0.06897374   -0.06992347  0.09168773
    2    1
 -0.08551685 -0.09822256   -0.02647562 -0.01096550    0.02647562  0.01096550
 -0.02647562 -0.01096550   -0.06992347 -0.09168773   -0.11241499  0.06897374
  0.02647562  0.01096550   -0.11241499  0.06897374   -0.06992347 -0.09168773
    2    2
  0.27733908  0.00000000   -0.00284101 -0.00583600    0.00284101  0.00583600
 -0.00284101  0.00583600    0.21632352  0.00000000   -0.00161113  0.00000000
  0.00284101 -0.00583600   -0.00161113  0.00000000    0.21632352  0.00000000

     Dynamical  Matrix in cartesian axes

     q = (    0.125000000  -0.125000000   0.625000000 ) 

    1    1
  0.21632352  0.00000000   -0.00161113  0.00000000    0.00284101  0.00583600
 -0.00161113  0.00000000    0.21632352  0.00000000   -0.00284101 -0.00583600
  0.00284101 -0.00583600   -0.00284101  0.00583600    0.27733908  0.00000000
    1    2
 -0.06992347  0.09168773   -0.11241499 -0.06897374    0.02647562 -0.01096550
 -0.11241499 -0.06897374   -0.06992347  0.09168773   -0.02647562  0.01096550
  0.02647562 -0.01096550   -0.02647562  0.01096550   -0.08551685  0.09822256
    2    1
 -0.06992347 -0.09168773   -0.11241499  0.06897374    0.02647562  0.01096550
 -0.11241499  0.06897374   -0.06992347 -0.09168773   -0.02647562 -0.01096550
  0.02647562  0.01096550   -0.02647562 -0.01096550   -0.08551685 -0.09822256
    2    2
  0.21632352  0.00000000   -0.00161113  0.00000000    0.00284101 -0.00583600
 -0.00161113  0.00000000    0.21632352  0.00000000   -0.00284101  0.00583600
  0.00284101  0.00583600   -0.00284101 -0.00583600    0.27733908  0.00000000

     Dynamical  Matrix in cartesian axes

     q = (   -0.125000000  -0.625000000  -0.125000000 ) 

    1    1
  0.21632352  0.00000000    0.00284101  0.00583600    0.00161113  0.00000000
  0.00284101 -0.00583600    0.27733908  0.00000000    0.00284101 -0.00583600
  0.00161113  0.00000000    0.00284101  0.00583600    0.21632352  0.00000000
    1    2
 -0.01538966 -0.11427638   -0.01096731  0.02647487   -0.12826121  0.03071760
 -0.01096731  0.02647487   -0.00898430 -0.12992339   -0.01096731  0.02647487
 -0.12826121  0.03071760   -0.01096731  0.02647487   -0.01538966 -0.11427638
    2    1
 -0.01538966  0.11427638   -0.01096731 -0.02647487   -0.12826121 -0.03071760
 -0.01096731 -0.02647487   -0.00898430  0.12992339   -0.01096731 -0.02647487
 -0.12826121 -0.03071760   -0.01096731 -0.02647487   -0.01538966  0.11427638
    2    2
  0.21632352  0.00000000    0.00284101 -0.00583600    0.00161113  0.00000000
  0.00284101  0.00583600    0.27733908  0.00000000    0.00284101  0.00583600
  0.00161113  0.00000000    0.00284101 -0.00583600    0.21632352  0.00000000

     Dynamical  Matrix in cartesian axes

     q = (    0.125000000  -0.625000000  -0.125000000 ) 

    1    1
  0.21632352  0.00000000   -0.00284101  0.00583600   -0.00161113  0.00000000
 -0.00284101 -0.00583600    0.27733908  0.00000000    0.00284101  0.00583600
 -0.00161113  0.00000000    0.00284101 -0.00583600    0.21632352  0.00000000
    1    2
 -0.06992347 -0.09168773   -0.02647562 -0.01096550   -0.11241499  0.06897374
 -0.02647562 -0.01096550   -0.08551685 -0.09822256    0.02647562  0.01096550
 -0.11241499  0.06897374    0.02647562  0.01096550   -0.06992347 -0.09168773
    2    1
 -0.06992347  0.09168773   -0.02647562  0.01096550   -0.11241499 -0.06897374
 -0.02647562  0.01096550   -0.08551685  0.09822256    0.02647562 -0.01096550
 -0.11241499 -0.06897374    0.02647562 -0.01096550   -0.06992347  0.09168773
    2    2
  0.21632352  0.00000000   -0.00284101 -0.00583600   -0.00161113  0.00000000
 -0.00284101  0.00583600    0.27733908  0.00000000    0.00284101 -0.00583600
 -0.00161113  0.00000000    0.00284101  0.00583600    0.21632352  0.00000000

     Dynamical  Matrix in cartesian axes

     q = (   -0.125000000  -0.625000000   0.125000000 ) 

    1    1
  0.21632352  0.00000000    0.00284101 -0.00583600   -0.00161113  0.00000000
  0.00284101  0.00583600    0.27733908  0.00000000   -0.00284101 -0.00583600
 -0.00161113  0.00000000   -0.00284101  0.00583600    0.21632352  0.00000000
    1    2
 -0.06992347 -0.09168773    0.02647562  0.01096550   -0.11241499  0.06897374
  0.02647562  0.01096550   -0.08551685 -0.09822256   -0.02647562 -0.01096550
 -0.11241499  0.06897374   -0.02647562 -0.01096550   -0.06992347 -0.09168773
    2    1
 -0.06992347  0.09168773    0.02647562 -0.01096550   -0.11241499 -0.06897374
  0.02647562 -0.01096550   -0.08551685  0.09822256   -0.02647562  0.01096550
 -0.11241499 -0.06897374   -0.02647562  0.01096550   -0.06992347  0.09168773
    2    2
  0.21632352  0.00000000    0.00284101  0.00583600   -0.00161113  0.00000000
  0.00284101 -0.00583600    0.27733908  0.00000000   -0.00284101  0.00583600
 -0.00161113  0.00000000   -0.00284101 -0.00583600    0.21632352  0.00000000

     Dynamical  Matrix in cartesian axes

     q = (    0.125000000  -0.125000000  -0.625000000 ) 

    1    1
  0.21632352  0.00000000   -0.00161113  0.00000000   -0.00284101  0.00583600
 -0.00161113  0.00000000    0.21632352  0.00000000    0.00284101 -0.00583600
 -0.00284101 -0.00583600    0.00284101  0.00583600    0.27733908  0.00000000
    1    2
 -0.06992347 -0.09168773   -0.11241499  0.06897374   -0.02647562 -0.01096550
 -0.11241499  0.06897374   -0.06992347 -0.09168773    0.02647562  0.01096550
 -0.02647562 -0.01096550    0.02647562  0.01096550   -0.08551685 -0.09822256
    2    1
 -0.06992347  0.09168773   -0.11241499 -0.06897374   -0.02647562  0.01096550
 -0.11241499 -0.06897374   -0.06992347  0.09168773    0.02647562 -0.01096550
 -0.02647562  0.01096550    0.02647562 -0.01096550   -0.08551685  0.09822256
    2    2
  0.21632352  0.00000000   -0.00161113  0.00000000   -0.00284101 -0.00583600
 -0.00161113  0.00000000    0.21632352  0.00000000    0.00284101  0.00583600
 -0.00284101  0.00583600    0.00284101 -0.00583600    0.27733908  0.00000000

     Dynamical  Matrix in cartesian axes

     q = (    0.625000000  -0.125000000  -0.125000000 ) 

    1    1
  0.27733908  0.00000000   -0.00284101 -0.00583600   -0.00284101 -0.00583600
 -0.00284101  0.00583600    0.21632352  0.00000000    0.00161113  0.00000000
 -0.00284101  0.00583600    0.00161113  0.00000000    0.21632352  0.00000000
    1    2
 -0.09822256  0.08551685   -0.01096550  0.02647562   -0.01096550  0.02647562
 -0.01096550  0.02647562   -0.09168773  0.06992347   -0.06897374 -0.11241499
 -0.01096550  0.02647562   -0.06897374 -0.11241499   -0.09168773  0.06992347
    2    1
 -0.09822256 -0.08551685   -0.01096550 -0.02647562   -0.01096550 -0.02647562
 -0.01096550 -0.02647562   -0.09168773 -0.06992347   -0.06897374  0.11241499
 -0.01096550 -0.02647562   -0.06897374  0.11241499   -0.09168773 -0.06992347
    2    2
  0.27733908  0.00000000   -0.00284101  0.00583600   -0.00284101  0.00583600
 -0.00284101 -0.00583600    0.21632352  0.00000000    0.00161113  0.00000000
 -0.00284101 -0.00583600    0.00161113  0.00000000    0.21632352  0.00000000

     Dynamical  Matrix in cartesian axes

     q = (   -0.625000000  -0.125000000   0.125000000 ) 

    1    1
  0.27733908  0.00000000    0.00284101  0.00583600   -0.00284101 -0.00583600
  0.00284101 -0.00583600    0.21632352  0.00000000   -0.00161113  0.00000000
 -0.00284101  0.00583600   -0.00161113  0.00000000    0.21632352  0.00000000
    1    2
 -0.08551685 -0.09822256    0.02647562  0.01096550   -0.02647562 -0.01096550
  0.02647562  0.01096550   -0.06992347 -0.09168773   -0.11241499  0.06897374
 -0.02647562 -0.01096550   -0.11241499  0.06897374   -0.06992347 -0.09168773
    2    1
 -0.08551685  0.09822256    0.02647562 -0.01096550   -0.02647562  0.01096550
  0.02647562 -0.01096550   -0.06992347  0.09168773   -0.11241499 -0.06897374
 -0.02647562  0.01096550   -0.11241499 -0.06897374   -0.06992347  0.09168773
    2    2
  0.27733908  0.00000000    0.00284101 -0.00583600   -0.00284101  0.00583600
  0.00284101  0.00583600    0.21632352  0.00000000   -0.00161113  0.00000000
 -0.00284101 -0.00583600   -0.00161113  0.00000000    0.21632352  0.00000000

     Dynamical  Matrix in cartesian axes

     q = (    0.625000000   0.125000000   0.125000000 ) 

    1    1
  0.27733908  0.00000000    0.00284101  0.00583600    0.00284101  0.00583600
  0.00284101 -0.00583600    0.21632352  0.00000000    0.00161113  0.00000000
  0.00284101 -0.00583600    0.00161113  0.00000000    0.21632352  0.00000000
    1    2
 -0.00898430  0.12992339   -0.01096731 -0.02647487   -0.01096731 -0.02647487
 -0.01096731 -0.02647487   -0.01538966  0.11427638   -0.12826121 -0.03071760
 -0.01096731 -0.02647487   -0.12826121 -0.03071760   -0.01538966  0.11427638
    2    1
 -0.00898430 -0.12992339   -0.01096731  0.02647487   -0.01096731  0.02647487
 -0.01096731  0.02647487   -0.01538966 -0.11427638   -0.12826121  0.03071760
 -0.01096731  0.02647487   -0.12826121  0.03071760   -0.01538966 -0.11427638
    2    2
  0.27733908  0.00000000    0.00284101 -0.00583600    0.00284101 -0.00583600
  0.00284101  0.00583600    0.21632352  0.00000000    0.00161113  0.00000000
  0.00284101  0.00583600    0.00161113  0.00000000    0.21632352  0.00000000

     Dynamical  Matrix in cartesian axes

     q = (   -0.125000000  -0.125000000   0.625000000 ) 

    1    1
  0.21632352  0.00000000    0.00161113  0.00000000   -0.00284101  0.00583600
  0.00161113  0.00000000    0.21632352  0.00000000   -0.00284101  0.00583600
 -0.00284101 -0.00583600   -0.00284101 -0.00583600    0.27733908  0.00000000
    1    2
 -0.09168773  0.06992347   -0.06897374 -0.11241499   -0.01096550  0.02647562
 -0.06897374 -0.11241499   -0.09168773  0.06992347   -0.01096550  0.02647562
 -0.01096550  0.02647562   -0.01096550  0.02647562   -0.09822256  0.08551685
    2    1
 -0.09168773 -0.06992347   -0.06897374  0.11241499   -0.01096550 -0.02647562
 -0.06897374  0.11241499   -0.09168773 -0.06992347   -0.01096550 -0.02647562
 -0.01096550 -0.02647562   -0.01096550 -0.02647562   -0.09822256 -0.08551685
    2    2
  0.21632352  0.00000000    0.00161113  0.00000000   -0.00284101 -0.00583600
  0.00161113  0.00000000    0.21632352  0.00000000   -0.00284101 -0.00583600
 -0.00284101  0.00583600   -0.00284101  0.00583600    0.27733908  0.00000000

     Dynamical  Matrix in cartesian axes

     q = (    0.125000000   0.125000000   0.625000000 ) 

    1    1
  0.21632352  0.00000000    0.00161113  0.00000000    0.00284101 -0.00583600
  0.00161113  0.00000000    0.21632352  0.00000000    0.00284101 -0.00583600
  0.00284101  0.00583600    0.00284101  0.00583600    0.27733908  0.00000000
    1    2
 -0.01538966  0.11427638   -0.12826121 -0.03071760   -0.01096731 -0.02647487
 -0.12826121 -0.03071760   -0.01538966  0.11427638   -0.01096731 -0.02647487
 -0.01096731 -0.02647487   -0.01096731 -0.02647487   -0.00898430  0.12992339
    2    1
 -0.01538966 -0.11427638   -0.12826121  0.03071760   -0.01096731  0.02647487
 -0.12826121  0.03071760   -0.01538966 -0.11427638   -0.01096731  0.02647487
 -0.01096731  0.02647487   -0.01096731  0.02647487   -0.00898430 -0.12992339
    2    2
  0.21632352  0.00000000    0.00161113  0.00000000    0.00284101  0.00583600
  0.00161113  0.00000000    0.21632352  0.00000000    0.00284101  0.00583600
  0.00284101 -0.00583600    0.00284101 -0.00583600    0.27733908  0.00000000

     Dynamical  Matrix in cartesian axes

     q = (   -0.625000000   0.125000000  -0.125000000 ) 

    1    1
  0.27733908  0.00000000   -0.00284101 -0.00583600    0.00284101  0.00583600
 -0.00284101  0.00583600    0.21632352  0.00000000   -0.00161113  0.00000000
  0.00284101 -0.00583600   -0.00161113  0.00000000    0.21632352  0.00000000
    1    2
 -0.08551685 -0.09822256   -0.02647562 -0.01096550    0.02647562  0.01096550
 -0.02647562 -0.01096550   -0.06992347 -0.09168773   -0.11241499  0.06897374
  0.02647562  0.01096550   -0.11241499  0.06897374   -0.06992347 -0.09168773
    2    1
 -0.08551685  0.09822256   -0.02647562  0.01096550    0.02647562 -0.01096550
 -0.02647562  0.01096550   -0.06992347  0.09168773   -0.11241499 -0.06897374
  0.02647562 -0.01096550   -0.11241499 -0.06897374   -0.06992347  0.09168773
    2    2
  0.27733908  0.00000000   -0.00284101  0.00583600    0.00284101 -0.00583600
 -0.00284101 -0.00583600    0.21632352  0.00000000   -0.00161113  0.00000000
  0.00284101  0.00583600   -0.00161113  0.00000000    0.21632352  0.00000000

     Dynamical  Matrix in cartesian axes

     q = (   -0.125000000   0.125000000  -0.625000000 ) 

    1    1
  0.21632352  0.00000000   -0.00161113  0.00000000    0.00284101 -0.00583600
 -0.00161113  0.00000000    0.21632352  0.00000000   -0.00284101  0.00583600
  0.00284101  0.00583600   -0.00284101 -0.00583600    0.27733908  0.00000000
    1    2
 -0.06992347 -0.09168773   -0.11241499  0.06897374    0.02647562  0.01096550
 -0.11241499  0.06897374   -0.06992347 -0.09168773   -0.02647562 -0.01096550
  0.02647562  0.01096550   -0.02647562 -0.01096550   -0.08551685 -0.09822256
    2    1
 -0.06992347  0.09168773   -0.11241499 -0.06897374    0.02647562 -0.01096550
 -0.11241499 -0.06897374   -0.06992347  0.09168773   -0.02647562  0.01096550
  0.02647562 -0.01096550   -0.02647562  0.01096550   -0.08551685  0.09822256
    2    2
  0.21632352  0.00000000   -0.00161113  0.00000000    0.00284101  0.00583600
 -0.00161113  0.00000000    0.21632352  0.00000000   -0.00284101 -0.00583600
  0.00284101 -0.00583600   -0.00284101  0.00583600    0.27733908  0.00000000

     Dynamical  Matrix in cartesian axes

     q = (   -0.625000000  -0.125000000  -0.125000000 ) 

    1    1
  0.27733908  0.00000000    0.00284101 -0.00583600    0.00284101 -0.00583600
  0.00284101  0.00583600    0.21632352  0.00000000    0.00161113  0.00000000
  0.00284101  0.00583600    0.00161113  0.00000000    0.21632352  0.00000000
    1    2
 -0.00898430 -0.12992339   -0.01096731  0.02647487   -0.01096731  0.02647487
 -0.01096731  0.02647487   -0.01538966 -0.11427638   -0.12826121  0.03071760
 -0.01096731  0.02647487   -0.12826121  0.03071760   -0.01538966 -0.11427638
    2    1
 -0.00898430  0.12992339   -0.01096731 -0.02647487   -0.01096731 -0.02647487
 -0.01096731 -0.02647487   -0.01538966  0.11427638   -0.12826121 -0.03071760
 -0.01096731 -0.02647487   -0.12826121 -0.03071760   -0.01538966  0.11427638
    2    2
  0.27733908  0.00000000    0.00284101  0.00583600    0.00284101  0.00583600
  0.00284101 -0.00583600    0.21632352  0.00000000    0.00161113  0.00000000
  0.00284101 -0.00583600    0.00161113  0.00000000    0.21632352  0.00000000

     Dynamical  Matrix in cartesian axes

     q = (    0.125000000   0.125000000  -0.625000000 ) 

    1    1
  0.21632352  0.00000000    0.00161113  0.00000000   -0.00284101 -0.00583600
  0.00161113  0.00000000    0.21632352  0.00000000   -0.00284101 -0.00583600
 -0.00284101  0.00583600   -0.00284101  0.00583600    0.27733908  0.00000000
    1    2
 -0.09168773 -0.06992347   -0.06897374  0.11241499   -0.01096550 -0.02647562
 -0.06897374  0.11241499   -0.09168773 -0.06992347   -0.01096550 -0.02647562
 -0.01096550 -0.02647562   -0.01096550 -0.02647562   -0.09822256 -0.08551685
    2    1
 -0.09168773  0.06992347   -0.06897374 -0.11241499   -0.01096550  0.02647562
 -0.06897374 -0.11241499   -0.09168773  0.06992347   -0.01096550  0.02647562
 -0.01096550  0.02647562   -0.01096550  0.02647562   -0.09822256  0.08551685
    2    2
  0.21632352  0.00000000    0.00161113  0.00000000   -0.00284101  0.00583600
  0.00161113  0.00000000    0.21632352  0.00000000   -0.00284101  0.00583600
 -0.00284101 -0.00583600   -0.00284101 -0.00583600    0.27733908  0.00000000

     Dynamical  Matrix in cartesian axes

     q = (    0.625000000   0.125000000  -0.125000000 ) 

    1    1
  0.27733908  0.00000000    0.00284101 -0.00583600   -0.00284101  0.00583600
  0.00284101  0.00583600    0.21632352  0.00000000   -0.00161113  0.00000000
 -0.00284101 -0.00583600   -0.00161113  0.00000000    0.21632352  0.00000000
    1    2
 -0.08551685  0.09822256    0.02647562 -0.01096550   -0.02647562  0.01096550
  0.02647562 -0.01096550   -0.06992347  0.09168773   -0.11241499 -0.06897374
 -0.02647562  0.01096550   -0.11241499 -0.06897374   -0.06992347  0.09168773
    2    1
 -0.08551685 -0.09822256    0.02647562  0.01096550   -0.02647562 -0.01096550
  0.02647562  0.01096550   -0.06992347 -0.09168773   -0.11241499  0.06897374
 -0.02647562 -0.01096550   -0.11241499  0.06897374   -0.06992347 -0.09168773
    2    2
  0.27733908  0.00000000    0.00284101  0.00583600   -0.00284101 -0.00583600
  0.00284101 -0.00583600    0.21632352  0.00000000   -0.00161113  0.00000000
 -0.00284101  0.00583600   -0.00161113  0.00000000    0.21632352  0.00000000

     Dynamical  Matrix in cartesian axes

     q = (   -0.125000000  -0.125000000  -0.625000000 ) 

    1    1
  0.21632352  0.00000000    0.00161113  0.00000000    0.00284101  0.00583600
  0.00161113  0.00000000    0.21632352  0.00000000    0.00284101  0.00583600
  0.00284101 -0.00583600    0.00284101 -0.00583600    0.27733908  0.00000000
    1    2
 -0.01538966 -0.11427638   -0.12826121  0.03071760   -0.01096731  0.02647487
 -0.12826121  0.03071760   -0.01538966 -0.11427638   -0.01096731  0.02647487
 -0.01096731  0.02647487   -0.01096731  0.02647487   -0.00898430 -0.12992339
    2    1
 -0.01538966  0.11427638   -0.12826121 -0.03071760   -0.01096731 -0.02647487
 -0.12826121 -0.03071760   -0.01538966  0.11427638   -0.01096731 -0.02647487
 -0.01096731 -0.02647487   -0.01096731 -0.02647487   -0.00898430  0.12992339
    2    2
  0.21632352  0.00000000    0.00161113  0.00000000    0.00284101 -0.00583600
  0.00161113  0.00000000    0.21632352  0.00000000    0.00284101 -0.00583600
  0.00284101  0.00583600    0.00284101  0.00583600    0.27733908  0.00000000

     Dynamical  Matrix in cartesian axes

     q = (   -0.625000000   0.125000000   0.125000000 ) 

    1    1
  0.27733908  0.00000000   -0.00284101  0.00583600   -0.00284101  0.00583600
 -0.00284101 -0.00583600    0.21632352  0.00000000    0.00161113  0.00000000
 -0.00284101 -0.00583600    0.00161113  0.00000000    0.21632352  0.00000000
    1    2
 -0.09822256 -0.08551685   -0.01096550 -0.02647562   -0.01096550 -0.02647562
 -0.01096550 -0.02647562   -0.09168773 -0.06992347   -0.06897374  0.11241499
 -0.01096550 -0.02647562   -0.06897374  0.11241499   -0.09168773 -0.06992347
    2    1
 -0.09822256  0.08551685   -0.01096550  0.02647562   -0.01096550  0.02647562
 -0.01096550  0.02647562   -0.09168773  0.06992347   -0.06897374 -0.11241499
 -0.01096550  0.02647562   -0.06897374 -0.11241499   -0.09168773  0.06992347
    2    2
  0.27733908  0.00000000   -0.00284101 -0.00583600   -0.00284101 -0.00583600
 -0.00284101  0.00583600    0.21632352  0.00000000    0.00161113  0.00000000
 -0.00284101  0.00583600    0.00161113  0.00000000    0.21632352  0.00000000

     Dynamical  Matrix in cartesian axes

     q = (   -0.125000000   0.125000000   0.625000000 ) 

    1    1
  0.21632352  0.00000000   -0.00161113  0.00000000   -0.00284101 -0.00583600
 -0.00161113  0.00000000    0.21632352  0.00000000    0.00284101  0.00583600
 -0.00284101  0.00583600    0.00284101 -0.00583600    0.27733908  0.00000000
    1    2
 -0.06992347  0.09168773   -0.11241499 -0.06897374   -0.02647562  0.01096550
 -0.11241499 -0.06897374   -0.06992347  0.09168773    0.02647562 -0.01096550
 -0.02647562  0.01096550    0.02647562 -0.01096550   -0.08551685  0.09822256
    2    1
 -0.06992347 -0.09168773   -0.11241499  0.06897374   -0.02647562 -0.01096550
 -0.11241499  0.06897374   -0.06992347 -0.09168773    0.02647562  0.01096550
 -0.02647562 -0.01096550    0.02647562  0.01096550   -0.08551685 -0.09822256
    2    2
  0.21632352  0.00000000   -0.00161113  0.00000000   -0.00284101  0.00583600
 -0.00161113  0.00000000    0.21632352  0.00000000    0.00284101 -0.00583600
 -0.00284101 -0.00583600    0.00284101  0.00583600    0.27733908  0.00000000

     Diagonalizing the dynamical matrix

     q = (   -0.125000000   0.625000000  -0.125000000 ) 

 **************************************************************************
     omega( 1) =       2.250322 [THz] =      75.062659 [cm-1]
 ( -0.061808  0.496165  0.000000  0.000000  0.061808 -0.496165 ) 
 ( -0.500000  0.000000  0.000000  0.000000  0.500000  0.000000 ) 
     omega( 2) =       2.703682 [THz] =      90.185116 [cm-1]
 ( -0.475002 -0.100543 -0.146879  0.083403 -0.475002 -0.100543 ) 
 ( -0.485526  0.000000 -0.126424 -0.112011 -0.485526  0.000000 ) 
     omega( 3) =       4.871358 [THz] =     162.491000 [cm-1]
 (  0.003419  0.143442 -0.608927 -0.296703  0.003419  0.143442 ) 
 (  0.143483  0.000000 -0.311129 -0.601684  0.143483  0.000000 ) 
     omega( 4) =       7.836311 [THz] =     261.391192 [cm-1]
 ( -0.375299 -0.153508  0.411520  0.042691 -0.375299 -0.153508 ) 
 (  0.405480  0.000000 -0.397052 -0.116281  0.405480  0.000000 ) 
     omega( 5) =       8.072429 [THz] =     269.267235 [cm-1]
 ( -0.061808  0.496165  0.000000  0.000000  0.061808 -0.496165 ) 
 (  0.500000  0.000000  0.000000  0.000000 -0.500000  0.000000 ) 
     omega( 6) =       8.339435 [THz] =     278.173602 [cm-1]
 (  0.280388  0.025407  0.535652 -0.233560  0.280388  0.025407 ) 
 ( -0.281537  0.000000 -0.512389 -0.280947 -0.281537  0.000000 ) 
 **************************************************************************
