Dynamical matrix file
                                                                           
  1    2  2 10.6000000  0.0000000  0.0000000  0.0000000  0.0000000  0.0000000
           1  'Ge  '    66179.9664212243     
    1    1      0.0000000      0.0000000      0.0000000
    2    1      0.2500000      0.2500000      0.2500000

     Dynamical  Matrix in cartesian axes

     q = (    0.750000000  -0.250000000   1.000000000 ) 

    1    1
  0.21212992  0.00000000   -0.00306255  0.00000000    0.00000000  0.00022617
 -0.00306255  0.00000000    0.27069729  0.00000000    0.00000000 -0.01256380
  0.00000000 -0.00022617    0.00000000  0.01256380    0.21905038  0.00000000
    1    2
 -0.05213391  0.05213391   -0.03742042  0.03742042   -0.10181787 -0.10181787
 -0.03742042  0.03742042   -0.05818900  0.05818900    0.01579560  0.01579560
 -0.10181787 -0.10181787    0.01579560  0.01579560   -0.05447413  0.05447413
    2    1
 -0.05213391 -0.05213391   -0.03742042 -0.03742042   -0.10181787  0.10181787
 -0.03742042 -0.03742042   -0.05818900 -0.05818900    0.01579560 -0.01579560
 -0.10181787  0.10181787    0.01579560 -0.01579560   -0.05447413 -0.05447413
    2    2
  0.21212992  0.00000000   -0.00306255  0.00000000    0.00000000 -0.00022617
 -0.00306255  0.00000000    0.27069729  0.00000000    0.00000000  0.01256380
  0.00000000  0.00022617    0.00000000 -0.01256380    0.21905038  0.00000000

     Dynamical  Matrix in cartesian axes

     q = (    1.000000000   0.250000000   0.750000000 ) 

    1    1
  0.21905038  0.00000000    0.00000000  0.01256380    0.00000000  0.00022617
  0.00000000 -0.01256380    0.27069729  0.00000000    0.00306255  0.00000000
  0.00000000 -0.00022617    0.00306255  0.00000000    0.21212992  0.00000000
    1    2
  0.00000000 -0.07703805   -0.02233835  0.00000000   -0.14399222  0.00000000
 -0.02233835  0.00000000    0.00000000 -0.08229168    0.00000000  0.05292047
 -0.14399222  0.00000000    0.00000000  0.05292047    0.00000000 -0.07372848
    2    1
  0.00000000  0.07703805   -0.02233835  0.00000000   -0.14399222  0.00000000
 -0.02233835  0.00000000    0.00000000  0.08229168    0.00000000 -0.05292047
 -0.14399222  0.00000000    0.00000000 -0.05292047    0.00000000  0.07372848
    2    2
  0.21905038  0.00000000    0.00000000 -0.01256380    0.00000000 -0.00022617
  0.00000000  0.01256380    0.27069729  0.00000000    0.00306255  0.00000000
  0.00000000  0.00022617    0.00306255  0.00000000    0.21212992  0.00000000

     Dynamical  Matrix in cartesian axes

     q = (    0.750000000   0.250000000   1.000000000 ) 

    1    1
  0.21212992  0.00000000    0.00306255  0.00000000    0.00000000 -0.00022617
  0.00306255  0.00000000    0.27069729  0.00000000    0.00000000 -0.01256380
  0.00000000  0.00022617    0.00000000  0.01256380    0.21905038  0.00000000
    1    2
  0.00000000 -0.07372848    0.00000000  0.05292047   -0.14399222  0.00000000
  0.00000000  0.05292047    0.00000000 -0.08229168   -0.02233835  0.00000000
 -0.14399222  0.00000000   -0.02233835  0.00000000    0.00000000 -0.07703805
    2    1
  0.00000000  0.07372848    0.00000000 -0.05292047   -0.14399222  0.00000000
  0.00000000 -0.05292047    0.00000000  0.08229168   -0.02233835  0.00000000
 -0.14399222  0.00000000   -0.02233835  0.00000000    0.00000000  0.07703805
    2    2
  0.21212992  0.00000000    0.00306255  0.00000000    0.00000000  0.00022617
  0.00306255  0.00000000    0.27069729  0.00000000    0.00000000  0.01256380
  0.00000000 -0.00022617    0.00000000 -0.01256380    0.21905038  0.00000000

     Dynamical  Matrix in cartesian axes

     q = (    1.000000000  -0.250000000  -0.750000000 ) 

    1    1
  0.21905038  0.00000000    0.00000000 -0.01256380    0.00000000 -0.00022617
  0.00000000  0.01256380    0.27069729  0.00000000    0.00306255  0.00000000
  0.00000000  0.00022617    0.00306255  0.00000000    0.21212992  0.00000000
    1    2
  0.00000000  0.07703805   -0.02233835  0.00000000   -0.14399222  0.00000000
 -0.02233835  0.00000000    0.00000000  0.08229168    0.00000000 -0.05292047
 -0.14399222  0.00000000    0.00000000 -0.05292047    0.00000000  0.07372848
    2    1
  0.00000000 -0.07703805   -0.02233835  0.00000000   -0.14399222  0.00000000
 -0.02233835  0.00000000    0.00000000 -0.08229168    0.00000000  0.05292047
 -0.14399222  0.00000000    0.00000000  0.05292047    0.00000000 -0.07372848
    2    2
  0.21905038  0.00000000    0.00000000  0.01256380    0.00000000  0.00022617
  0.00000000 -0.01256380    0.27069729  0.00000000    0.00306255  0.00000000
  0.00000000 -0.00022617    0.00306255  0.00000000    0.21212992  0.00000000

     Dynamical  Matrix in cartesian axes

     q = (    1.000000000  -0.250000000   0.750000000 ) 

    1    1
  0.21905038  0.00000000    0.00000000  0.01256380    0.00000000 -0.00022617
  0.00000000 -0.01256380    0.27069729  0.00000000   -0.00306255  0.00000000
  0.00000000  0.00022617   -0.00306255  0.00000000    0.21212992  0.00000000
    1    2
 -0.05447413  0.05447413    0.01579560  0.01579560   -0.10181787 -0.10181787
  0.01579560  0.01579560   -0.05818900  0.05818900   -0.03742042  0.03742042
 -0.10181787 -0.10181787   -0.03742042  0.03742042   -0.05213391  0.05213391
    2    1
 -0.05447413 -0.05447413    0.01579560 -0.01579560   -0.10181787  0.10181787
  0.01579560 -0.01579560   -0.05818900 -0.05818900   -0.03742042 -0.03742042
 -0.10181787  0.10181787   -0.03742042 -0.03742042   -0.05213391 -0.05213391
    2    2
  0.21905038  0.00000000    0.00000000 -0.01256380    0.00000000  0.00022617
  0.00000000  0.01256380    0.27069729  0.00000000   -0.00306255  0.00000000
  0.00000000 -0.00022617   -0.00306255  0.00000000    0.21212992  0.00000000

     Dynamical  Matrix in cartesian axes

     q = (   -0.750000000  -0.250000000  -1.000000000 ) 

    1    1
  0.21212992  0.00000000    0.00306255  0.00000000    0.00000000  0.00022617
  0.00306255  0.00000000    0.27069729  0.00000000    0.00000000  0.01256380
  0.00000000 -0.00022617    0.00000000 -0.01256380    0.21905038  0.00000000
    1    2
  0.00000000  0.07372848    0.00000000 -0.05292047   -0.14399222  0.00000000
  0.00000000 -0.05292047    0.00000000  0.08229168   -0.02233835  0.00000000
 -0.14399222  0.00000000   -0.02233835  0.00000000    0.00000000  0.07703805
    2    1
  0.00000000 -0.07372848    0.00000000  0.05292047   -0.14399222  0.00000000
  0.00000000  0.05292047    0.00000000 -0.08229168   -0.02233835  0.00000000
 -0.14399222  0.00000000   -0.02233835  0.00000000    0.00000000 -0.07703805
    2    2
  0.21212992  0.00000000    0.00306255  0.00000000    0.00000000 -0.00022617
  0.00306255  0.00000000    0.27069729  0.00000000    0.00000000 -0.01256380
  0.00000000  0.00022617    0.00000000  0.01256380    0.21905038  0.00000000

     Dynamical  Matrix in cartesian axes

     q = (   -1.000000000   0.250000000  -0.750000000 ) 

    1    1
  0.21905038  0.00000000    0.00000000 -0.01256380    0.00000000  0.00022617
  0.00000000  0.01256380    0.27069729  0.00000000   -0.00306255  0.00000000
  0.00000000 -0.00022617   -0.00306255  0.00000000    0.21212992  0.00000000
    1    2
 -0.05447413 -0.05447413    0.01579560 -0.01579560   -0.10181787  0.10181787
  0.01579560 -0.01579560   -0.05818900 -0.05818900   -0.03742042 -0.03742042
 -0.10181787  0.10181787   -0.03742042 -0.03742042   -0.05213391 -0.05213391
    2    1
 -0.05447413  0.05447413    0.01579560  0.01579560   -0.10181787 -0.10181787
  0.01579560  0.01579560   -0.05818900  0.05818900   -0.03742042  0.03742042
 -0.10181787 -0.10181787   -0.03742042  0.03742042   -0.05213391  0.05213391
    2    2
  0.21905038  0.00000000    0.00000000  0.01256380    0.00000000 -0.00022617
  0.00000000 -0.01256380    0.27069729  0.00000000   -0.00306255  0.00000000
  0.00000000  0.00022617   -0.00306255  0.00000000    0.21212992  0.00000000

     Dynamical  Matrix in cartesian axes

     q = (   -0.750000000   0.250000000   1.000000000 ) 

    1    1
  0.21212992  0.00000000   -0.00306255  0.00000000    0.00000000 -0.00022617
 -0.00306255  0.00000000    0.27069729  0.00000000    0.00000000  0.01256380
  0.00000000  0.00022617    0.00000000 -0.01256380    0.21905038  0.00000000
    1    2
 -0.05213391 -0.05213391   -0.03742042 -0.03742042   -0.10181787  0.10181787
 -0.03742042 -0.03742042   -0.05818900 -0.05818900    0.01579560 -0.01579560
 -0.10181787  0.10181787    0.01579560 -0.01579560   -0.05447413 -0.05447413
    2    1
 -0.05213391  0.05213391   -0.03742042  0.03742042   -0.10181787 -0.10181787
 -0.03742042  0.03742042   -0.05818900  0.05818900    0.01579560  0.01579560
 -0.10181787 -0.10181787    0.01579560  0.01579560   -0.05447413  0.05447413
    2    2
  0.21212992  0.00000000   -0.00306255  0.00000000    0.00000000  0.00022617
 -0.00306255  0.00000000    0.27069729  0.00000000    0.00000000 -0.01256380
  0.00000000 -0.00022617    0.00000000  0.01256380    0.21905038  0.00000000

     Dynamical  Matrix in cartesian axes

     q = (   -0.250000000   1.000000000   0.750000000 ) 

    1    1
  0.27069729  0.00000000    0.00000000 -0.01256380   -0.00306255  0.00000000
  0.00000000  0.01256380    0.21905038  0.00000000    0.00000000 -0.00022617
 -0.00306255  0.00000000    0.00000000  0.00022617    0.21212992  0.00000000
    1    2
 -0.05818900  0.05818900    0.01579560  0.01579560   -0.03742042  0.03742042
  0.01579560  0.01579560   -0.05447413  0.05447413   -0.10181787 -0.10181787
 -0.03742042  0.03742042   -0.10181787 -0.10181787   -0.05213391  0.05213391
    2    1
 -0.05818900 -0.05818900    0.01579560 -0.01579560   -0.03742042 -0.03742042
  0.01579560 -0.01579560   -0.05447413 -0.05447413   -0.10181787  0.10181787
 -0.03742042 -0.03742042   -0.10181787  0.10181787   -0.05213391 -0.05213391
    2    2
  0.27069729  0.00000000    0.00000000  0.01256380   -0.00306255  0.00000000
  0.00000000 -0.01256380    0.21905038  0.00000000    0.00000000  0.00022617
 -0.00306255  0.00000000    0.00000000 -0.00022617    0.21212992  0.00000000

     Dynamical  Matrix in cartesian axes

     q = (    0.250000000   1.000000000  -0.750000000 ) 

    1    1
  0.27069729  0.00000000    0.00000000  0.01256380   -0.00306255  0.00000000
  0.00000000 -0.01256380    0.21905038  0.00000000    0.00000000  0.00022617
 -0.00306255  0.00000000    0.00000000 -0.00022617    0.21212992  0.00000000
    1    2
 -0.05818900 -0.05818900    0.01579560 -0.01579560   -0.03742042 -0.03742042
  0.01579560 -0.01579560   -0.05447413 -0.05447413   -0.10181787  0.10181787
 -0.03742042 -0.03742042   -0.10181787  0.10181787   -0.05213391 -0.05213391
    2    1
 -0.05818900  0.05818900    0.01579560  0.01579560   -0.03742042  0.03742042
  0.01579560  0.01579560   -0.05447413  0.05447413   -0.10181787 -0.10181787
 -0.03742042  0.03742042   -0.10181787 -0.10181787   -0.05213391  0.05213391
    2    2
  0.27069729  0.00000000    0.00000000 -0.01256380   -0.00306255  0.00000000
  0.00000000  0.01256380    0.21905038  0.00000000    0.00000000 -0.00022617
 -0.00306255  0.00000000    0.00000000  0.00022617    0.21212992  0.00000000

     Dynamical  Matrix in cartesian axes

     q = (   -0.250000000  -1.000000000  -0.750000000 ) 

    1    1
  0.27069729  0.00000000    0.00000000  0.01256380    0.00306255  0.00000000
  0.00000000 -0.01256380    0.21905038  0.00000000    0.00000000 -0.00022617
  0.00306255  0.00000000    0.00000000  0.00022617    0.21212992  0.00000000
    1    2
  0.00000000  0.08229168   -0.02233835  0.00000000    0.00000000 -0.05292047
 -0.02233835  0.00000000    0.00000000  0.07703805   -0.14399222  0.00000000
  0.00000000 -0.05292047   -0.14399222  0.00000000    0.00000000  0.07372848
    2    1
  0.00000000 -0.08229168   -0.02233835  0.00000000    0.00000000  0.05292047
 -0.02233835  0.00000000    0.00000000 -0.07703805   -0.14399222  0.00000000
  0.00000000  0.05292047   -0.14399222  0.00000000    0.00000000 -0.07372848
    2    2
  0.27069729  0.00000000    0.00000000 -0.01256380    0.00306255  0.00000000
  0.00000000  0.01256380    0.21905038  0.00000000    0.00000000  0.00022617
  0.00306255  0.00000000    0.00000000 -0.00022617    0.21212992  0.00000000

     Dynamical  Matrix in cartesian axes

     q = (   -0.250000000   0.750000000  -1.000000000 ) 

    1    1
  0.27069729  0.00000000   -0.00306255  0.00000000    0.00000000 -0.01256380
 -0.00306255  0.00000000    0.21212992  0.00000000    0.00000000  0.00022617
  0.00000000  0.01256380    0.00000000 -0.00022617    0.21905038  0.00000000
    1    2
 -0.05818900  0.05818900   -0.03742042  0.03742042    0.01579560  0.01579560
 -0.03742042  0.03742042   -0.05213391  0.05213391   -0.10181787 -0.10181787
  0.01579560  0.01579560   -0.10181787 -0.10181787   -0.05447413  0.05447413
    2    1
 -0.05818900 -0.05818900   -0.03742042 -0.03742042    0.01579560 -0.01579560
 -0.03742042 -0.03742042   -0.05213391 -0.05213391   -0.10181787  0.10181787
  0.01579560 -0.01579560   -0.10181787  0.10181787   -0.05447413 -0.05447413
    2    2
  0.27069729  0.00000000   -0.00306255  0.00000000    0.00000000  0.01256380
 -0.00306255  0.00000000    0.21212992  0.00000000    0.00000000 -0.00022617
  0.00000000 -0.01256380    0.00000000  0.00022617    0.21905038  0.00000000

     Dynamical  Matrix in cartesian axes

     q = (    1.000000000   0.750000000  -0.250000000 ) 

    1    1
  0.21905038  0.00000000    0.00000000 -0.00022617    0.00000000  0.01256380
  0.00000000  0.00022617    0.21212992  0.00000000   -0.00306255  0.00000000
  0.00000000 -0.01256380   -0.00306255  0.00000000    0.27069729  0.00000000
    1    2
 -0.05447413  0.05447413   -0.10181787 -0.10181787    0.01579560  0.01579560
 -0.10181787 -0.10181787   -0.05213391  0.05213391   -0.03742042  0.03742042
  0.01579560  0.01579560   -0.03742042  0.03742042   -0.05818900  0.05818900
    2    1
 -0.05447413 -0.05447413   -0.10181787  0.10181787    0.01579560 -0.01579560
 -0.10181787  0.10181787   -0.05213391 -0.05213391   -0.03742042 -0.03742042
  0.01579560 -0.01579560   -0.03742042 -0.03742042   -0.05818900 -0.05818900
    2    2
  0.21905038  0.00000000    0.00000000  0.00022617    0.00000000 -0.01256380
  0.00000000 -0.00022617    0.21212992  0.00000000   -0.00306255  0.00000000
  0.00000000  0.01256380   -0.00306255  0.00000000    0.27069729  0.00000000

     Dynamical  Matrix in cartesian axes

     q = (   -1.000000000  -0.750000000  -0.250000000 ) 

    1    1
  0.21905038  0.00000000    0.00000000 -0.00022617    0.00000000 -0.01256380
  0.00000000  0.00022617    0.21212992  0.00000000    0.00306255  0.00000000
  0.00000000  0.01256380    0.00306255  0.00000000    0.27069729  0.00000000
    1    2
  0.00000000  0.07703805   -0.14399222  0.00000000   -0.02233835  0.00000000
 -0.14399222  0.00000000    0.00000000  0.07372848    0.00000000 -0.05292047
 -0.02233835  0.00000000    0.00000000 -0.05292047    0.00000000  0.08229168
    2    1
  0.00000000 -0.07703805   -0.14399222  0.00000000   -0.02233835  0.00000000
 -0.14399222  0.00000000    0.00000000 -0.07372848    0.00000000  0.05292047
 -0.02233835  0.00000000    0.00000000  0.05292047    0.00000000 -0.08229168
    2    2
  0.21905038  0.00000000    0.00000000  0.00022617    0.00000000  0.01256380
  0.00000000 -0.00022617    0.21212992  0.00000000    0.00306255  0.00000000
  0.00000000 -0.01256380    0.00306255  0.00000000    0.27069729  0.00000000

     Dynamical  Matrix in cartesian axes

     q = (   -1.000000000   0.750000000   0.250000000 ) 

    1    1
  0.21905038  0.00000000    0.00000000  0.00022617    0.00000000  0.01256380
  0.00000000 -0.00022617    0.21212992  0.00000000    0.00306255  0.00000000
  0.00000000 -0.01256380    0.00306255  0.00000000    0.27069729  0.00000000
    1    2
  0.00000000 -0.07703805   -0.14399222  0.00000000   -0.02233835  0.00000000
 -0.14399222  0.00000000    0.00000000 -0.07372848    0.00000000  0.05292047
 -0.02233835  0.00000000    0.00000000  0.05292047    0.00000000 -0.08229168
    2    1
  0.00000000  0.07703805   -0.14399222  0.00000000   -0.02233835  0.00000000
 -0.14399222  0.00000000    0.00000000  0.07372848    0.00000000 -0.05292047
 -0.02233835  0.00000000    0.00000000 -0.05292047    0.00000000  0.08229168
    2    2
  0.21905038  0.00000000    0.00000000 -0.00022617    0.00000000 -0.01256380
  0.00000000  0.00022617    0.21212992  0.00000000    0.00306255  0.00000000
  0.00000000  0.01256380    0.00306255  0.00000000    0.27069729  0.00000000

     Dynamical  Matrix in cartesian axes

     q = (    0.250000000  -0.750000000   1.000000000 ) 

    1    1
  0.27069729  0.00000000   -0.00306255  0.00000000    0.00000000  0.01256380
 -0.00306255  0.00000000    0.21212992  0.00000000    0.00000000 -0.00022617
  0.00000000 -0.01256380    0.00000000  0.00022617    0.21905038  0.00000000
    1    2
 -0.05818900 -0.05818900   -0.03742042 -0.03742042    0.01579560 -0.01579560
 -0.03742042 -0.03742042   -0.05213391 -0.05213391   -0.10181787  0.10181787
  0.01579560 -0.01579560   -0.10181787  0.10181787   -0.05447413 -0.05447413
    2    1
 -0.05818900  0.05818900   -0.03742042  0.03742042    0.01579560  0.01579560
 -0.03742042  0.03742042   -0.05213391  0.05213391   -0.10181787 -0.10181787
  0.01579560  0.01579560   -0.10181787 -0.10181787   -0.05447413  0.05447413
    2    2
  0.27069729  0.00000000   -0.00306255  0.00000000    0.00000000 -0.01256380
 -0.00306255  0.00000000    0.21212992  0.00000000    0.00000000  0.00022617
  0.00000000  0.01256380    0.00000000 -0.00022617    0.21905038  0.00000000

     Dynamical  Matrix in cartesian axes

     q = (    0.250000000  -1.000000000   0.750000000 ) 

    1    1
  0.27069729  0.00000000    0.00000000 -0.01256380    0.00306255  0.00000000
  0.00000000  0.01256380    0.21905038  0.00000000    0.00000000  0.00022617
  0.00306255  0.00000000    0.00000000 -0.00022617    0.21212992  0.00000000
    1    2
  0.00000000 -0.08229168   -0.02233835  0.00000000    0.00000000  0.05292047
 -0.02233835  0.00000000    0.00000000 -0.07703805   -0.14399222  0.00000000
  0.00000000  0.05292047   -0.14399222  0.00000000    0.00000000 -0.07372848
    2    1
  0.00000000  0.08229168   -0.02233835  0.00000000    0.00000000 -0.05292047
 -0.02233835  0.00000000    0.00000000  0.07703805   -0.14399222  0.00000000
  0.00000000 -0.05292047   -0.14399222  0.00000000    0.00000000  0.07372848
    2    2
  0.27069729  0.00000000    0.00000000  0.01256380    0.00306255  0.00000000
  0.00000000 -0.01256380    0.21905038  0.00000000    0.00000000 -0.00022617
  0.00306255  0.00000000    0.00000000  0.00022617    0.21212992  0.00000000

     Dynamical  Matrix in cartesian axes

     q = (    0.750000000  -1.000000000   0.250000000 ) 

    1    1
  0.21212992  0.00000000    0.00000000 -0.00022617    0.00306255  0.00000000
  0.00000000  0.00022617    0.21905038  0.00000000    0.00000000  0.01256380
  0.00306255  0.00000000    0.00000000 -0.01256380    0.27069729  0.00000000
    1    2
  0.00000000 -0.07372848   -0.14399222  0.00000000    0.00000000  0.05292047
 -0.14399222  0.00000000    0.00000000 -0.07703805   -0.02233835  0.00000000
  0.00000000  0.05292047   -0.02233835  0.00000000    0.00000000 -0.08229168
    2    1
  0.00000000  0.07372848   -0.14399222  0.00000000    0.00000000 -0.05292047
 -0.14399222  0.00000000    0.00000000  0.07703805   -0.02233835  0.00000000
  0.00000000 -0.05292047   -0.02233835  0.00000000    0.00000000  0.08229168
    2    2
  0.21212992  0.00000000    0.00000000  0.00022617    0.00306255  0.00000000
  0.00000000 -0.00022617    0.21905038  0.00000000    0.00000000 -0.01256380
  0.00306255  0.00000000    0.00000000  0.01256380    0.27069729  0.00000000

     Dynamical  Matrix in cartesian axes

     q = (    0.250000000   0.750000000   1.000000000 ) 

    1    1
  0.27069729  0.00000000    0.00306255  0.00000000    0.00000000 -0.01256380
  0.00306255  0.00000000    0.21212992  0.00000000    0.00000000 -0.00022617
  0.00000000  0.01256380    0.00000000  0.00022617    0.21905038  0.00000000
    1    2
  0.00000000 -0.08229168    0.00000000  0.05292047   -0.02233835  0.00000000
  0.00000000  0.05292047    0.00000000 -0.07372848   -0.14399222  0.00000000
 -0.02233835  0.00000000   -0.14399222  0.00000000    0.00000000 -0.07703805
    2    1
  0.00000000  0.08229168    0.00000000 -0.05292047   -0.02233835  0.00000000
  0.00000000 -0.05292047    0.00000000  0.07372848   -0.14399222  0.00000000
 -0.02233835  0.00000000   -0.14399222  0.00000000    0.00000000  0.07703805
    2    2
  0.27069729  0.00000000    0.00306255  0.00000000    0.00000000  0.01256380
  0.00306255  0.00000000    0.21212992  0.00000000    0.00000000  0.00022617
  0.00000000 -0.01256380    0.00000000 -0.00022617    0.21905038  0.00000000

     Dynamical  Matrix in cartesian axes

     q = (   -0.250000000  -0.750000000  -1.000000000 ) 

    1    1
  0.27069729  0.00000000    0.00306255  0.00000000    0.00000000  0.01256380
  0.00306255  0.00000000    0.21212992  0.00000000    0.00000000  0.00022617
  0.00000000 -0.01256380    0.00000000 -0.00022617    0.21905038  0.00000000
    1    2
  0.00000000  0.08229168    0.00000000 -0.05292047   -0.02233835  0.00000000
  0.00000000 -0.05292047    0.00000000  0.07372848   -0.14399222  0.00000000
 -0.02233835  0.00000000   -0.14399222  0.00000000    0.00000000  0.07703805
    2    1
  0.00000000 -0.08229168    0.00000000  0.05292047   -0.02233835  0.00000000
  0.00000000  0.05292047    0.00000000 -0.07372848   -0.14399222  0.00000000
 -0.02233835  0.00000000   -0.14399222  0.00000000    0.00000000 -0.07703805
    2    2
  0.27069729  0.00000000    0.00306255  0.00000000    0.00000000 -0.01256380
  0.00306255  0.00000000    0.21212992  0.00000000    0.00000000 -0.00022617
  0.00000000  0.01256380    0.00000000  0.00022617    0.21905038  0.00000000

     Dynamical  Matrix in cartesian axes

     q = (   -0.750000000  -1.000000000   0.250000000 ) 

    1    1
  0.21212992  0.00000000    0.00000000 -0.00022617   -0.00306255  0.00000000
  0.00000000  0.00022617    0.21905038  0.00000000    0.00000000 -0.01256380
 -0.00306255  0.00000000    0.00000000  0.01256380    0.27069729  0.00000000
    1    2
 -0.05213391 -0.05213391   -0.10181787  0.10181787   -0.03742042 -0.03742042
 -0.10181787  0.10181787   -0.05447413 -0.05447413    0.01579560 -0.01579560
 -0.03742042 -0.03742042    0.01579560 -0.01579560   -0.05818900 -0.05818900
    2    1
 -0.05213391  0.05213391   -0.10181787 -0.10181787   -0.03742042  0.03742042
 -0.10181787 -0.10181787   -0.05447413  0.05447413    0.01579560  0.01579560
 -0.03742042  0.03742042    0.01579560  0.01579560   -0.05818900  0.05818900
    2    2
  0.21212992  0.00000000    0.00000000  0.00022617   -0.00306255  0.00000000
  0.00000000 -0.00022617    0.21905038  0.00000000    0.00000000  0.01256380
 -0.00306255  0.00000000    0.00000000 -0.01256380    0.27069729  0.00000000

     Dynamical  Matrix in cartesian axes

     q = (    1.000000000  -0.750000000   0.250000000 ) 

    1    1
  0.21905038  0.00000000    0.00000000  0.00022617    0.00000000 -0.01256380
  0.00000000 -0.00022617    0.21212992  0.00000000   -0.00306255  0.00000000
  0.00000000  0.01256380   -0.00306255  0.00000000    0.27069729  0.00000000
    1    2
 -0.05447413 -0.05447413   -0.10181787  0.10181787    0.01579560 -0.01579560
 -0.10181787  0.10181787   -0.05213391 -0.05213391   -0.03742042 -0.03742042
  0.01579560 -0.01579560   -0.03742042 -0.03742042   -0.05818900 -0.05818900
    2    1
 -0.05447413  0.05447413   -0.10181787 -0.10181787    0.01579560  0.01579560
 -0.10181787 -0.10181787   -0.05213391  0.05213391   -0.03742042  0.03742042
  0.01579560  0.01579560   -0.03742042  0.03742042   -0.05818900  0.05818900
    2    2
  0.21905038  0.00000000    0.00000000 -0.00022617    0.00000000  0.01256380
  0.00000000  0.00022617    0.21212992  0.00000000   -0.00306255  0.00000000
  0.00000000 -0.01256380   -0.00306255  0.00000000    0.27069729  0.00000000

     Dynamical  Matrix in cartesian axes

     q = (    0.750000000   1.000000000  -0.250000000 ) 

    1    1
  0.21212992  0.00000000    0.00000000  0.00022617   -0.00306255  0.00000000
  0.00000000 -0.00022617    0.21905038  0.00000000    0.00000000  0.01256380
 -0.00306255  0.00000000    0.00000000 -0.01256380    0.27069729  0.00000000
    1    2
 -0.05213391  0.05213391   -0.10181787 -0.10181787   -0.03742042  0.03742042
 -0.10181787 -0.10181787   -0.05447413  0.05447413    0.01579560  0.01579560
 -0.03742042  0.03742042    0.01579560  0.01579560   -0.05818900  0.05818900
    2    1
 -0.05213391 -0.05213391   -0.10181787  0.10181787   -0.03742042 -0.03742042
 -0.10181787  0.10181787   -0.05447413 -0.05447413    0.01579560 -0.01579560
 -0.03742042 -0.03742042    0.01579560 -0.01579560   -0.05818900 -0.05818900
    2    2
  0.21212992  0.00000000    0.00000000 -0.00022617   -0.00306255  0.00000000
  0.00000000  0.00022617    0.21905038  0.00000000    0.00000000 -0.01256380
 -0.00306255  0.00000000    0.00000000  0.01256380    0.27069729  0.00000000

     Dynamical  Matrix in cartesian axes

     q = (   -0.750000000  -1.000000000  -0.250000000 ) 

    1    1
  0.21212992  0.00000000    0.00000000  0.00022617    0.00306255  0.00000000
  0.00000000 -0.00022617    0.21905038  0.00000000    0.00000000 -0.01256380
  0.00306255  0.00000000    0.00000000  0.01256380    0.27069729  0.00000000
    1    2
  0.00000000  0.07372848   -0.14399222  0.00000000    0.00000000 -0.05292047
 -0.14399222  0.00000000    0.00000000  0.07703805   -0.02233835  0.00000000
  0.00000000 -0.05292047   -0.02233835  0.00000000    0.00000000  0.08229168
    2    1
  0.00000000 -0.07372848   -0.14399222  0.00000000    0.00000000  0.05292047
 -0.14399222  0.00000000    0.00000000 -0.07703805   -0.02233835  0.00000000
  0.00000000  0.05292047   -0.02233835  0.00000000    0.00000000 -0.08229168
    2    2
  0.21212992  0.00000000    0.00000000 -0.00022617    0.00306255  0.00000000
  0.00000000  0.00022617    0.21905038  0.00000000    0.00000000  0.01256380
  0.00306255  0.00000000    0.00000000 -0.01256380    0.27069729  0.00000000

     Diagonalizing the dynamical matrix

     q = (    0.750000000  -0.250000000   1.000000000 ) 

 **************************************************************************
     omega( 1) =       2.740305 [THz] =      91.406728 [cm-1]
 (  0.428803  0.428803  0.111743  0.111743 -0.231606  0.231606 ) 
 (  0.000000  0.606419  0.000000  0.158029  0.327540  0.000000 ) 
     omega( 2) =       2.836664 [THz] =      94.620915 [cm-1]
 ( -0.266645 -0.266645  0.057246  0.057246 -0.419075  0.419075 ) 
 (  0.000000  0.377092  0.000000 -0.080958 -0.592661  0.000000 ) 
     omega( 3) =       5.407538 [THz] =     180.376058 [cm-1]
 (  0.028082  0.028082 -0.467981 -0.467981 -0.173795  0.173795 ) 
 (  0.000000  0.039715  0.000000 -0.661826  0.245783  0.000000 ) 
     omega( 4) =       7.321051 [THz] =     244.203971 [cm-1]
 ( -0.237448 -0.237448  0.389709  0.389709  0.204316 -0.204316 ) 
 (  0.000000  0.335802  0.000000 -0.551132  0.288946  0.000000 ) 
     omega( 5) =       8.069540 [THz] =     269.170888 [cm-1]
 (  0.255616  0.255616 -0.136040 -0.136040  0.407620 -0.407620 ) 
 (  0.000000  0.361495  0.000000 -0.192389 -0.576462  0.000000 ) 
     omega( 6) =       8.127559 [THz] =     271.106180 [cm-1]
 (  0.350027  0.350027  0.307976  0.307976 -0.180642  0.180642 ) 
 (  0.000000 -0.495013  0.000000 -0.435544 -0.255466  0.000000 ) 
 **************************************************************************
