Dynamical matrix file
                                                                           
  1    2  2 10.6000000  0.0000000  0.0000000  0.0000000  0.0000000  0.0000000
           1  'Ge  '    66179.9664212243     
    1    1      0.0000000      0.0000000      0.0000000
    2    1      0.2500000      0.2500000      0.2500000

     Dynamical  Matrix in cartesian axes

     q = (    0.625000000  -0.375000000   0.875000000 ) 

    1    1
  0.21921367  0.00000000   -0.00590573  0.00161349    0.00329981  0.00157007
 -0.00590573 -0.00161349    0.24772743  0.00000000   -0.00493349 -0.01199557
  0.00329981 -0.00157007   -0.00493349  0.01199557    0.23374444  0.00000000
    1    2
 -0.09113933  0.03954731   -0.06698745  0.03013195   -0.00936586 -0.10955046
 -0.06698745  0.03013195   -0.09570733  0.04828904   -0.01187919  0.05118320
 -0.00936586 -0.10955046   -0.01187919  0.05118320   -0.10167332  0.04314689
    2    1
 -0.09113933 -0.03954731   -0.06698745 -0.03013195   -0.00936586  0.10955046
 -0.06698745 -0.03013195   -0.09570733 -0.04828904   -0.01187919 -0.05118320
 -0.00936586  0.10955046   -0.01187919 -0.05118320   -0.10167332 -0.04314689
    2    2
  0.21921367  0.00000000   -0.00590573 -0.00161349    0.00329981 -0.00157007
 -0.00590573  0.00161349    0.24772743  0.00000000   -0.00493349  0.01199557
  0.00329981  0.00157007   -0.00493349 -0.01199557    0.23374444  0.00000000

     Dynamical  Matrix in cartesian axes

     q = (    0.625000000  -0.375000000  -0.875000000 ) 

    1    1
  0.21921367  0.00000000   -0.00590573 -0.00161349   -0.00329981  0.00157007
 -0.00590573  0.00161349    0.24772743  0.00000000    0.00493349 -0.01199557
 -0.00329981 -0.00157007    0.00493349  0.01199557    0.23374444  0.00000000
    1    2
 -0.09240941  0.03648107   -0.06867379  0.02606078   -0.07084122 -0.08408653
 -0.06867379  0.02606078   -0.10182081  0.03352980    0.04459184  0.02779213
 -0.07084122 -0.08408653    0.04459184  0.02779213   -0.10240335  0.04138444
    2    1
 -0.09240941 -0.03648107   -0.06867379 -0.02606078   -0.07084122  0.08408653
 -0.06867379 -0.02606078   -0.10182081 -0.03352980    0.04459184 -0.02779213
 -0.07084122  0.08408653    0.04459184 -0.02779213   -0.10240335 -0.04138444
    2    2
  0.21921367  0.00000000   -0.00590573  0.00161349   -0.00329981 -0.00157007
 -0.00590573 -0.00161349    0.24772743  0.00000000    0.00493349  0.01199557
 -0.00329981  0.00157007    0.00493349 -0.01199557    0.23374444  0.00000000

     Dynamical  Matrix in cartesian axes

     q = (    0.875000000   0.375000000   0.625000000 ) 

    1    1
  0.23374444  0.00000000    0.00493349  0.01199557    0.00329981  0.00157007
  0.00493349 -0.01199557    0.24772743  0.00000000    0.00590573 -0.00161349
  0.00329981 -0.00157007    0.00590573  0.00161349    0.21921367  0.00000000
    1    2
  0.04314689 -0.10167332   -0.05118320  0.01187919   -0.10955046 -0.00936586
 -0.05118320  0.01187919    0.04828904 -0.09570733   -0.03013195  0.06698745
 -0.10955046 -0.00936586   -0.03013195  0.06698745    0.03954731 -0.09113933
    2    1
  0.04314689  0.10167332   -0.05118320 -0.01187919   -0.10955046  0.00936586
 -0.05118320 -0.01187919    0.04828904  0.09570733   -0.03013195 -0.06698745
 -0.10955046  0.00936586   -0.03013195 -0.06698745    0.03954731  0.09113933
    2    2
  0.23374444  0.00000000    0.00493349 -0.01199557    0.00329981 -0.00157007
  0.00493349  0.01199557    0.24772743  0.00000000    0.00590573  0.00161349
  0.00329981  0.00157007    0.00590573 -0.00161349    0.21921367  0.00000000

     Dynamical  Matrix in cartesian axes

     q = (    0.625000000   0.375000000   0.875000000 ) 

    1    1
  0.21921367  0.00000000    0.00590573  0.00161349    0.00329981 -0.00157007
  0.00590573 -0.00161349    0.24772743  0.00000000    0.00493349 -0.01199557
  0.00329981  0.00157007    0.00493349  0.01199557    0.23374444  0.00000000
    1    2
  0.03954731 -0.09113933   -0.03013195  0.06698745   -0.10955046 -0.00936586
 -0.03013195  0.06698745    0.04828904 -0.09570733   -0.05118320  0.01187919
 -0.10955046 -0.00936586   -0.05118320  0.01187919    0.04314689 -0.10167332
    2    1
  0.03954731  0.09113933   -0.03013195 -0.06698745   -0.10955046  0.00936586
 -0.03013195 -0.06698745    0.04828904  0.09570733   -0.05118320 -0.01187919
 -0.10955046  0.00936586   -0.05118320 -0.01187919    0.04314689  0.10167332
    2    2
  0.21921367  0.00000000    0.00590573 -0.00161349    0.00329981  0.00157007
  0.00590573  0.00161349    0.24772743  0.00000000    0.00493349  0.01199557
  0.00329981 -0.00157007    0.00493349 -0.01199557    0.23374444  0.00000000

     Dynamical  Matrix in cartesian axes

     q = (    0.875000000  -0.375000000  -0.625000000 ) 

    1    1
  0.23374444  0.00000000   -0.00493349 -0.01199557   -0.00329981 -0.00157007
 -0.00493349  0.01199557    0.24772743  0.00000000    0.00590573 -0.00161349
 -0.00329981  0.00157007    0.00590573  0.00161349    0.21921367  0.00000000
    1    2
 -0.04314689  0.10167332   -0.05118320  0.01187919   -0.10955046 -0.00936586
 -0.05118320  0.01187919   -0.04828904  0.09570733    0.03013195 -0.06698745
 -0.10955046 -0.00936586    0.03013195 -0.06698745   -0.03954731  0.09113933
    2    1
 -0.04314689 -0.10167332   -0.05118320 -0.01187919   -0.10955046  0.00936586
 -0.05118320 -0.01187919   -0.04828904 -0.09570733    0.03013195  0.06698745
 -0.10955046  0.00936586    0.03013195  0.06698745   -0.03954731 -0.09113933
    2    2
  0.23374444  0.00000000   -0.00493349  0.01199557   -0.00329981  0.00157007
 -0.00493349 -0.01199557    0.24772743  0.00000000    0.00590573  0.00161349
 -0.00329981 -0.00157007    0.00590573 -0.00161349    0.21921367  0.00000000

     Dynamical  Matrix in cartesian axes

     q = (    0.875000000  -0.375000000   0.625000000 ) 

    1    1
  0.23374444  0.00000000   -0.00493349  0.01199557    0.00329981 -0.00157007
 -0.00493349 -0.01199557    0.24772743  0.00000000   -0.00590573 -0.00161349
  0.00329981  0.00157007   -0.00590573  0.00161349    0.21921367  0.00000000
    1    2
 -0.10167332  0.04314689   -0.01187919  0.05118320   -0.00936586 -0.10955046
 -0.01187919  0.05118320   -0.09570733  0.04828904   -0.06698745  0.03013195
 -0.00936586 -0.10955046   -0.06698745  0.03013195   -0.09113933  0.03954731
    2    1
 -0.10167332 -0.04314689   -0.01187919 -0.05118320   -0.00936586  0.10955046
 -0.01187919 -0.05118320   -0.09570733 -0.04828904   -0.06698745 -0.03013195
 -0.00936586  0.10955046   -0.06698745 -0.03013195   -0.09113933 -0.03954731
    2    2
  0.23374444  0.00000000   -0.00493349 -0.01199557    0.00329981  0.00157007
 -0.00493349  0.01199557    0.24772743  0.00000000   -0.00590573  0.00161349
  0.00329981 -0.00157007   -0.00590573 -0.00161349    0.21921367  0.00000000

     Dynamical  Matrix in cartesian axes

     q = (   -0.875000000  -0.375000000   0.625000000 ) 

    1    1
  0.23374444  0.00000000    0.00493349  0.01199557   -0.00329981 -0.00157007
  0.00493349 -0.01199557    0.24772743  0.00000000   -0.00590573  0.00161349
 -0.00329981  0.00157007   -0.00590573 -0.00161349    0.21921367  0.00000000
    1    2
 -0.10240335  0.04138444    0.04459184  0.02779213   -0.07084122 -0.08408653
  0.04459184  0.02779213   -0.10182081  0.03352980   -0.06867379  0.02606078
 -0.07084122 -0.08408653   -0.06867379  0.02606078   -0.09240941  0.03648107
    2    1
 -0.10240335 -0.04138444    0.04459184 -0.02779213   -0.07084122  0.08408653
  0.04459184 -0.02779213   -0.10182081 -0.03352980   -0.06867379 -0.02606078
 -0.07084122  0.08408653   -0.06867379 -0.02606078   -0.09240941 -0.03648107
    2    2
  0.23374444  0.00000000    0.00493349 -0.01199557   -0.00329981  0.00157007
  0.00493349  0.01199557    0.24772743  0.00000000   -0.00590573 -0.00161349
 -0.00329981 -0.00157007   -0.00590573  0.00161349    0.21921367  0.00000000

     Dynamical  Matrix in cartesian axes

     q = (   -0.625000000  -0.375000000  -0.875000000 ) 

    1    1
  0.21921367  0.00000000    0.00590573 -0.00161349    0.00329981  0.00157007
  0.00590573  0.00161349    0.24772743  0.00000000    0.00493349  0.01199557
  0.00329981 -0.00157007    0.00493349 -0.01199557    0.23374444  0.00000000
    1    2
  0.03954731  0.09113933   -0.03013195 -0.06698745   -0.10955046  0.00936586
 -0.03013195 -0.06698745    0.04828904  0.09570733   -0.05118320 -0.01187919
 -0.10955046  0.00936586   -0.05118320 -0.01187919    0.04314689  0.10167332
    2    1
  0.03954731 -0.09113933   -0.03013195  0.06698745   -0.10955046 -0.00936586
 -0.03013195  0.06698745    0.04828904 -0.09570733   -0.05118320  0.01187919
 -0.10955046 -0.00936586   -0.05118320  0.01187919    0.04314689 -0.10167332
    2    2
  0.21921367  0.00000000    0.00590573  0.00161349    0.00329981 -0.00157007
  0.00590573 -0.00161349    0.24772743  0.00000000    0.00493349 -0.01199557
  0.00329981  0.00157007    0.00493349  0.01199557    0.23374444  0.00000000

     Dynamical  Matrix in cartesian axes

     q = (   -0.875000000   0.375000000  -0.625000000 ) 

    1    1
  0.23374444  0.00000000   -0.00493349 -0.01199557    0.00329981  0.00157007
 -0.00493349  0.01199557    0.24772743  0.00000000   -0.00590573  0.00161349
  0.00329981 -0.00157007   -0.00590573 -0.00161349    0.21921367  0.00000000
    1    2
 -0.10167332 -0.04314689   -0.01187919 -0.05118320   -0.00936586  0.10955046
 -0.01187919 -0.05118320   -0.09570733 -0.04828904   -0.06698745 -0.03013195
 -0.00936586  0.10955046   -0.06698745 -0.03013195   -0.09113933 -0.03954731
    2    1
 -0.10167332  0.04314689   -0.01187919  0.05118320   -0.00936586 -0.10955046
 -0.01187919  0.05118320   -0.09570733  0.04828904   -0.06698745  0.03013195
 -0.00936586 -0.10955046   -0.06698745  0.03013195   -0.09113933  0.03954731
    2    2
  0.23374444  0.00000000   -0.00493349  0.01199557    0.00329981 -0.00157007
 -0.00493349 -0.01199557    0.24772743  0.00000000   -0.00590573 -0.00161349
  0.00329981  0.00157007   -0.00590573  0.00161349    0.21921367  0.00000000

     Dynamical  Matrix in cartesian axes

     q = (   -0.625000000  -0.375000000   0.875000000 ) 

    1    1
  0.21921367  0.00000000    0.00590573  0.00161349   -0.00329981  0.00157007
  0.00590573 -0.00161349    0.24772743  0.00000000   -0.00493349  0.01199557
 -0.00329981 -0.00157007   -0.00493349 -0.01199557    0.23374444  0.00000000
    1    2
 -0.03954731  0.09113933    0.03013195 -0.06698745   -0.10955046 -0.00936586
  0.03013195 -0.06698745   -0.04828904  0.09570733   -0.05118320  0.01187919
 -0.10955046 -0.00936586   -0.05118320  0.01187919   -0.04314689  0.10167332
    2    1
 -0.03954731 -0.09113933    0.03013195  0.06698745   -0.10955046  0.00936586
  0.03013195  0.06698745   -0.04828904 -0.09570733   -0.05118320 -0.01187919
 -0.10955046  0.00936586   -0.05118320 -0.01187919   -0.04314689 -0.10167332
    2    2
  0.21921367  0.00000000    0.00590573 -0.00161349   -0.00329981 -0.00157007
  0.00590573  0.00161349    0.24772743  0.00000000   -0.00493349 -0.01199557
 -0.00329981  0.00157007   -0.00493349  0.01199557    0.23374444  0.00000000

     Dynamical  Matrix in cartesian axes

     q = (   -0.875000000   0.375000000   0.625000000 ) 

    1    1
  0.23374444  0.00000000   -0.00493349  0.01199557   -0.00329981  0.00157007
 -0.00493349 -0.01199557    0.24772743  0.00000000    0.00590573  0.00161349
 -0.00329981 -0.00157007    0.00590573 -0.00161349    0.21921367  0.00000000
    1    2
 -0.04314689 -0.10167332   -0.05118320 -0.01187919   -0.10955046  0.00936586
 -0.05118320 -0.01187919   -0.04828904 -0.09570733    0.03013195  0.06698745
 -0.10955046  0.00936586    0.03013195  0.06698745   -0.03954731 -0.09113933
    2    1
 -0.04314689  0.10167332   -0.05118320  0.01187919   -0.10955046 -0.00936586
 -0.05118320  0.01187919   -0.04828904  0.09570733    0.03013195 -0.06698745
 -0.10955046 -0.00936586    0.03013195 -0.06698745   -0.03954731  0.09113933
    2    2
  0.23374444  0.00000000   -0.00493349 -0.01199557   -0.00329981 -0.00157007
 -0.00493349  0.01199557    0.24772743  0.00000000    0.00590573 -0.00161349
 -0.00329981  0.00157007    0.00590573  0.00161349    0.21921367  0.00000000

     Dynamical  Matrix in cartesian axes

     q = (    0.875000000   0.375000000  -0.625000000 ) 

    1    1
  0.23374444  0.00000000    0.00493349 -0.01199557   -0.00329981  0.00157007
  0.00493349  0.01199557    0.24772743  0.00000000   -0.00590573 -0.00161349
 -0.00329981 -0.00157007   -0.00590573  0.00161349    0.21921367  0.00000000
    1    2
 -0.10240335 -0.04138444    0.04459184 -0.02779213   -0.07084122  0.08408653
  0.04459184 -0.02779213   -0.10182081 -0.03352980   -0.06867379 -0.02606078
 -0.07084122  0.08408653   -0.06867379 -0.02606078   -0.09240941 -0.03648107
    2    1
 -0.10240335  0.04138444    0.04459184  0.02779213   -0.07084122 -0.08408653
  0.04459184  0.02779213   -0.10182081  0.03352980   -0.06867379  0.02606078
 -0.07084122 -0.08408653   -0.06867379  0.02606078   -0.09240941  0.03648107
    2    2
  0.23374444  0.00000000    0.00493349  0.01199557   -0.00329981 -0.00157007
  0.00493349 -0.01199557    0.24772743  0.00000000   -0.00590573  0.00161349
 -0.00329981  0.00157007   -0.00590573 -0.00161349    0.21921367  0.00000000

     Dynamical  Matrix in cartesian axes

     q = (   -0.625000000   0.375000000   0.875000000 ) 

    1    1
  0.21921367  0.00000000   -0.00590573  0.00161349   -0.00329981 -0.00157007
 -0.00590573 -0.00161349    0.24772743  0.00000000    0.00493349  0.01199557
 -0.00329981  0.00157007    0.00493349 -0.01199557    0.23374444  0.00000000
    1    2
 -0.09240941 -0.03648107   -0.06867379 -0.02606078   -0.07084122  0.08408653
 -0.06867379 -0.02606078   -0.10182081 -0.03352980    0.04459184 -0.02779213
 -0.07084122  0.08408653    0.04459184 -0.02779213   -0.10240335 -0.04138444
    2    1
 -0.09240941  0.03648107   -0.06867379  0.02606078   -0.07084122 -0.08408653
 -0.06867379  0.02606078   -0.10182081  0.03352980    0.04459184  0.02779213
 -0.07084122 -0.08408653    0.04459184  0.02779213   -0.10240335  0.04138444
    2    2
  0.21921367  0.00000000   -0.00590573 -0.00161349   -0.00329981  0.00157007
 -0.00590573  0.00161349    0.24772743  0.00000000    0.00493349 -0.01199557
 -0.00329981 -0.00157007    0.00493349  0.01199557    0.23374444  0.00000000

     Dynamical  Matrix in cartesian axes

     q = (   -0.875000000  -0.375000000  -0.625000000 ) 

    1    1
  0.23374444  0.00000000    0.00493349 -0.01199557    0.00329981 -0.00157007
  0.00493349  0.01199557    0.24772743  0.00000000    0.00590573  0.00161349
  0.00329981  0.00157007    0.00590573 -0.00161349    0.21921367  0.00000000
    1    2
  0.04314689  0.10167332   -0.05118320 -0.01187919   -0.10955046  0.00936586
 -0.05118320 -0.01187919    0.04828904  0.09570733   -0.03013195 -0.06698745
 -0.10955046  0.00936586   -0.03013195 -0.06698745    0.03954731  0.09113933
    2    1
  0.04314689 -0.10167332   -0.05118320  0.01187919   -0.10955046 -0.00936586
 -0.05118320  0.01187919    0.04828904 -0.09570733   -0.03013195  0.06698745
 -0.10955046 -0.00936586   -0.03013195  0.06698745    0.03954731 -0.09113933
    2    2
  0.23374444  0.00000000    0.00493349  0.01199557    0.00329981  0.00157007
  0.00493349 -0.01199557    0.24772743  0.00000000    0.00590573 -0.00161349
  0.00329981 -0.00157007    0.00590573  0.00161349    0.21921367  0.00000000

     Dynamical  Matrix in cartesian axes

     q = (    0.625000000   0.375000000  -0.875000000 ) 

    1    1
  0.21921367  0.00000000    0.00590573 -0.00161349   -0.00329981 -0.00157007
  0.00590573  0.00161349    0.24772743  0.00000000   -0.00493349 -0.01199557
 -0.00329981  0.00157007   -0.00493349  0.01199557    0.23374444  0.00000000
    1    2
 -0.03954731 -0.09113933    0.03013195  0.06698745   -0.10955046  0.00936586
  0.03013195  0.06698745   -0.04828904 -0.09570733   -0.05118320 -0.01187919
 -0.10955046  0.00936586   -0.05118320 -0.01187919   -0.04314689 -0.10167332
    2    1
 -0.03954731  0.09113933    0.03013195 -0.06698745   -0.10955046 -0.00936586
  0.03013195 -0.06698745   -0.04828904  0.09570733   -0.05118320  0.01187919
 -0.10955046 -0.00936586   -0.05118320  0.01187919   -0.04314689  0.10167332
    2    2
  0.21921367  0.00000000    0.00590573  0.00161349   -0.00329981  0.00157007
  0.00590573 -0.00161349    0.24772743  0.00000000   -0.00493349  0.01199557
 -0.00329981 -0.00157007   -0.00493349 -0.01199557    0.23374444  0.00000000

     Dynamical  Matrix in cartesian axes

     q = (   -0.625000000   0.375000000  -0.875000000 ) 

    1    1
  0.21921367  0.00000000   -0.00590573 -0.00161349    0.00329981 -0.00157007
 -0.00590573  0.00161349    0.24772743  0.00000000   -0.00493349  0.01199557
  0.00329981  0.00157007   -0.00493349 -0.01199557    0.23374444  0.00000000
    1    2
 -0.09113933 -0.03954731   -0.06698745 -0.03013195   -0.00936586  0.10955046
 -0.06698745 -0.03013195   -0.09570733 -0.04828904   -0.01187919 -0.05118320
 -0.00936586  0.10955046   -0.01187919 -0.05118320   -0.10167332 -0.04314689
    2    1
 -0.09113933  0.03954731   -0.06698745  0.03013195   -0.00936586 -0.10955046
 -0.06698745  0.03013195   -0.09570733  0.04828904   -0.01187919  0.05118320
 -0.00936586 -0.10955046   -0.01187919  0.05118320   -0.10167332  0.04314689
    2    2
  0.21921367  0.00000000   -0.00590573  0.00161349    0.00329981  0.00157007
 -0.00590573 -0.00161349    0.24772743  0.00000000   -0.00493349 -0.01199557
  0.00329981 -0.00157007   -0.00493349  0.01199557    0.23374444  0.00000000

     Dynamical  Matrix in cartesian axes

     q = (   -0.375000000   0.875000000   0.625000000 ) 

    1    1
  0.24772743  0.00000000   -0.00493349 -0.01199557   -0.00590573 -0.00161349
 -0.00493349  0.01199557    0.23374444  0.00000000    0.00329981 -0.00157007
 -0.00590573  0.00161349    0.00329981  0.00157007    0.21921367  0.00000000
    1    2
 -0.09570733  0.04828904   -0.01187919  0.05118320   -0.06698745  0.03013195
 -0.01187919  0.05118320   -0.10167332  0.04314689   -0.00936586 -0.10955046
 -0.06698745  0.03013195   -0.00936586 -0.10955046   -0.09113933  0.03954731
    2    1
 -0.09570733 -0.04828904   -0.01187919 -0.05118320   -0.06698745 -0.03013195
 -0.01187919 -0.05118320   -0.10167332 -0.04314689   -0.00936586  0.10955046
 -0.06698745 -0.03013195   -0.00936586  0.10955046   -0.09113933 -0.03954731
    2    2
  0.24772743  0.00000000   -0.00493349  0.01199557   -0.00590573  0.00161349
 -0.00493349 -0.01199557    0.23374444  0.00000000    0.00329981  0.00157007
 -0.00590573 -0.00161349    0.00329981 -0.00157007    0.21921367  0.00000000

     Dynamical  Matrix in cartesian axes

     q = (    0.375000000   0.875000000  -0.625000000 ) 

    1    1
  0.24772743  0.00000000    0.00493349  0.01199557   -0.00590573 -0.00161349
  0.00493349 -0.01199557    0.23374444  0.00000000   -0.00329981  0.00157007
 -0.00590573  0.00161349   -0.00329981 -0.00157007    0.21921367  0.00000000
    1    2
 -0.10182081 -0.03352980    0.04459184 -0.02779213   -0.06867379 -0.02606078
  0.04459184 -0.02779213   -0.10240335 -0.04138444   -0.07084122  0.08408653
 -0.06867379 -0.02606078   -0.07084122  0.08408653   -0.09240941 -0.03648107
    2    1
 -0.10182081  0.03352980    0.04459184  0.02779213   -0.06867379  0.02606078
  0.04459184  0.02779213   -0.10240335  0.04138444   -0.07084122 -0.08408653
 -0.06867379  0.02606078   -0.07084122 -0.08408653   -0.09240941  0.03648107
    2    2
  0.24772743  0.00000000    0.00493349 -0.01199557   -0.00590573  0.00161349
  0.00493349  0.01199557    0.23374444  0.00000000   -0.00329981 -0.00157007
 -0.00590573 -0.00161349   -0.00329981  0.00157007    0.21921367  0.00000000

     Dynamical  Matrix in cartesian axes

     q = (   -0.375000000  -0.875000000  -0.625000000 ) 

    1    1
  0.24772743  0.00000000    0.00493349  0.01199557    0.00590573  0.00161349
  0.00493349 -0.01199557    0.23374444  0.00000000    0.00329981 -0.00157007
  0.00590573 -0.00161349    0.00329981  0.00157007    0.21921367  0.00000000
    1    2
  0.04828904  0.09570733   -0.05118320 -0.01187919   -0.03013195 -0.06698745
 -0.05118320 -0.01187919    0.04314689  0.10167332   -0.10955046  0.00936586
 -0.03013195 -0.06698745   -0.10955046  0.00936586    0.03954731  0.09113933
    2    1
  0.04828904 -0.09570733   -0.05118320  0.01187919   -0.03013195  0.06698745
 -0.05118320  0.01187919    0.04314689 -0.10167332   -0.10955046 -0.00936586
 -0.03013195  0.06698745   -0.10955046 -0.00936586    0.03954731 -0.09113933
    2    2
  0.24772743  0.00000000    0.00493349 -0.01199557    0.00590573 -0.00161349
  0.00493349  0.01199557    0.23374444  0.00000000    0.00329981  0.00157007
  0.00590573  0.00161349    0.00329981 -0.00157007    0.21921367  0.00000000

     Dynamical  Matrix in cartesian axes

     q = (   -0.375000000   0.625000000  -0.875000000 ) 

    1    1
  0.24772743  0.00000000   -0.00590573  0.00161349    0.00493349 -0.01199557
 -0.00590573 -0.00161349    0.21921367  0.00000000   -0.00329981  0.00157007
  0.00493349  0.01199557   -0.00329981 -0.00157007    0.23374444  0.00000000
    1    2
 -0.10182081  0.03352980   -0.06867379  0.02606078    0.04459184  0.02779213
 -0.06867379  0.02606078   -0.09240941  0.03648107   -0.07084122 -0.08408653
  0.04459184  0.02779213   -0.07084122 -0.08408653   -0.10240335  0.04138444
    2    1
 -0.10182081 -0.03352980   -0.06867379 -0.02606078    0.04459184 -0.02779213
 -0.06867379 -0.02606078   -0.09240941 -0.03648107   -0.07084122  0.08408653
  0.04459184 -0.02779213   -0.07084122  0.08408653   -0.10240335 -0.04138444
    2    2
  0.24772743  0.00000000   -0.00590573 -0.00161349    0.00493349  0.01199557
 -0.00590573  0.00161349    0.21921367  0.00000000   -0.00329981 -0.00157007
  0.00493349 -0.01199557   -0.00329981  0.00157007    0.23374444  0.00000000

     Dynamical  Matrix in cartesian axes

     q = (    0.875000000   0.625000000  -0.375000000 ) 

    1    1
  0.23374444  0.00000000    0.00329981 -0.00157007   -0.00493349  0.01199557
  0.00329981  0.00157007    0.21921367  0.00000000   -0.00590573  0.00161349
 -0.00493349 -0.01199557   -0.00590573 -0.00161349    0.24772743  0.00000000
    1    2
 -0.10167332  0.04314689   -0.00936586 -0.10955046   -0.01187919  0.05118320
 -0.00936586 -0.10955046   -0.09113933  0.03954731   -0.06698745  0.03013195
 -0.01187919  0.05118320   -0.06698745  0.03013195   -0.09570733  0.04828904
    2    1
 -0.10167332 -0.04314689   -0.00936586  0.10955046   -0.01187919 -0.05118320
 -0.00936586  0.10955046   -0.09113933 -0.03954731   -0.06698745 -0.03013195
 -0.01187919 -0.05118320   -0.06698745 -0.03013195   -0.09570733 -0.04828904
    2    2
  0.23374444  0.00000000    0.00329981  0.00157007   -0.00493349 -0.01199557
  0.00329981 -0.00157007    0.21921367  0.00000000   -0.00590573 -0.00161349
 -0.00493349  0.01199557   -0.00590573  0.00161349    0.24772743  0.00000000

     Dynamical  Matrix in cartesian axes

     q = (   -0.375000000   0.875000000  -0.625000000 ) 

    1    1
  0.24772743  0.00000000   -0.00493349  0.01199557    0.00590573 -0.00161349
 -0.00493349 -0.01199557    0.23374444  0.00000000   -0.00329981 -0.00157007
  0.00590573  0.00161349   -0.00329981  0.00157007    0.21921367  0.00000000
    1    2
 -0.04828904  0.09570733   -0.05118320  0.01187919    0.03013195 -0.06698745
 -0.05118320  0.01187919   -0.04314689  0.10167332   -0.10955046 -0.00936586
  0.03013195 -0.06698745   -0.10955046 -0.00936586   -0.03954731  0.09113933
    2    1
 -0.04828904 -0.09570733   -0.05118320 -0.01187919    0.03013195  0.06698745
 -0.05118320 -0.01187919   -0.04314689 -0.10167332   -0.10955046  0.00936586
  0.03013195  0.06698745   -0.10955046  0.00936586   -0.03954731 -0.09113933
    2    2
  0.24772743  0.00000000   -0.00493349 -0.01199557    0.00590573  0.00161349
 -0.00493349  0.01199557    0.23374444  0.00000000   -0.00329981  0.00157007
  0.00590573 -0.00161349   -0.00329981 -0.00157007    0.21921367  0.00000000

     Dynamical  Matrix in cartesian axes

     q = (   -0.875000000  -0.625000000  -0.375000000 ) 

    1    1
  0.23374444  0.00000000    0.00329981 -0.00157007    0.00493349 -0.01199557
  0.00329981  0.00157007    0.21921367  0.00000000    0.00590573 -0.00161349
  0.00493349  0.01199557    0.00590573  0.00161349    0.24772743  0.00000000
    1    2
  0.04314689  0.10167332   -0.10955046  0.00936586   -0.05118320 -0.01187919
 -0.10955046  0.00936586    0.03954731  0.09113933   -0.03013195 -0.06698745
 -0.05118320 -0.01187919   -0.03013195 -0.06698745    0.04828904  0.09570733
    2    1
  0.04314689 -0.10167332   -0.10955046 -0.00936586   -0.05118320  0.01187919
 -0.10955046 -0.00936586    0.03954731 -0.09113933   -0.03013195  0.06698745
 -0.05118320  0.01187919   -0.03013195  0.06698745    0.04828904 -0.09570733
    2    2
  0.23374444  0.00000000    0.00329981  0.00157007    0.00493349  0.01199557
  0.00329981 -0.00157007    0.21921367  0.00000000    0.00590573  0.00161349
  0.00493349 -0.01199557    0.00590573 -0.00161349    0.24772743  0.00000000

     Dynamical  Matrix in cartesian axes

     q = (   -0.875000000   0.625000000   0.375000000 ) 

    1    1
  0.23374444  0.00000000   -0.00329981  0.00157007   -0.00493349  0.01199557
 -0.00329981 -0.00157007    0.21921367  0.00000000    0.00590573 -0.00161349
 -0.00493349 -0.01199557    0.00590573  0.00161349    0.24772743  0.00000000
    1    2
 -0.04314689 -0.10167332   -0.10955046  0.00936586   -0.05118320 -0.01187919
 -0.10955046  0.00936586   -0.03954731 -0.09113933    0.03013195  0.06698745
 -0.05118320 -0.01187919    0.03013195  0.06698745   -0.04828904 -0.09570733
    2    1
 -0.04314689  0.10167332   -0.10955046 -0.00936586   -0.05118320  0.01187919
 -0.10955046 -0.00936586   -0.03954731  0.09113933    0.03013195 -0.06698745
 -0.05118320  0.01187919    0.03013195 -0.06698745   -0.04828904  0.09570733
    2    2
  0.23374444  0.00000000   -0.00329981 -0.00157007   -0.00493349 -0.01199557
 -0.00329981  0.00157007    0.21921367  0.00000000    0.00590573  0.00161349
 -0.00493349  0.01199557    0.00590573 -0.00161349    0.24772743  0.00000000

     Dynamical  Matrix in cartesian axes

     q = (    0.375000000  -0.625000000   0.875000000 ) 

    1    1
  0.24772743  0.00000000   -0.00590573 -0.00161349    0.00493349  0.01199557
 -0.00590573  0.00161349    0.21921367  0.00000000   -0.00329981 -0.00157007
  0.00493349 -0.01199557   -0.00329981  0.00157007    0.23374444  0.00000000
    1    2
 -0.10182081 -0.03352980   -0.06867379 -0.02606078    0.04459184 -0.02779213
 -0.06867379 -0.02606078   -0.09240941 -0.03648107   -0.07084122  0.08408653
  0.04459184 -0.02779213   -0.07084122  0.08408653   -0.10240335 -0.04138444
    2    1
 -0.10182081  0.03352980   -0.06867379  0.02606078    0.04459184  0.02779213
 -0.06867379  0.02606078   -0.09240941  0.03648107   -0.07084122 -0.08408653
  0.04459184  0.02779213   -0.07084122 -0.08408653   -0.10240335  0.04138444
    2    2
  0.24772743  0.00000000   -0.00590573  0.00161349    0.00493349 -0.01199557
 -0.00590573 -0.00161349    0.21921367  0.00000000   -0.00329981  0.00157007
  0.00493349  0.01199557   -0.00329981 -0.00157007    0.23374444  0.00000000

     Dynamical  Matrix in cartesian axes

     q = (    0.375000000  -0.875000000   0.625000000 ) 

    1    1
  0.24772743  0.00000000   -0.00493349 -0.01199557    0.00590573  0.00161349
 -0.00493349  0.01199557    0.23374444  0.00000000   -0.00329981  0.00157007
  0.00590573 -0.00161349   -0.00329981 -0.00157007    0.21921367  0.00000000
    1    2
 -0.04828904 -0.09570733   -0.05118320 -0.01187919    0.03013195  0.06698745
 -0.05118320 -0.01187919   -0.04314689 -0.10167332   -0.10955046  0.00936586
  0.03013195  0.06698745   -0.10955046  0.00936586   -0.03954731 -0.09113933
    2    1
 -0.04828904  0.09570733   -0.05118320  0.01187919    0.03013195 -0.06698745
 -0.05118320  0.01187919   -0.04314689  0.10167332   -0.10955046 -0.00936586
  0.03013195 -0.06698745   -0.10955046 -0.00936586   -0.03954731  0.09113933
    2    2
  0.24772743  0.00000000   -0.00493349  0.01199557    0.00590573 -0.00161349
 -0.00493349 -0.01199557    0.23374444  0.00000000   -0.00329981 -0.00157007
  0.00590573  0.00161349   -0.00329981  0.00157007    0.21921367  0.00000000

     Dynamical  Matrix in cartesian axes

     q = (    0.625000000  -0.875000000   0.375000000 ) 

    1    1
  0.21921367  0.00000000   -0.00329981 -0.00157007    0.00590573 -0.00161349
 -0.00329981  0.00157007    0.23374444  0.00000000   -0.00493349  0.01199557
  0.00590573  0.00161349   -0.00493349 -0.01199557    0.24772743  0.00000000
    1    2
 -0.03954731 -0.09113933   -0.10955046  0.00936586    0.03013195  0.06698745
 -0.10955046  0.00936586   -0.04314689 -0.10167332   -0.05118320 -0.01187919
  0.03013195  0.06698745   -0.05118320 -0.01187919   -0.04828904 -0.09570733
    2    1
 -0.03954731  0.09113933   -0.10955046 -0.00936586    0.03013195 -0.06698745
 -0.10955046 -0.00936586   -0.04314689  0.10167332   -0.05118320  0.01187919
  0.03013195 -0.06698745   -0.05118320  0.01187919   -0.04828904  0.09570733
    2    2
  0.21921367  0.00000000   -0.00329981  0.00157007    0.00590573  0.00161349
 -0.00329981 -0.00157007    0.23374444  0.00000000   -0.00493349 -0.01199557
  0.00590573 -0.00161349   -0.00493349  0.01199557    0.24772743  0.00000000

     Dynamical  Matrix in cartesian axes

     q = (   -0.875000000   0.625000000  -0.375000000 ) 

    1    1
  0.23374444  0.00000000   -0.00329981 -0.00157007    0.00493349  0.01199557
 -0.00329981  0.00157007    0.21921367  0.00000000   -0.00590573 -0.00161349
  0.00493349 -0.01199557   -0.00590573  0.00161349    0.24772743  0.00000000
    1    2
 -0.10240335  0.04138444   -0.07084122 -0.08408653    0.04459184  0.02779213
 -0.07084122 -0.08408653   -0.09240941  0.03648107   -0.06867379  0.02606078
  0.04459184  0.02779213   -0.06867379  0.02606078   -0.10182081  0.03352980
    2    1
 -0.10240335 -0.04138444   -0.07084122  0.08408653    0.04459184 -0.02779213
 -0.07084122  0.08408653   -0.09240941 -0.03648107   -0.06867379 -0.02606078
  0.04459184 -0.02779213   -0.06867379 -0.02606078   -0.10182081 -0.03352980
    2    2
  0.23374444  0.00000000   -0.00329981  0.00157007    0.00493349 -0.01199557
 -0.00329981 -0.00157007    0.21921367  0.00000000   -0.00590573  0.00161349
  0.00493349  0.01199557   -0.00590573 -0.00161349    0.24772743  0.00000000

     Dynamical  Matrix in cartesian axes

     q = (    0.375000000   0.625000000   0.875000000 ) 

    1    1
  0.24772743  0.00000000    0.00590573 -0.00161349    0.00493349 -0.01199557
  0.00590573  0.00161349    0.21921367  0.00000000    0.00329981 -0.00157007
  0.00493349  0.01199557    0.00329981  0.00157007    0.23374444  0.00000000
    1    2
  0.04828904 -0.09570733   -0.03013195  0.06698745   -0.05118320  0.01187919
 -0.03013195  0.06698745    0.03954731 -0.09113933   -0.10955046 -0.00936586
 -0.05118320  0.01187919   -0.10955046 -0.00936586    0.04314689 -0.10167332
    2    1
  0.04828904  0.09570733   -0.03013195 -0.06698745   -0.05118320 -0.01187919
 -0.03013195 -0.06698745    0.03954731  0.09113933   -0.10955046  0.00936586
 -0.05118320 -0.01187919   -0.10955046  0.00936586    0.04314689  0.10167332
    2    2
  0.24772743  0.00000000    0.00590573  0.00161349    0.00493349  0.01199557
  0.00590573 -0.00161349    0.21921367  0.00000000    0.00329981  0.00157007
  0.00493349 -0.01199557    0.00329981 -0.00157007    0.23374444  0.00000000

     Dynamical  Matrix in cartesian axes

     q = (   -0.375000000   0.625000000   0.875000000 ) 

    1    1
  0.24772743  0.00000000   -0.00590573 -0.00161349   -0.00493349 -0.01199557
 -0.00590573  0.00161349    0.21921367  0.00000000    0.00329981  0.00157007
 -0.00493349  0.01199557    0.00329981 -0.00157007    0.23374444  0.00000000
    1    2
 -0.09570733  0.04828904   -0.06698745  0.03013195   -0.01187919  0.05118320
 -0.06698745  0.03013195   -0.09113933  0.03954731   -0.00936586 -0.10955046
 -0.01187919  0.05118320   -0.00936586 -0.10955046   -0.10167332  0.04314689
    2    1
 -0.09570733 -0.04828904   -0.06698745 -0.03013195   -0.01187919 -0.05118320
 -0.06698745 -0.03013195   -0.09113933 -0.03954731   -0.00936586  0.10955046
 -0.01187919 -0.05118320   -0.00936586  0.10955046   -0.10167332 -0.04314689
    2    2
  0.24772743  0.00000000   -0.00590573  0.00161349   -0.00493349  0.01199557
 -0.00590573 -0.00161349    0.21921367  0.00000000    0.00329981 -0.00157007
 -0.00493349 -0.01199557    0.00329981  0.00157007    0.23374444  0.00000000

     Dynamical  Matrix in cartesian axes

     q = (    0.375000000   0.625000000  -0.875000000 ) 

    1    1
  0.24772743  0.00000000    0.00590573  0.00161349   -0.00493349 -0.01199557
  0.00590573 -0.00161349    0.21921367  0.00000000   -0.00329981 -0.00157007
 -0.00493349  0.01199557   -0.00329981  0.00157007    0.23374444  0.00000000
    1    2
 -0.04828904 -0.09570733    0.03013195  0.06698745   -0.05118320 -0.01187919
  0.03013195  0.06698745   -0.03954731 -0.09113933   -0.10955046  0.00936586
 -0.05118320 -0.01187919   -0.10955046  0.00936586   -0.04314689 -0.10167332
    2    1
 -0.04828904  0.09570733    0.03013195 -0.06698745   -0.05118320  0.01187919
  0.03013195 -0.06698745   -0.03954731  0.09113933   -0.10955046 -0.00936586
 -0.05118320  0.01187919   -0.10955046 -0.00936586   -0.04314689  0.10167332
    2    2
  0.24772743  0.00000000    0.00590573 -0.00161349   -0.00493349  0.01199557
  0.00590573  0.00161349    0.21921367  0.00000000   -0.00329981  0.00157007
 -0.00493349 -0.01199557   -0.00329981 -0.00157007    0.23374444  0.00000000

     Dynamical  Matrix in cartesian axes

     q = (   -0.375000000  -0.625000000  -0.875000000 ) 

    1    1
  0.24772743  0.00000000    0.00590573  0.00161349    0.00493349  0.01199557
  0.00590573 -0.00161349    0.21921367  0.00000000    0.00329981  0.00157007
  0.00493349 -0.01199557    0.00329981 -0.00157007    0.23374444  0.00000000
    1    2
  0.04828904  0.09570733   -0.03013195 -0.06698745   -0.05118320 -0.01187919
 -0.03013195 -0.06698745    0.03954731  0.09113933   -0.10955046  0.00936586
 -0.05118320 -0.01187919   -0.10955046  0.00936586    0.04314689  0.10167332
    2    1
  0.04828904 -0.09570733   -0.03013195  0.06698745   -0.05118320  0.01187919
 -0.03013195  0.06698745    0.03954731 -0.09113933   -0.10955046 -0.00936586
 -0.05118320  0.01187919   -0.10955046 -0.00936586    0.04314689 -0.10167332
    2    2
  0.24772743  0.00000000    0.00590573 -0.00161349    0.00493349 -0.01199557
  0.00590573  0.00161349    0.21921367  0.00000000    0.00329981 -0.00157007
  0.00493349  0.01199557    0.00329981  0.00157007    0.23374444  0.00000000

     Dynamical  Matrix in cartesian axes

     q = (   -0.625000000  -0.875000000   0.375000000 ) 

    1    1
  0.21921367  0.00000000    0.00329981 -0.00157007   -0.00590573 -0.00161349
  0.00329981  0.00157007    0.23374444  0.00000000   -0.00493349 -0.01199557
 -0.00590573  0.00161349   -0.00493349  0.01199557    0.24772743  0.00000000
    1    2
 -0.09113933 -0.03954731   -0.00936586  0.10955046   -0.06698745 -0.03013195
 -0.00936586  0.10955046   -0.10167332 -0.04314689   -0.01187919 -0.05118320
 -0.06698745 -0.03013195   -0.01187919 -0.05118320   -0.09570733 -0.04828904
    2    1
 -0.09113933  0.03954731   -0.00936586 -0.10955046   -0.06698745  0.03013195
 -0.00936586 -0.10955046   -0.10167332  0.04314689   -0.01187919  0.05118320
 -0.06698745  0.03013195   -0.01187919  0.05118320   -0.09570733  0.04828904
    2    2
  0.21921367  0.00000000    0.00329981  0.00157007   -0.00590573  0.00161349
  0.00329981 -0.00157007    0.23374444  0.00000000   -0.00493349  0.01199557
 -0.00590573 -0.00161349   -0.00493349 -0.01199557    0.24772743  0.00000000

     Dynamical  Matrix in cartesian axes

     q = (   -0.375000000  -0.625000000   0.875000000 ) 

    1    1
  0.24772743  0.00000000    0.00590573 -0.00161349   -0.00493349  0.01199557
  0.00590573  0.00161349    0.21921367  0.00000000   -0.00329981  0.00157007
 -0.00493349 -0.01199557   -0.00329981 -0.00157007    0.23374444  0.00000000
    1    2
 -0.04828904  0.09570733    0.03013195 -0.06698745   -0.05118320  0.01187919
  0.03013195 -0.06698745   -0.03954731  0.09113933   -0.10955046 -0.00936586
 -0.05118320  0.01187919   -0.10955046 -0.00936586   -0.04314689  0.10167332
    2    1
 -0.04828904 -0.09570733    0.03013195  0.06698745   -0.05118320 -0.01187919
  0.03013195  0.06698745   -0.03954731 -0.09113933   -0.10955046  0.00936586
 -0.05118320 -0.01187919   -0.10955046  0.00936586   -0.04314689 -0.10167332
    2    2
  0.24772743  0.00000000    0.00590573  0.00161349   -0.00493349 -0.01199557
  0.00590573 -0.00161349    0.21921367  0.00000000   -0.00329981 -0.00157007
 -0.00493349  0.01199557   -0.00329981  0.00157007    0.23374444  0.00000000

     Dynamical  Matrix in cartesian axes

     q = (    0.875000000  -0.625000000   0.375000000 ) 

    1    1
  0.23374444  0.00000000   -0.00329981  0.00157007    0.00493349 -0.01199557
 -0.00329981 -0.00157007    0.21921367  0.00000000   -0.00590573  0.00161349
  0.00493349  0.01199557   -0.00590573 -0.00161349    0.24772743  0.00000000
    1    2
 -0.10240335 -0.04138444   -0.07084122  0.08408653    0.04459184 -0.02779213
 -0.07084122  0.08408653   -0.09240941 -0.03648107   -0.06867379 -0.02606078
  0.04459184 -0.02779213   -0.06867379 -0.02606078   -0.10182081 -0.03352980
    2    1
 -0.10240335  0.04138444   -0.07084122 -0.08408653    0.04459184  0.02779213
 -0.07084122 -0.08408653   -0.09240941  0.03648107   -0.06867379  0.02606078
  0.04459184  0.02779213   -0.06867379  0.02606078   -0.10182081  0.03352980
    2    2
  0.23374444  0.00000000   -0.00329981 -0.00157007    0.00493349  0.01199557
 -0.00329981  0.00157007    0.21921367  0.00000000   -0.00590573 -0.00161349
  0.00493349 -0.01199557   -0.00590573  0.00161349    0.24772743  0.00000000

     Dynamical  Matrix in cartesian axes

     q = (    0.625000000   0.875000000   0.375000000 ) 

    1    1
  0.21921367  0.00000000    0.00329981 -0.00157007    0.00590573  0.00161349
  0.00329981  0.00157007    0.23374444  0.00000000    0.00493349  0.01199557
  0.00590573 -0.00161349    0.00493349 -0.01199557    0.24772743  0.00000000
    1    2
  0.03954731 -0.09113933   -0.10955046 -0.00936586   -0.03013195  0.06698745
 -0.10955046 -0.00936586    0.04314689 -0.10167332   -0.05118320  0.01187919
 -0.03013195  0.06698745   -0.05118320  0.01187919    0.04828904 -0.09570733
    2    1
  0.03954731  0.09113933   -0.10955046  0.00936586   -0.03013195 -0.06698745
 -0.10955046  0.00936586    0.04314689  0.10167332   -0.05118320 -0.01187919
 -0.03013195 -0.06698745   -0.05118320 -0.01187919    0.04828904  0.09570733
    2    2
  0.21921367  0.00000000    0.00329981  0.00157007    0.00590573 -0.00161349
  0.00329981 -0.00157007    0.23374444  0.00000000    0.00493349 -0.01199557
  0.00590573  0.00161349    0.00493349  0.01199557    0.24772743  0.00000000

     Dynamical  Matrix in cartesian axes

     q = (    0.375000000  -0.625000000  -0.875000000 ) 

    1    1
  0.24772743  0.00000000   -0.00590573  0.00161349   -0.00493349  0.01199557
 -0.00590573 -0.00161349    0.21921367  0.00000000    0.00329981 -0.00157007
 -0.00493349 -0.01199557    0.00329981  0.00157007    0.23374444  0.00000000
    1    2
 -0.09570733 -0.04828904   -0.06698745 -0.03013195   -0.01187919 -0.05118320
 -0.06698745 -0.03013195   -0.09113933 -0.03954731   -0.00936586  0.10955046
 -0.01187919 -0.05118320   -0.00936586  0.10955046   -0.10167332 -0.04314689
    2    1
 -0.09570733  0.04828904   -0.06698745  0.03013195   -0.01187919  0.05118320
 -0.06698745  0.03013195   -0.09113933  0.03954731   -0.00936586 -0.10955046
 -0.01187919  0.05118320   -0.00936586 -0.10955046   -0.10167332  0.04314689
    2    2
  0.24772743  0.00000000   -0.00590573 -0.00161349   -0.00493349 -0.01199557
 -0.00590573  0.00161349    0.21921367  0.00000000    0.00329981  0.00157007
 -0.00493349  0.01199557    0.00329981 -0.00157007    0.23374444  0.00000000

     Dynamical  Matrix in cartesian axes

     q = (    0.625000000   0.875000000  -0.375000000 ) 

    1    1
