Dynamical matrix file
                                                                           
  1    2  2 10.6000000  0.0000000  0.0000000  0.0000000  0.0000000  0.0000000
           1  'Ge  '    66179.9664212243     
    1    1      0.0000000      0.0000000      0.0000000
    2    1      0.2500000      0.2500000      0.2500000

     Dynamical  Matrix in cartesian axes

     q = (    0.875000000  -0.125000000   0.875000000 ) 

    1    1
  0.21163906  0.00000000   -0.00111004  0.00658855    0.00145583  0.00000000
 -0.00111004 -0.00658855    0.29090474  0.00000000   -0.00111004 -0.00658855
  0.00145583  0.00000000   -0.00111004  0.00658855    0.21163906  0.00000000
    1    2
 -0.01510684  0.03749787   -0.01046530  0.02587129   -0.13504833 -0.09279787
 -0.01046530  0.02587129   -0.00871021  0.04845580   -0.01046530  0.02587129
 -0.13504833 -0.09279787   -0.01046530  0.02587129   -0.01510684  0.03749787
    2    1
 -0.01510684 -0.03749787   -0.01046530 -0.02587129   -0.13504833  0.09279787
 -0.01046530 -0.02587129   -0.00871021 -0.04845580   -0.01046530 -0.02587129
 -0.13504833  0.09279787   -0.01046530 -0.02587129   -0.01510684 -0.03749787
    2    2
  0.21163906  0.00000000   -0.00111004 -0.00658855    0.00145583  0.00000000
 -0.00111004  0.00658855    0.29090474  0.00000000   -0.00111004  0.00658855
  0.00145583  0.00000000   -0.00111004 -0.00658855    0.21163906  0.00000000

     Dynamical  Matrix in cartesian axes

     q = (   -0.875000000  -0.125000000   0.875000000 ) 

    1    1
  0.21163906  0.00000000    0.00111004  0.00658855   -0.00145583  0.00000000
  0.00111004 -0.00658855    0.29090474  0.00000000   -0.00111004  0.00658855
 -0.00145583  0.00000000   -0.00111004 -0.00658855    0.21163906  0.00000000
    1    2
 -0.01583285  0.03719714    0.01089368 -0.02569385   -0.16111159 -0.02987559
  0.01089368 -0.02569385   -0.02810438  0.04042247   -0.01089368  0.02569385
 -0.16111159 -0.02987559   -0.01089368  0.02569385   -0.01583285  0.03719714
    2    1
 -0.01583285 -0.03719714    0.01089368  0.02569385   -0.16111159  0.02987559
  0.01089368  0.02569385   -0.02810438 -0.04042247   -0.01089368 -0.02569385
 -0.16111159  0.02987559   -0.01089368 -0.02569385   -0.01583285 -0.03719714
    2    2
  0.21163906  0.00000000    0.00111004 -0.00658855   -0.00145583  0.00000000
  0.00111004  0.00658855    0.29090474  0.00000000   -0.00111004 -0.00658855
 -0.00145583  0.00000000   -0.00111004  0.00658855    0.21163906  0.00000000

     Dynamical  Matrix in cartesian axes

     q = (   -0.875000000  -0.125000000  -0.875000000 ) 

    1    1
  0.21163906  0.00000000    0.00111004 -0.00658855    0.00145583  0.00000000
  0.00111004  0.00658855    0.29090474  0.00000000    0.00111004  0.00658855
  0.00145583  0.00000000    0.00111004 -0.00658855    0.21163906  0.00000000
    1    2
  0.01583285  0.03719714   -0.01089368 -0.02569385   -0.16111159  0.02987559
 -0.01089368 -0.02569385    0.02810438  0.04042247   -0.01089368 -0.02569385
 -0.16111159  0.02987559   -0.01089368 -0.02569385    0.01583285  0.03719714
    2    1
  0.01583285 -0.03719714   -0.01089368  0.02569385   -0.16111159 -0.02987559
 -0.01089368  0.02569385    0.02810438 -0.04042247   -0.01089368  0.02569385
 -0.16111159 -0.02987559   -0.01089368  0.02569385    0.01583285 -0.03719714
    2    2
  0.21163906  0.00000000    0.00111004  0.00658855    0.00145583  0.00000000
  0.00111004 -0.00658855    0.29090474  0.00000000    0.00111004 -0.00658855
  0.00145583  0.00000000    0.00111004  0.00658855    0.21163906  0.00000000

     Dynamical  Matrix in cartesian axes

     q = (    0.875000000  -0.125000000  -0.875000000 ) 

    1    1
  0.21163906  0.00000000   -0.00111004 -0.00658855   -0.00145583  0.00000000
 -0.00111004  0.00658855    0.29090474  0.00000000    0.00111004 -0.00658855
 -0.00145583  0.00000000    0.00111004  0.00658855    0.21163906  0.00000000
    1    2
 -0.01583285  0.03719714   -0.01089368  0.02569385   -0.16111159 -0.02987559
 -0.01089368  0.02569385   -0.02810438  0.04042247    0.01089368 -0.02569385
 -0.16111159 -0.02987559    0.01089368 -0.02569385   -0.01583285  0.03719714
    2    1
 -0.01583285 -0.03719714   -0.01089368 -0.02569385   -0.16111159  0.02987559
 -0.01089368 -0.02569385   -0.02810438 -0.04042247    0.01089368  0.02569385
 -0.16111159  0.02987559    0.01089368  0.02569385   -0.01583285 -0.03719714
    2    2
  0.21163906  0.00000000   -0.00111004  0.00658855   -0.00145583  0.00000000
 -0.00111004 -0.00658855    0.29090474  0.00000000    0.00111004  0.00658855
 -0.00145583  0.00000000    0.00111004 -0.00658855    0.21163906  0.00000000

     Dynamical  Matrix in cartesian axes

     q = (   -0.875000000   0.125000000  -0.875000000 ) 

    1    1
  0.21163906  0.00000000   -0.00111004 -0.00658855    0.00145583  0.00000000
 -0.00111004  0.00658855    0.29090474  0.00000000   -0.00111004  0.00658855
  0.00145583  0.00000000   -0.00111004 -0.00658855    0.21163906  0.00000000
    1    2
 -0.01510684 -0.03749787   -0.01046530 -0.02587129   -0.13504833  0.09279787
 -0.01046530 -0.02587129   -0.00871021 -0.04845580   -0.01046530 -0.02587129
 -0.13504833  0.09279787   -0.01046530 -0.02587129   -0.01510684 -0.03749787
    2    1
 -0.01510684  0.03749787   -0.01046530  0.02587129   -0.13504833 -0.09279787
 -0.01046530  0.02587129   -0.00871021  0.04845580   -0.01046530  0.02587129
 -0.13504833 -0.09279787   -0.01046530  0.02587129   -0.01510684  0.03749787
    2    2
  0.21163906  0.00000000   -0.00111004  0.00658855    0.00145583  0.00000000
 -0.00111004 -0.00658855    0.29090474  0.00000000   -0.00111004 -0.00658855
  0.00145583  0.00000000   -0.00111004  0.00658855    0.21163906  0.00000000

     Dynamical  Matrix in cartesian axes

     q = (   -0.125000000   0.875000000  -0.875000000 ) 

    1    1
  0.29090474  0.00000000   -0.00111004  0.00658855    0.00111004 -0.00658855
 -0.00111004 -0.00658855    0.21163906  0.00000000   -0.00145583  0.00000000
  0.00111004  0.00658855   -0.00145583  0.00000000    0.21163906  0.00000000
    1    2
 -0.02810438  0.04042247   -0.01089368  0.02569385    0.01089368 -0.02569385
 -0.01089368  0.02569385   -0.01583285  0.03719714   -0.16111159 -0.02987559
  0.01089368 -0.02569385   -0.16111159 -0.02987559   -0.01583285  0.03719714
    2    1
 -0.02810438 -0.04042247   -0.01089368 -0.02569385    0.01089368  0.02569385
 -0.01089368 -0.02569385   -0.01583285 -0.03719714   -0.16111159  0.02987559
  0.01089368  0.02569385   -0.16111159  0.02987559   -0.01583285 -0.03719714
    2    2
  0.29090474  0.00000000   -0.00111004 -0.00658855    0.00111004  0.00658855
 -0.00111004  0.00658855    0.21163906  0.00000000   -0.00145583  0.00000000
  0.00111004 -0.00658855   -0.00145583  0.00000000    0.21163906  0.00000000

     Dynamical  Matrix in cartesian axes

     q = (   -0.875000000   0.875000000  -0.125000000 ) 

    1    1
  0.21163906  0.00000000   -0.00145583  0.00000000    0.00111004  0.00658855
 -0.00145583  0.00000000    0.21163906  0.00000000   -0.00111004 -0.00658855
  0.00111004 -0.00658855   -0.00111004  0.00658855    0.29090474  0.00000000
    1    2
 -0.01583285  0.03719714   -0.16111159 -0.02987559    0.01089368 -0.02569385
 -0.16111159 -0.02987559   -0.01583285  0.03719714   -0.01089368  0.02569385
  0.01089368 -0.02569385   -0.01089368  0.02569385   -0.02810438  0.04042247
    2    1
 -0.01583285 -0.03719714   -0.16111159  0.02987559    0.01089368  0.02569385
 -0.16111159  0.02987559   -0.01583285 -0.03719714   -0.01089368 -0.02569385
  0.01089368  0.02569385   -0.01089368 -0.02569385   -0.02810438 -0.04042247
    2    2
  0.21163906  0.00000000   -0.00145583  0.00000000    0.00111004 -0.00658855
 -0.00145583  0.00000000    0.21163906  0.00000000   -0.00111004  0.00658855
  0.00111004  0.00658855   -0.00111004 -0.00658855    0.29090474  0.00000000

     Dynamical  Matrix in cartesian axes

     q = (    0.875000000   0.125000000   0.875000000 ) 

    1    1
  0.21163906  0.00000000    0.00111004  0.00658855    0.00145583  0.00000000
  0.00111004 -0.00658855    0.29090474  0.00000000    0.00111004 -0.00658855
  0.00145583  0.00000000    0.00111004  0.00658855    0.21163906  0.00000000
    1    2
  0.01583285 -0.03719714   -0.01089368  0.02569385   -0.16111159 -0.02987559
 -0.01089368  0.02569385    0.02810438 -0.04042247   -0.01089368  0.02569385
 -0.16111159 -0.02987559   -0.01089368  0.02569385    0.01583285 -0.03719714
    2    1
  0.01583285  0.03719714   -0.01089368 -0.02569385   -0.16111159  0.02987559
 -0.01089368 -0.02569385    0.02810438  0.04042247   -0.01089368 -0.02569385
 -0.16111159  0.02987559   -0.01089368 -0.02569385    0.01583285  0.03719714
    2    2
  0.21163906  0.00000000    0.00111004 -0.00658855    0.00145583  0.00000000
  0.00111004  0.00658855    0.29090474  0.00000000    0.00111004  0.00658855
  0.00145583  0.00000000    0.00111004 -0.00658855    0.21163906  0.00000000

     Dynamical  Matrix in cartesian axes

     q = (   -0.875000000   0.125000000   0.875000000 ) 

    1    1
  0.21163906  0.00000000   -0.00111004  0.00658855   -0.00145583  0.00000000
 -0.00111004 -0.00658855    0.29090474  0.00000000    0.00111004  0.00658855
 -0.00145583  0.00000000    0.00111004 -0.00658855    0.21163906  0.00000000
    1    2
 -0.01583285 -0.03719714   -0.01089368 -0.02569385   -0.16111159  0.02987559
 -0.01089368 -0.02569385   -0.02810438 -0.04042247    0.01089368  0.02569385
 -0.16111159  0.02987559    0.01089368  0.02569385   -0.01583285 -0.03719714
    2    1
 -0.01583285  0.03719714   -0.01089368  0.02569385   -0.16111159 -0.02987559
 -0.01089368  0.02569385   -0.02810438  0.04042247    0.01089368 -0.02569385
 -0.16111159 -0.02987559    0.01089368 -0.02569385   -0.01583285  0.03719714
    2    2
  0.21163906  0.00000000   -0.00111004 -0.00658855   -0.00145583  0.00000000
 -0.00111004  0.00658855    0.29090474  0.00000000    0.00111004 -0.00658855
 -0.00145583  0.00000000    0.00111004  0.00658855    0.21163906  0.00000000

     Dynamical  Matrix in cartesian axes

     q = (    0.875000000   0.125000000  -0.875000000 ) 

    1    1
  0.21163906  0.00000000    0.00111004 -0.00658855   -0.00145583  0.00000000
  0.00111004  0.00658855    0.29090474  0.00000000   -0.00111004 -0.00658855
 -0.00145583  0.00000000   -0.00111004  0.00658855    0.21163906  0.00000000
    1    2
 -0.01583285 -0.03719714    0.01089368  0.02569385   -0.16111159  0.02987559
  0.01089368  0.02569385   -0.02810438 -0.04042247   -0.01089368 -0.02569385
 -0.16111159  0.02987559   -0.01089368 -0.02569385   -0.01583285 -0.03719714
    2    1
 -0.01583285  0.03719714    0.01089368 -0.02569385   -0.16111159 -0.02987559
  0.01089368 -0.02569385   -0.02810438  0.04042247   -0.01089368  0.02569385
 -0.16111159 -0.02987559   -0.01089368  0.02569385   -0.01583285  0.03719714
    2    2
  0.21163906  0.00000000    0.00111004  0.00658855   -0.00145583  0.00000000
  0.00111004 -0.00658855    0.29090474  0.00000000   -0.00111004  0.00658855
 -0.00145583  0.00000000   -0.00111004 -0.00658855    0.21163906  0.00000000

     Dynamical  Matrix in cartesian axes

     q = (   -0.875000000   0.875000000   0.125000000 ) 

    1    1
  0.21163906  0.00000000   -0.00145583  0.00000000   -0.00111004  0.00658855
 -0.00145583  0.00000000    0.21163906  0.00000000    0.00111004 -0.00658855
 -0.00111004 -0.00658855    0.00111004  0.00658855    0.29090474  0.00000000
    1    2
 -0.01583285 -0.03719714   -0.16111159  0.02987559   -0.01089368 -0.02569385
 -0.16111159  0.02987559   -0.01583285 -0.03719714    0.01089368  0.02569385
 -0.01089368 -0.02569385    0.01089368  0.02569385   -0.02810438 -0.04042247
    2    1
 -0.01583285  0.03719714   -0.16111159 -0.02987559   -0.01089368  0.02569385
 -0.16111159 -0.02987559   -0.01583285  0.03719714    0.01089368 -0.02569385
 -0.01089368  0.02569385    0.01089368 -0.02569385   -0.02810438  0.04042247
    2    2
  0.21163906  0.00000000   -0.00145583  0.00000000   -0.00111004 -0.00658855
 -0.00145583  0.00000000    0.21163906  0.00000000    0.00111004  0.00658855
 -0.00111004  0.00658855    0.00111004 -0.00658855    0.29090474  0.00000000

     Dynamical  Matrix in cartesian axes

     q = (   -0.125000000   0.875000000   0.875000000 ) 

    1    1
  0.29090474  0.00000000   -0.00111004 -0.00658855   -0.00111004 -0.00658855
 -0.00111004  0.00658855    0.21163906  0.00000000    0.00145583  0.00000000
 -0.00111004  0.00658855    0.00145583  0.00000000    0.21163906  0.00000000
    1    2
 -0.00871021  0.04845580   -0.01046530  0.02587129   -0.01046530  0.02587129
 -0.01046530  0.02587129   -0.01510684  0.03749787   -0.13504833 -0.09279787
 -0.01046530  0.02587129   -0.13504833 -0.09279787   -0.01510684  0.03749787
    2    1
 -0.00871021 -0.04845580   -0.01046530 -0.02587129   -0.01046530 -0.02587129
 -0.01046530 -0.02587129   -0.01510684 -0.03749787   -0.13504833  0.09279787
 -0.01046530 -0.02587129   -0.13504833  0.09279787   -0.01510684 -0.03749787
    2    2
  0.29090474  0.00000000   -0.00111004  0.00658855   -0.00111004  0.00658855
 -0.00111004 -0.00658855    0.21163906  0.00000000    0.00145583  0.00000000
 -0.00111004 -0.00658855    0.00145583  0.00000000    0.21163906  0.00000000

     Dynamical  Matrix in cartesian axes

     q = (    0.125000000   0.875000000  -0.875000000 ) 

    1    1
  0.29090474  0.00000000    0.00111004  0.00658855   -0.00111004 -0.00658855
  0.00111004 -0.00658855    0.21163906  0.00000000   -0.00145583  0.00000000
 -0.00111004  0.00658855   -0.00145583  0.00000000    0.21163906  0.00000000
    1    2
 -0.02810438 -0.04042247    0.01089368  0.02569385   -0.01089368 -0.02569385
  0.01089368  0.02569385   -0.01583285 -0.03719714   -0.16111159  0.02987559
 -0.01089368 -0.02569385   -0.16111159  0.02987559   -0.01583285 -0.03719714
    2    1
 -0.02810438  0.04042247    0.01089368 -0.02569385   -0.01089368  0.02569385
  0.01089368 -0.02569385   -0.01583285  0.03719714   -0.16111159 -0.02987559
 -0.01089368  0.02569385   -0.16111159 -0.02987559   -0.01583285  0.03719714
    2    2
  0.29090474  0.00000000    0.00111004 -0.00658855   -0.00111004  0.00658855
  0.00111004  0.00658855    0.21163906  0.00000000   -0.00145583  0.00000000
 -0.00111004 -0.00658855   -0.00145583  0.00000000    0.21163906  0.00000000

     Dynamical  Matrix in cartesian axes

     q = (   -0.125000000  -0.875000000  -0.875000000 ) 

    1    1
  0.29090474  0.00000000    0.00111004  0.00658855    0.00111004  0.00658855
  0.00111004 -0.00658855    0.21163906  0.00000000    0.00145583  0.00000000
  0.00111004 -0.00658855    0.00145583  0.00000000    0.21163906  0.00000000
    1    2
  0.02810438  0.04042247   -0.01089368 -0.02569385   -0.01089368 -0.02569385
 -0.01089368 -0.02569385    0.01583285  0.03719714   -0.16111159  0.02987559
 -0.01089368 -0.02569385   -0.16111159  0.02987559    0.01583285  0.03719714
    2    1
  0.02810438 -0.04042247   -0.01089368  0.02569385   -0.01089368  0.02569385
 -0.01089368  0.02569385    0.01583285 -0.03719714   -0.16111159 -0.02987559
 -0.01089368  0.02569385   -0.16111159 -0.02987559    0.01583285 -0.03719714
    2    2
  0.29090474  0.00000000    0.00111004 -0.00658855    0.00111004 -0.00658855
  0.00111004  0.00658855    0.21163906  0.00000000    0.00145583  0.00000000
  0.00111004  0.00658855    0.00145583  0.00000000    0.21163906  0.00000000

     Dynamical  Matrix in cartesian axes

     q = (    0.875000000   0.875000000  -0.125000000 ) 

    1    1
  0.21163906  0.00000000    0.00145583  0.00000000   -0.00111004  0.00658855
  0.00145583  0.00000000    0.21163906  0.00000000   -0.00111004  0.00658855
 -0.00111004 -0.00658855   -0.00111004 -0.00658855    0.29090474  0.00000000
    1    2
 -0.01510684  0.03749787   -0.13504833 -0.09279787   -0.01046530  0.02587129
 -0.13504833 -0.09279787   -0.01510684  0.03749787   -0.01046530  0.02587129
 -0.01046530  0.02587129   -0.01046530  0.02587129   -0.00871021  0.04845580
    2    1
 -0.01510684 -0.03749787   -0.13504833  0.09279787   -0.01046530 -0.02587129
 -0.13504833  0.09279787   -0.01510684 -0.03749787   -0.01046530 -0.02587129
 -0.01046530 -0.02587129   -0.01046530 -0.02587129   -0.00871021 -0.04845580
    2    2
  0.21163906  0.00000000    0.00145583  0.00000000   -0.00111004 -0.00658855
  0.00145583  0.00000000    0.21163906  0.00000000   -0.00111004 -0.00658855
 -0.00111004  0.00658855   -0.00111004  0.00658855    0.29090474  0.00000000

     Dynamical  Matrix in cartesian axes

     q = (   -0.875000000  -0.875000000  -0.125000000 ) 

    1    1
  0.21163906  0.00000000    0.00145583  0.00000000    0.00111004 -0.00658855
  0.00145583  0.00000000    0.21163906  0.00000000    0.00111004 -0.00658855
  0.00111004  0.00658855    0.00111004  0.00658855    0.29090474  0.00000000
    1    2
  0.01583285  0.03719714   -0.16111159  0.02987559   -0.01089368 -0.02569385
 -0.16111159  0.02987559    0.01583285  0.03719714   -0.01089368 -0.02569385
 -0.01089368 -0.02569385   -0.01089368 -0.02569385    0.02810438  0.04042247
    2    1
  0.01583285 -0.03719714   -0.16111159 -0.02987559   -0.01089368  0.02569385
 -0.16111159 -0.02987559    0.01583285 -0.03719714   -0.01089368  0.02569385
 -0.01089368  0.02569385   -0.01089368  0.02569385    0.02810438 -0.04042247
    2    2
  0.21163906  0.00000000    0.00145583  0.00000000    0.00111004  0.00658855
  0.00145583  0.00000000    0.21163906  0.00000000    0.00111004  0.00658855
  0.00111004 -0.00658855    0.00111004 -0.00658855    0.29090474  0.00000000

     Dynamical  Matrix in cartesian axes

     q = (    0.125000000  -0.875000000   0.875000000 ) 

    1    1
  0.29090474  0.00000000   -0.00111004 -0.00658855    0.00111004  0.00658855
 -0.00111004  0.00658855    0.21163906  0.00000000   -0.00145583  0.00000000
  0.00111004 -0.00658855   -0.00145583  0.00000000    0.21163906  0.00000000
    1    2
 -0.02810438 -0.04042247   -0.01089368 -0.02569385    0.01089368  0.02569385
 -0.01089368 -0.02569385   -0.01583285 -0.03719714   -0.16111159  0.02987559
  0.01089368  0.02569385   -0.16111159  0.02987559   -0.01583285 -0.03719714
    2    1
 -0.02810438  0.04042247   -0.01089368  0.02569385    0.01089368 -0.02569385
 -0.01089368  0.02569385   -0.01583285  0.03719714   -0.16111159 -0.02987559
  0.01089368 -0.02569385   -0.16111159 -0.02987559   -0.01583285  0.03719714
    2    2
  0.29090474  0.00000000   -0.00111004  0.00658855    0.00111004 -0.00658855
 -0.00111004 -0.00658855    0.21163906  0.00000000   -0.00145583  0.00000000
  0.00111004  0.00658855   -0.00145583  0.00000000    0.21163906  0.00000000

     Dynamical  Matrix in cartesian axes

     q = (    0.875000000  -0.875000000   0.125000000 ) 

    1    1
  0.21163906  0.00000000   -0.00145583  0.00000000    0.00111004 -0.00658855
 -0.00145583  0.00000000    0.21163906  0.00000000   -0.00111004  0.00658855
  0.00111004  0.00658855   -0.00111004 -0.00658855    0.29090474  0.00000000
    1    2
 -0.01583285 -0.03719714   -0.16111159  0.02987559    0.01089368  0.02569385
 -0.16111159  0.02987559   -0.01583285 -0.03719714   -0.01089368 -0.02569385
  0.01089368  0.02569385   -0.01089368 -0.02569385   -0.02810438 -0.04042247
    2    1
 -0.01583285  0.03719714   -0.16111159 -0.02987559    0.01089368 -0.02569385
 -0.16111159 -0.02987559   -0.01583285  0.03719714   -0.01089368  0.02569385
  0.01089368 -0.02569385   -0.01089368  0.02569385   -0.02810438  0.04042247
    2    2
  0.21163906  0.00000000   -0.00145583  0.00000000    0.00111004  0.00658855
 -0.00145583  0.00000000    0.21163906  0.00000000   -0.00111004 -0.00658855
  0.00111004 -0.00658855   -0.00111004  0.00658855    0.29090474  0.00000000

     Dynamical  Matrix in cartesian axes

     q = (    0.125000000   0.875000000   0.875000000 ) 

    1    1
  0.29090474  0.00000000    0.00111004 -0.00658855    0.00111004 -0.00658855
  0.00111004  0.00658855    0.21163906  0.00000000    0.00145583  0.00000000
  0.00111004  0.00658855    0.00145583  0.00000000    0.21163906  0.00000000
    1    2
  0.02810438 -0.04042247   -0.01089368  0.02569385   -0.01089368  0.02569385
 -0.01089368  0.02569385    0.01583285 -0.03719714   -0.16111159 -0.02987559
 -0.01089368  0.02569385   -0.16111159 -0.02987559    0.01583285 -0.03719714
    2    1
  0.02810438  0.04042247   -0.01089368 -0.02569385   -0.01089368 -0.02569385
 -0.01089368 -0.02569385    0.01583285  0.03719714   -0.16111159  0.02987559
 -0.01089368 -0.02569385   -0.16111159  0.02987559    0.01583285  0.03719714
    2    2
  0.29090474  0.00000000    0.00111004  0.00658855    0.00111004  0.00658855
  0.00111004 -0.00658855    0.21163906  0.00000000    0.00145583  0.00000000
  0.00111004 -0.00658855    0.00145583  0.00000000    0.21163906  0.00000000

     Dynamical  Matrix in cartesian axes

     q = (   -0.875000000  -0.875000000   0.125000000 ) 

    1    1
  0.21163906  0.00000000    0.00145583  0.00000000   -0.00111004 -0.00658855
  0.00145583  0.00000000    0.21163906  0.00000000   -0.00111004 -0.00658855
 -0.00111004  0.00658855   -0.00111004  0.00658855    0.29090474  0.00000000
    1    2
 -0.01510684 -0.03749787   -0.13504833  0.09279787   -0.01046530 -0.02587129
 -0.13504833  0.09279787   -0.01510684 -0.03749787   -0.01046530 -0.02587129
 -0.01046530 -0.02587129   -0.01046530 -0.02587129   -0.00871021 -0.04845580
    2    1
 -0.01510684  0.03749787   -0.13504833 -0.09279787   -0.01046530  0.02587129
 -0.13504833 -0.09279787   -0.01510684  0.03749787   -0.01046530  0.02587129
 -0.01046530  0.02587129   -0.01046530  0.02587129   -0.00871021  0.04845580
    2    2
  0.21163906  0.00000000    0.00145583  0.00000000   -0.00111004  0.00658855
  0.00145583  0.00000000    0.21163906  0.00000000   -0.00111004  0.00658855
 -0.00111004 -0.00658855   -0.00111004 -0.00658855    0.29090474  0.00000000

     Dynamical  Matrix in cartesian axes

     q = (   -0.125000000  -0.875000000   0.875000000 ) 

    1    1
  0.29090474  0.00000000    0.00111004 -0.00658855   -0.00111004  0.00658855
  0.00111004  0.00658855    0.21163906  0.00000000   -0.00145583  0.00000000
 -0.00111004 -0.00658855   -0.00145583  0.00000000    0.21163906  0.00000000
    1    2
 -0.02810438  0.04042247    0.01089368 -0.02569385   -0.01089368  0.02569385
  0.01089368 -0.02569385   -0.01583285  0.03719714   -0.16111159 -0.02987559
 -0.01089368  0.02569385   -0.16111159 -0.02987559   -0.01583285  0.03719714
    2    1
 -0.02810438 -0.04042247    0.01089368  0.02569385   -0.01089368 -0.02569385
  0.01089368  0.02569385   -0.01583285 -0.03719714   -0.16111159  0.02987559
 -0.01089368 -0.02569385   -0.16111159  0.02987559   -0.01583285 -0.03719714
    2    2
  0.29090474  0.00000000    0.00111004  0.00658855   -0.00111004 -0.00658855
  0.00111004 -0.00658855    0.21163906  0.00000000   -0.00145583  0.00000000
 -0.00111004  0.00658855   -0.00145583  0.00000000    0.21163906  0.00000000

     Dynamical  Matrix in cartesian axes

     q = (    0.875000000   0.875000000   0.125000000 ) 

    1    1
  0.21163906  0.00000000    0.00145583  0.00000000    0.00111004  0.00658855
  0.00145583  0.00000000    0.21163906  0.00000000    0.00111004  0.00658855
  0.00111004 -0.00658855    0.00111004 -0.00658855    0.29090474  0.00000000
    1    2
  0.01583285 -0.03719714   -0.16111159 -0.02987559   -0.01089368  0.02569385
 -0.16111159 -0.02987559    0.01583285 -0.03719714   -0.01089368  0.02569385
 -0.01089368  0.02569385   -0.01089368  0.02569385    0.02810438 -0.04042247
    2    1
  0.01583285  0.03719714   -0.16111159  0.02987559   -0.01089368 -0.02569385
 -0.16111159  0.02987559    0.01583285  0.03719714   -0.01089368 -0.02569385
 -0.01089368 -0.02569385   -0.01089368 -0.02569385    0.02810438  0.04042247
    2    2
  0.21163906  0.00000000    0.00145583  0.00000000    0.00111004 -0.00658855
  0.00145583  0.00000000    0.21163906  0.00000000    0.00111004 -0.00658855
  0.00111004  0.00658855    0.00111004  0.00658855    0.29090474  0.00000000

     Dynamical  Matrix in cartesian axes

     q = (    0.125000000  -0.875000000  -0.875000000 ) 

    1    1
  0.29090474  0.00000000   -0.00111004  0.00658855   -0.00111004  0.00658855
 -0.00111004 -0.00658855    0.21163906  0.00000000    0.00145583  0.00000000
 -0.00111004 -0.00658855    0.00145583  0.00000000    0.21163906  0.00000000
    1    2
 -0.00871021 -0.04845580   -0.01046530 -0.02587129   -0.01046530 -0.02587129
 -0.01046530 -0.02587129   -0.01510684 -0.03749787   -0.13504833  0.09279787
 -0.01046530 -0.02587129   -0.13504833  0.09279787   -0.01510684 -0.03749787
    2    1
 -0.00871021  0.04845580   -0.01046530  0.02587129   -0.01046530  0.02587129
 -0.01046530  0.02587129   -0.01510684  0.03749787   -0.13504833 -0.09279787
 -0.01046530  0.02587129   -0.13504833 -0.09279787   -0.01510684  0.03749787
    2    2
  0.29090474  0.00000000   -0.00111004 -0.00658855   -0.00111004 -0.00658855
 -0.00111004  0.00658855    0.21163906  0.00000000    0.00145583  0.00000000
 -0.00111004  0.00658855    0.00145583  0.00000000    0.21163906  0.00000000

     Dynamical  Matrix in cartesian axes

     q = (    0.875000000  -0.875000000  -0.125000000 ) 

    1    1
  0.21163906  0.00000000   -0.00145583  0.00000000   -0.00111004 -0.00658855
 -0.00145583  0.00000000    0.21163906  0.00000000    0.00111004  0.00658855
 -0.00111004  0.00658855    0.00111004 -0.00658855    0.29090474  0.00000000
    1    2
 -0.01583285  0.03719714   -0.16111159 -0.02987559   -0.01089368  0.02569385
 -0.16111159 -0.02987559   -0.01583285  0.03719714    0.01089368 -0.02569385
 -0.01089368  0.02569385    0.01089368 -0.02569385   -0.02810438  0.04042247
    2    1
 -0.01583285 -0.03719714   -0.16111159  0.02987559   -0.01089368 -0.02569385
 -0.16111159  0.02987559   -0.01583285 -0.03719714    0.01089368  0.02569385
 -0.01089368 -0.02569385    0.01089368  0.02569385   -0.02810438 -0.04042247
    2    2
  0.21163906  0.00000000   -0.00145583  0.00000000   -0.00111004  0.00658855
 -0.00145583  0.00000000    0.21163906  0.00000000    0.00111004 -0.00658855
 -0.00111004 -0.00658855    0.00111004  0.00658855    0.29090474  0.00000000

     Diagonalizing the dynamical matrix

     q = (    0.875000000  -0.125000000   0.875000000 ) 

 **************************************************************************
     omega( 1) =       2.326178 [THz] =      77.592945 [cm-1]
 (  0.338634  0.367868  0.000000  0.000000 -0.338634 -0.367868 ) 
 ( -0.500000  0.000000  0.000000  0.000000  0.500000  0.000000 ) 
     omega( 2) =       2.826150 [THz] =      94.270226 [cm-1]
 (  0.466513  0.165491  0.058254 -0.081015  0.466513  0.165491 ) 
 (  0.494996  0.000000  0.027817  0.095829  0.494996  0.000000 ) 
     omega( 3) =       6.219011 [THz] =     207.443874 [cm-1]
 ( -0.119271  0.070828 -0.510420 -0.448316 -0.119271  0.070828 ) 
 (  0.138716  0.000000  0.209963 -0.646089  0.138716  0.000000 ) 
     omega( 4) =       7.243806 [THz] =     241.627365 [cm-1]
 ( -0.189674 -0.148231  0.615367 -0.073664 -0.189674 -0.148231 ) 
 (  0.240725  0.000000 -0.439505 -0.436965  0.240725  0.000000 ) 
     omega( 5) =       7.958364 [THz] =     265.462442 [cm-1]
 (  0.338634  0.367868  0.000000  0.000000 -0.338634 -0.367868 ) 
 (  0.500000  0.000000  0.000000  0.000000 -0.500000  0.000000 ) 
     omega( 6) =       8.106298 [THz] =     270.397008 [cm-1]
 ( -0.400139 -0.132952 -0.251789  0.284652 -0.400139 -0.132952 ) 
 (  0.421649  0.000000  0.149189  0.349524  0.421649  0.000000 ) 
 **************************************************************************
