Dynamical matrix file
                                                                           
  1    2  2 10.6000000  0.0000000  0.0000000  0.0000000  0.0000000  0.0000000
           1  'Ge  '    66179.9664212243     
    1    1      0.0000000      0.0000000      0.0000000
    2    1      0.2500000      0.2500000      0.2500000

     Dynamical  Matrix in cartesian axes

     q = (   -0.375000000   0.375000000  -0.375000000 ) 

    1    1
  0.24804902  0.00000000   -0.01687876  0.00000000    0.01687876  0.00000000
 -0.01687876  0.00000000    0.24804902  0.00000000   -0.01687876  0.00000000
  0.01687876  0.00000000   -0.01687876  0.00000000    0.24804902  0.00000000
    1    2
 -0.14847272 -0.03508230   -0.06294551  0.02643684    0.06294551 -0.02643684
 -0.06294551  0.02643684   -0.14847272 -0.03508230   -0.06294551  0.02643684
  0.06294551 -0.02643684   -0.06294551  0.02643684   -0.14847272 -0.03508230
    2    1
 -0.14847272  0.03508230   -0.06294551 -0.02643684    0.06294551  0.02643684
 -0.06294551 -0.02643684   -0.14847272  0.03508230   -0.06294551 -0.02643684
  0.06294551  0.02643684   -0.06294551 -0.02643684   -0.14847272  0.03508230
    2    2
  0.24804902  0.00000000   -0.01687876  0.00000000    0.01687876  0.00000000
 -0.01687876  0.00000000    0.24804902  0.00000000   -0.01687876  0.00000000
  0.01687876  0.00000000   -0.01687876  0.00000000    0.24804902  0.00000000

     Dynamical  Matrix in cartesian axes

     q = (    0.375000000  -0.375000000  -0.375000000 ) 

    1    1
  0.24804902  0.00000000   -0.01687876  0.00000000   -0.01687876  0.00000000
 -0.01687876  0.00000000    0.24804902  0.00000000    0.01687876  0.00000000
 -0.01687876  0.00000000    0.01687876  0.00000000    0.24804902  0.00000000
    1    2
 -0.14847272 -0.03508230   -0.06294551  0.02643684   -0.06294551  0.02643684
 -0.06294551  0.02643684   -0.14847272 -0.03508230    0.06294551 -0.02643684
 -0.06294551  0.02643684    0.06294551 -0.02643684   -0.14847272 -0.03508230
    2    1
 -0.14847272  0.03508230   -0.06294551 -0.02643684   -0.06294551 -0.02643684
 -0.06294551 -0.02643684   -0.14847272  0.03508230    0.06294551  0.02643684
 -0.06294551 -0.02643684    0.06294551  0.02643684   -0.14847272  0.03508230
    2    2
  0.24804902  0.00000000   -0.01687876  0.00000000   -0.01687876  0.00000000
 -0.01687876  0.00000000    0.24804902  0.00000000    0.01687876  0.00000000
 -0.01687876  0.00000000    0.01687876  0.00000000    0.24804902  0.00000000

     Dynamical  Matrix in cartesian axes

     q = (    0.375000000  -0.375000000   0.375000000 ) 

    1    1
  0.24804902  0.00000000   -0.01687876  0.00000000    0.01687876  0.00000000
 -0.01687876  0.00000000    0.24804902  0.00000000   -0.01687876  0.00000000
  0.01687876  0.00000000   -0.01687876  0.00000000    0.24804902  0.00000000
    1    2
 -0.14847272  0.03508230   -0.06294551 -0.02643684    0.06294551  0.02643684
 -0.06294551 -0.02643684   -0.14847272  0.03508230   -0.06294551 -0.02643684
  0.06294551  0.02643684   -0.06294551 -0.02643684   -0.14847272  0.03508230
    2    1
 -0.14847272 -0.03508230   -0.06294551  0.02643684    0.06294551 -0.02643684
 -0.06294551  0.02643684   -0.14847272 -0.03508230   -0.06294551  0.02643684
  0.06294551 -0.02643684   -0.06294551  0.02643684   -0.14847272 -0.03508230
    2    2
  0.24804902  0.00000000   -0.01687876  0.00000000    0.01687876  0.00000000
 -0.01687876  0.00000000    0.24804902  0.00000000   -0.01687876  0.00000000
  0.01687876  0.00000000   -0.01687876  0.00000000    0.24804902  0.00000000

     Dynamical  Matrix in cartesian axes

     q = (   -0.375000000   0.375000000   0.375000000 ) 

    1    1
  0.24804902  0.00000000   -0.01687876  0.00000000   -0.01687876  0.00000000
 -0.01687876  0.00000000    0.24804902  0.00000000    0.01687876  0.00000000
 -0.01687876  0.00000000    0.01687876  0.00000000    0.24804902  0.00000000
    1    2
 -0.14847272  0.03508230   -0.06294551 -0.02643684   -0.06294551 -0.02643684
 -0.06294551 -0.02643684   -0.14847272  0.03508230    0.06294551  0.02643684
 -0.06294551 -0.02643684    0.06294551  0.02643684   -0.14847272  0.03508230
    2    1
 -0.14847272 -0.03508230   -0.06294551  0.02643684   -0.06294551  0.02643684
 -0.06294551  0.02643684   -0.14847272 -0.03508230    0.06294551 -0.02643684
 -0.06294551  0.02643684    0.06294551 -0.02643684   -0.14847272 -0.03508230
    2    2
  0.24804902  0.00000000   -0.01687876  0.00000000   -0.01687876  0.00000000
 -0.01687876  0.00000000    0.24804902  0.00000000    0.01687876  0.00000000
 -0.01687876  0.00000000    0.01687876  0.00000000    0.24804902  0.00000000

     Dynamical  Matrix in cartesian axes

     q = (    0.375000000   0.375000000  -0.375000000 ) 

    1    1
  0.24804902  0.00000000    0.01687876  0.00000000   -0.01687876  0.00000000
  0.01687876  0.00000000    0.24804902  0.00000000   -0.01687876  0.00000000
 -0.01687876  0.00000000   -0.01687876  0.00000000    0.24804902  0.00000000
    1    2
 -0.14847272  0.03508230    0.06294551  0.02643684   -0.06294551 -0.02643684
  0.06294551  0.02643684   -0.14847272  0.03508230   -0.06294551 -0.02643684
 -0.06294551 -0.02643684   -0.06294551 -0.02643684   -0.14847272  0.03508230
    2    1
 -0.14847272 -0.03508230    0.06294551 -0.02643684   -0.06294551  0.02643684
  0.06294551 -0.02643684   -0.14847272 -0.03508230   -0.06294551  0.02643684
 -0.06294551  0.02643684   -0.06294551  0.02643684   -0.14847272 -0.03508230
    2    2
  0.24804902  0.00000000    0.01687876  0.00000000   -0.01687876  0.00000000
  0.01687876  0.00000000    0.24804902  0.00000000   -0.01687876  0.00000000
 -0.01687876  0.00000000   -0.01687876  0.00000000    0.24804902  0.00000000

     Dynamical  Matrix in cartesian axes

     q = (   -0.375000000  -0.375000000  -0.375000000 ) 

    1    1
  0.24804902  0.00000000    0.01687876  0.00000000    0.01687876  0.00000000
  0.01687876  0.00000000    0.24804902  0.00000000    0.01687876  0.00000000
  0.01687876  0.00000000    0.01687876  0.00000000    0.24804902  0.00000000
    1    2
  0.08017914 -0.12979300   -0.06320286  0.02581553   -0.06320286  0.02581553
 -0.06320286  0.02581553    0.08017914 -0.12979300   -0.06320286  0.02581553
 -0.06320286  0.02581553   -0.06320286  0.02581553    0.08017914 -0.12979300
    2    1
  0.08017914  0.12979300   -0.06320286 -0.02581553   -0.06320286 -0.02581553
 -0.06320286 -0.02581553    0.08017914  0.12979300   -0.06320286 -0.02581553
 -0.06320286 -0.02581553   -0.06320286 -0.02581553    0.08017914  0.12979300
    2    2
  0.24804902  0.00000000    0.01687876  0.00000000    0.01687876  0.00000000
  0.01687876  0.00000000    0.24804902  0.00000000    0.01687876  0.00000000
  0.01687876  0.00000000    0.01687876  0.00000000    0.24804902  0.00000000

     Dynamical  Matrix in cartesian axes

     q = (   -0.375000000  -0.375000000   0.375000000 ) 

    1    1
  0.24804902  0.00000000    0.01687876  0.00000000   -0.01687876  0.00000000
  0.01687876  0.00000000    0.24804902  0.00000000   -0.01687876  0.00000000
 -0.01687876  0.00000000   -0.01687876  0.00000000    0.24804902  0.00000000
    1    2
 -0.14847272 -0.03508230    0.06294551 -0.02643684   -0.06294551  0.02643684
  0.06294551 -0.02643684   -0.14847272 -0.03508230   -0.06294551  0.02643684
 -0.06294551  0.02643684   -0.06294551  0.02643684   -0.14847272 -0.03508230
    2    1
 -0.14847272  0.03508230    0.06294551  0.02643684   -0.06294551 -0.02643684
  0.06294551  0.02643684   -0.14847272  0.03508230   -0.06294551 -0.02643684
 -0.06294551 -0.02643684   -0.06294551 -0.02643684   -0.14847272  0.03508230
    2    2
  0.24804902  0.00000000    0.01687876  0.00000000   -0.01687876  0.00000000
  0.01687876  0.00000000    0.24804902  0.00000000   -0.01687876  0.00000000
 -0.01687876  0.00000000   -0.01687876  0.00000000    0.24804902  0.00000000

     Dynamical  Matrix in cartesian axes

     q = (    0.375000000   0.375000000   0.375000000 ) 

    1    1
  0.24804902  0.00000000    0.01687876  0.00000000    0.01687876  0.00000000
  0.01687876  0.00000000    0.24804902  0.00000000    0.01687876  0.00000000
  0.01687876  0.00000000    0.01687876  0.00000000    0.24804902  0.00000000
    1    2
  0.08017914  0.12979300   -0.06320286 -0.02581553   -0.06320286 -0.02581553
 -0.06320286 -0.02581553    0.08017914  0.12979300   -0.06320286 -0.02581553
 -0.06320286 -0.02581553   -0.06320286 -0.02581553    0.08017914  0.12979300
    2    1
  0.08017914 -0.12979300   -0.06320286  0.02581553   -0.06320286  0.02581553
 -0.06320286  0.02581553    0.08017914 -0.12979300   -0.06320286  0.02581553
 -0.06320286  0.02581553   -0.06320286  0.02581553    0.08017914 -0.12979300
    2    2
  0.24804902  0.00000000    0.01687876  0.00000000    0.01687876  0.00000000
  0.01687876  0.00000000    0.24804902  0.00000000    0.01687876  0.00000000
  0.01687876  0.00000000    0.01687876  0.00000000    0.24804902  0.00000000

     Diagonalizing the dynamical matrix

     q = (   -0.375000000   0.375000000  -0.375000000 ) 

 **************************************************************************
     omega( 1) =       1.789231 [THz] =      59.682313 [cm-1]
 (  0.234689  0.379868  0.366959  0.385276  0.132271  0.005409 ) 
 (  0.250014  0.369961  0.382395  0.369961  0.132381  0.000000 ) 
     omega( 2) =       1.789231 [THz] =      59.682313 [cm-1]
 ( -0.351614 -0.101602  0.209885 -0.078641  0.561499  0.022961 ) 
 ( -0.355471 -0.087151  0.206497 -0.087151  0.561968  0.000000 ) 
     omega( 3) =       5.588898 [THz] =     186.425571 [cm-1]
 ( -0.101521 -0.395424  0.101521  0.395424 -0.101521 -0.395424 ) 
 ( -0.408248  0.000000  0.408248  0.000000 -0.408248  0.000000 ) 
     omega( 4) =       7.806241 [THz] =     260.388178 [cm-1]
 (  0.101521  0.395424 -0.101521 -0.395424  0.101521  0.395424 ) 
 ( -0.408248  0.000000  0.408248  0.000000 -0.408248  0.000000 ) 
     omega( 5) =       8.509391 [THz] =     283.842740 [cm-1]
 ( -0.233642  0.012384  0.339322  0.035814  0.572964  0.023430 ) 
 (  0.232941 -0.021920 -0.340502 -0.021920 -0.573442  0.000000 ) 
     omega( 6) =       8.509391 [THz] =     283.842740 [cm-1]
 (  0.485342  0.207448  0.418338  0.204708 -0.067004 -0.002740 ) 
 ( -0.493413 -0.187444 -0.426352 -0.187444  0.067060  0.000000 ) 
 **************************************************************************
