Dynamical matrix file
                                                                           
  1    2  2 10.6000000  0.0000000  0.0000000  0.0000000  0.0000000  0.0000000
           1  'Ge  '    66179.9664212243     
    1    1      0.0000000      0.0000000      0.0000000
    2    1      0.2500000      0.2500000      0.2500000

     Dynamical  Matrix in cartesian axes

     q = (    0.500000000  -0.250000000   0.500000000 ) 

    1    1
  0.23627094  0.00000000   -0.01081559  0.00621734    0.01068171  0.00000000
 -0.01081559 -0.00621734    0.24793670  0.00000000   -0.01081559 -0.00621734
  0.01068171  0.00000000   -0.01081559  0.00621734    0.23627094  0.00000000
    1    2
 -0.08840506  0.07950834   -0.07843195  0.00158035    0.05921520 -0.05389669
 -0.07843195  0.00158035   -0.09459582  0.09081311   -0.07843195  0.00158035
  0.05921520 -0.05389669   -0.07843195  0.00158035   -0.08840506  0.07950834
    2    1
 -0.08840506 -0.07950834   -0.07843195 -0.00158035    0.05921520  0.05389669
 -0.07843195 -0.00158035   -0.09459582 -0.09081311   -0.07843195 -0.00158035
  0.05921520  0.05389669   -0.07843195 -0.00158035   -0.08840506 -0.07950834
    2    2
  0.23627094  0.00000000   -0.01081559 -0.00621734    0.01068171  0.00000000
 -0.01081559  0.00621734    0.24793670  0.00000000   -0.01081559  0.00621734
  0.01068171  0.00000000   -0.01081559 -0.00621734    0.23627094  0.00000000

     Dynamical  Matrix in cartesian axes

     q = (    0.500000000  -0.250000000  -0.500000000 ) 

    1    1
  0.23627094  0.00000000   -0.01081559 -0.00621734   -0.01068171  0.00000000
 -0.01081559  0.00621734    0.24793670  0.00000000    0.01081559 -0.00621734
 -0.01068171  0.00000000    0.01081559  0.00621734    0.23627094  0.00000000
    1    2
 -0.11873271  0.00629093   -0.05657724  0.05434228   -0.07998219  0.00376075
 -0.05657724  0.05434228   -0.13110392  0.00267478    0.05657724 -0.05434228
 -0.07998219  0.00376075    0.05657724 -0.05434228   -0.11873271  0.00629093
    2    1
 -0.11873271 -0.00629093   -0.05657724 -0.05434228   -0.07998219 -0.00376075
 -0.05657724 -0.05434228   -0.13110392 -0.00267478    0.05657724  0.05434228
 -0.07998219 -0.00376075    0.05657724  0.05434228   -0.11873271 -0.00629093
    2    2
  0.23627094  0.00000000   -0.01081559  0.00621734   -0.01068171  0.00000000
 -0.01081559 -0.00621734    0.24793670  0.00000000    0.01081559  0.00621734
 -0.01068171  0.00000000    0.01081559 -0.00621734    0.23627094  0.00000000

     Dynamical  Matrix in cartesian axes

     q = (   -0.500000000  -0.250000000   0.500000000 ) 

    1    1
  0.23627094  0.00000000    0.01081559  0.00621734   -0.01068171  0.00000000
  0.01081559 -0.00621734    0.24793670  0.00000000   -0.01081559  0.00621734
 -0.01068171  0.00000000   -0.01081559 -0.00621734    0.23627094  0.00000000
    1    2
 -0.11873271  0.00629093    0.05657724 -0.05434228   -0.07998219  0.00376075
  0.05657724 -0.05434228   -0.13110392  0.00267478   -0.05657724  0.05434228
 -0.07998219  0.00376075   -0.05657724  0.05434228   -0.11873271  0.00629093
    2    1
 -0.11873271 -0.00629093    0.05657724  0.05434228   -0.07998219 -0.00376075
  0.05657724  0.05434228   -0.13110392 -0.00267478   -0.05657724 -0.05434228
 -0.07998219 -0.00376075   -0.05657724 -0.05434228   -0.11873271 -0.00629093
    2    2
  0.23627094  0.00000000    0.01081559 -0.00621734   -0.01068171  0.00000000
  0.01081559  0.00621734    0.24793670  0.00000000   -0.01081559 -0.00621734
 -0.01068171  0.00000000   -0.01081559  0.00621734    0.23627094  0.00000000

     Dynamical  Matrix in cartesian axes

     q = (   -0.500000000  -0.250000000  -0.500000000 ) 

    1    1
  0.23627094  0.00000000    0.01081559 -0.00621734    0.01068171  0.00000000
  0.01081559  0.00621734    0.24793670  0.00000000    0.01081559  0.00621734
  0.01068171  0.00000000    0.01081559 -0.00621734    0.23627094  0.00000000
    1    2
  0.08840506 -0.07950834   -0.07843195  0.00158035   -0.05921520  0.05389669
 -0.07843195  0.00158035    0.09459582 -0.09081311   -0.07843195  0.00158035
 -0.05921520  0.05389669   -0.07843195  0.00158035    0.08840506 -0.07950834
    2    1
  0.08840506  0.07950834   -0.07843195 -0.00158035   -0.05921520 -0.05389669
 -0.07843195 -0.00158035    0.09459582  0.09081311   -0.07843195 -0.00158035
 -0.05921520 -0.05389669   -0.07843195 -0.00158035    0.08840506  0.07950834
    2    2
  0.23627094  0.00000000    0.01081559  0.00621734    0.01068171  0.00000000
  0.01081559 -0.00621734    0.24793670  0.00000000    0.01081559 -0.00621734
  0.01068171  0.00000000    0.01081559  0.00621734    0.23627094  0.00000000

     Dynamical  Matrix in cartesian axes

     q = (   -0.500000000   0.250000000  -0.500000000 ) 

    1    1
  0.23627094  0.00000000   -0.01081559 -0.00621734    0.01068171  0.00000000
 -0.01081559  0.00621734    0.24793670  0.00000000   -0.01081559  0.00621734
  0.01068171  0.00000000   -0.01081559 -0.00621734    0.23627094  0.00000000
    1    2
 -0.08840506 -0.07950834   -0.07843195 -0.00158035    0.05921520  0.05389669
 -0.07843195 -0.00158035   -0.09459582 -0.09081311   -0.07843195 -0.00158035
  0.05921520  0.05389669   -0.07843195 -0.00158035   -0.08840506 -0.07950834
    2    1
 -0.08840506  0.07950834   -0.07843195  0.00158035    0.05921520 -0.05389669
 -0.07843195  0.00158035   -0.09459582  0.09081311   -0.07843195  0.00158035
  0.05921520 -0.05389669   -0.07843195  0.00158035   -0.08840506  0.07950834
    2    2
  0.23627094  0.00000000   -0.01081559  0.00621734    0.01068171  0.00000000
 -0.01081559 -0.00621734    0.24793670  0.00000000   -0.01081559 -0.00621734
  0.01068171  0.00000000   -0.01081559  0.00621734    0.23627094  0.00000000

     Dynamical  Matrix in cartesian axes

     q = (   -0.250000000   0.500000000  -0.500000000 ) 

    1    1
  0.24793670  0.00000000   -0.01081559  0.00621734    0.01081559 -0.00621734
 -0.01081559 -0.00621734    0.23627094  0.00000000   -0.01068171  0.00000000
  0.01081559  0.00621734   -0.01068171  0.00000000    0.23627094  0.00000000
    1    2
 -0.13110392  0.00267478   -0.05657724  0.05434228    0.05657724 -0.05434228
 -0.05657724  0.05434228   -0.11873271  0.00629093   -0.07998219  0.00376075
  0.05657724 -0.05434228   -0.07998219  0.00376075   -0.11873271  0.00629093
    2    1
 -0.13110392 -0.00267478   -0.05657724 -0.05434228    0.05657724  0.05434228
 -0.05657724 -0.05434228   -0.11873271 -0.00629093   -0.07998219 -0.00376075
  0.05657724  0.05434228   -0.07998219 -0.00376075   -0.11873271 -0.00629093
    2    2
  0.24793670  0.00000000   -0.01081559 -0.00621734    0.01081559  0.00621734
 -0.01081559  0.00621734    0.23627094  0.00000000   -0.01068171  0.00000000
  0.01081559 -0.00621734   -0.01068171  0.00000000    0.23627094  0.00000000

     Dynamical  Matrix in cartesian axes

     q = (   -0.500000000   0.500000000  -0.250000000 ) 

    1    1
  0.23627094  0.00000000   -0.01068171  0.00000000    0.01081559  0.00621734
 -0.01068171  0.00000000    0.23627094  0.00000000   -0.01081559 -0.00621734
  0.01081559 -0.00621734   -0.01081559  0.00621734    0.24793670  0.00000000
    1    2
 -0.11873271  0.00629093   -0.07998219  0.00376075    0.05657724 -0.05434228
 -0.07998219  0.00376075   -0.11873271  0.00629093   -0.05657724  0.05434228
  0.05657724 -0.05434228   -0.05657724  0.05434228   -0.13110392  0.00267478
    2    1
 -0.11873271 -0.00629093   -0.07998219 -0.00376075    0.05657724  0.05434228
 -0.07998219 -0.00376075   -0.11873271 -0.00629093   -0.05657724 -0.05434228
  0.05657724  0.05434228   -0.05657724 -0.05434228   -0.13110392 -0.00267478
    2    2
  0.23627094  0.00000000   -0.01068171  0.00000000    0.01081559 -0.00621734
 -0.01068171  0.00000000    0.23627094  0.00000000   -0.01081559  0.00621734
  0.01081559  0.00621734   -0.01081559 -0.00621734    0.24793670  0.00000000

     Dynamical  Matrix in cartesian axes

     q = (    0.500000000   0.250000000   0.500000000 ) 

    1    1
  0.23627094  0.00000000    0.01081559  0.00621734    0.01068171  0.00000000
  0.01081559 -0.00621734    0.24793670  0.00000000    0.01081559 -0.00621734
  0.01068171  0.00000000    0.01081559  0.00621734    0.23627094  0.00000000
    1    2
  0.08840506  0.07950834   -0.07843195 -0.00158035   -0.05921520 -0.05389669
 -0.07843195 -0.00158035    0.09459582  0.09081311   -0.07843195 -0.00158035
 -0.05921520 -0.05389669   -0.07843195 -0.00158035    0.08840506  0.07950834
    2    1
  0.08840506 -0.07950834   -0.07843195  0.00158035   -0.05921520  0.05389669
 -0.07843195  0.00158035    0.09459582 -0.09081311   -0.07843195  0.00158035
 -0.05921520  0.05389669   -0.07843195  0.00158035    0.08840506 -0.07950834
    2    2
  0.23627094  0.00000000    0.01081559 -0.00621734    0.01068171  0.00000000
  0.01081559  0.00621734    0.24793670  0.00000000    0.01081559  0.00621734
  0.01068171  0.00000000    0.01081559 -0.00621734    0.23627094  0.00000000

     Dynamical  Matrix in cartesian axes

     q = (   -0.500000000   0.250000000   0.500000000 ) 

    1    1
  0.23627094  0.00000000   -0.01081559  0.00621734   -0.01068171  0.00000000
 -0.01081559 -0.00621734    0.24793670  0.00000000    0.01081559  0.00621734
 -0.01068171  0.00000000    0.01081559 -0.00621734    0.23627094  0.00000000
    1    2
 -0.11873271 -0.00629093   -0.05657724 -0.05434228   -0.07998219 -0.00376075
 -0.05657724 -0.05434228   -0.13110392 -0.00267478    0.05657724  0.05434228
 -0.07998219 -0.00376075    0.05657724  0.05434228   -0.11873271 -0.00629093
    2    1
 -0.11873271  0.00629093   -0.05657724  0.05434228   -0.07998219  0.00376075
 -0.05657724  0.05434228   -0.13110392  0.00267478    0.05657724 -0.05434228
 -0.07998219  0.00376075    0.05657724 -0.05434228   -0.11873271  0.00629093
    2    2
  0.23627094  0.00000000   -0.01081559 -0.00621734   -0.01068171  0.00000000
 -0.01081559  0.00621734    0.24793670  0.00000000    0.01081559 -0.00621734
 -0.01068171  0.00000000    0.01081559  0.00621734    0.23627094  0.00000000

     Dynamical  Matrix in cartesian axes

     q = (    0.500000000   0.250000000  -0.500000000 ) 

    1    1
  0.23627094  0.00000000    0.01081559 -0.00621734   -0.01068171  0.00000000
  0.01081559  0.00621734    0.24793670  0.00000000   -0.01081559 -0.00621734
 -0.01068171  0.00000000   -0.01081559  0.00621734    0.23627094  0.00000000
    1    2
 -0.11873271 -0.00629093    0.05657724  0.05434228   -0.07998219 -0.00376075
  0.05657724  0.05434228   -0.13110392 -0.00267478   -0.05657724 -0.05434228
 -0.07998219 -0.00376075   -0.05657724 -0.05434228   -0.11873271 -0.00629093
    2    1
 -0.11873271  0.00629093    0.05657724 -0.05434228   -0.07998219  0.00376075
  0.05657724 -0.05434228   -0.13110392  0.00267478   -0.05657724  0.05434228
 -0.07998219  0.00376075   -0.05657724  0.05434228   -0.11873271  0.00629093
    2    2
  0.23627094  0.00000000    0.01081559  0.00621734   -0.01068171  0.00000000
  0.01081559 -0.00621734    0.24793670  0.00000000   -0.01081559  0.00621734
 -0.01068171  0.00000000   -0.01081559 -0.00621734    0.23627094  0.00000000

     Dynamical  Matrix in cartesian axes

     q = (   -0.500000000   0.500000000   0.250000000 ) 

    1    1
  0.23627094  0.00000000   -0.01068171  0.00000000   -0.01081559  0.00621734
 -0.01068171  0.00000000    0.23627094  0.00000000    0.01081559 -0.00621734
 -0.01081559 -0.00621734    0.01081559  0.00621734    0.24793670  0.00000000
    1    2
 -0.11873271 -0.00629093   -0.07998219 -0.00376075   -0.05657724 -0.05434228
 -0.07998219 -0.00376075   -0.11873271 -0.00629093    0.05657724  0.05434228
 -0.05657724 -0.05434228    0.05657724  0.05434228   -0.13110392 -0.00267478
    2    1
 -0.11873271  0.00629093   -0.07998219  0.00376075   -0.05657724  0.05434228
 -0.07998219  0.00376075   -0.11873271  0.00629093    0.05657724 -0.05434228
 -0.05657724  0.05434228    0.05657724 -0.05434228   -0.13110392  0.00267478
    2    2
  0.23627094  0.00000000   -0.01068171  0.00000000   -0.01081559 -0.00621734
 -0.01068171  0.00000000    0.23627094  0.00000000    0.01081559  0.00621734
 -0.01081559  0.00621734    0.01081559 -0.00621734    0.24793670  0.00000000

     Dynamical  Matrix in cartesian axes

     q = (   -0.250000000   0.500000000   0.500000000 ) 

    1    1
  0.24793670  0.00000000   -0.01081559 -0.00621734   -0.01081559 -0.00621734
 -0.01081559  0.00621734    0.23627094  0.00000000    0.01068171  0.00000000
 -0.01081559  0.00621734    0.01068171  0.00000000    0.23627094  0.00000000
    1    2
 -0.09459582  0.09081311   -0.07843195  0.00158035   -0.07843195  0.00158035
 -0.07843195  0.00158035   -0.08840506  0.07950834    0.05921520 -0.05389669
 -0.07843195  0.00158035    0.05921520 -0.05389669   -0.08840506  0.07950834
    2    1
 -0.09459582 -0.09081311   -0.07843195 -0.00158035   -0.07843195 -0.00158035
 -0.07843195 -0.00158035   -0.08840506 -0.07950834    0.05921520  0.05389669
 -0.07843195 -0.00158035    0.05921520  0.05389669   -0.08840506 -0.07950834
    2    2
  0.24793670  0.00000000   -0.01081559  0.00621734   -0.01081559  0.00621734
 -0.01081559 -0.00621734    0.23627094  0.00000000    0.01068171  0.00000000
 -0.01081559 -0.00621734    0.01068171  0.00000000    0.23627094  0.00000000

     Dynamical  Matrix in cartesian axes

     q = (    0.250000000   0.500000000  -0.500000000 ) 

    1    1
  0.24793670  0.00000000    0.01081559  0.00621734   -0.01081559 -0.00621734
  0.01081559 -0.00621734    0.23627094  0.00000000   -0.01068171  0.00000000
 -0.01081559  0.00621734   -0.01068171  0.00000000    0.23627094  0.00000000
    1    2
 -0.13110392 -0.00267478    0.05657724  0.05434228   -0.05657724 -0.05434228
  0.05657724  0.05434228   -0.11873271 -0.00629093   -0.07998219 -0.00376075
 -0.05657724 -0.05434228   -0.07998219 -0.00376075   -0.11873271 -0.00629093
    2    1
 -0.13110392  0.00267478    0.05657724 -0.05434228   -0.05657724  0.05434228
  0.05657724 -0.05434228   -0.11873271  0.00629093   -0.07998219  0.00376075
 -0.05657724  0.05434228   -0.07998219  0.00376075   -0.11873271  0.00629093
    2    2
  0.24793670  0.00000000    0.01081559 -0.00621734   -0.01081559  0.00621734
  0.01081559  0.00621734    0.23627094  0.00000000   -0.01068171  0.00000000
 -0.01081559 -0.00621734   -0.01068171  0.00000000    0.23627094  0.00000000

     Dynamical  Matrix in cartesian axes

     q = (   -0.250000000  -0.500000000  -0.500000000 ) 

    1    1
  0.24793670  0.00000000    0.01081559  0.00621734    0.01081559  0.00621734
  0.01081559 -0.00621734    0.23627094  0.00000000    0.01068171  0.00000000
  0.01081559 -0.00621734    0.01068171  0.00000000    0.23627094  0.00000000
    1    2
  0.09459582 -0.09081311   -0.07843195  0.00158035   -0.07843195  0.00158035
 -0.07843195  0.00158035    0.08840506 -0.07950834   -0.05921520  0.05389669
 -0.07843195  0.00158035   -0.05921520  0.05389669    0.08840506 -0.07950834
    2    1
  0.09459582  0.09081311   -0.07843195 -0.00158035   -0.07843195 -0.00158035
 -0.07843195 -0.00158035    0.08840506  0.07950834   -0.05921520 -0.05389669
 -0.07843195 -0.00158035   -0.05921520 -0.05389669    0.08840506  0.07950834
    2    2
  0.24793670  0.00000000    0.01081559 -0.00621734    0.01081559 -0.00621734
  0.01081559  0.00621734    0.23627094  0.00000000    0.01068171  0.00000000
  0.01081559  0.00621734    0.01068171  0.00000000    0.23627094  0.00000000

     Dynamical  Matrix in cartesian axes

     q = (    0.500000000   0.500000000  -0.250000000 ) 

    1    1
  0.23627094  0.00000000    0.01068171  0.00000000   -0.01081559  0.00621734
  0.01068171  0.00000000    0.23627094  0.00000000   -0.01081559  0.00621734
 -0.01081559 -0.00621734   -0.01081559 -0.00621734    0.24793670  0.00000000
    1    2
 -0.08840506  0.07950834    0.05921520 -0.05389669   -0.07843195  0.00158035
  0.05921520 -0.05389669   -0.08840506  0.07950834   -0.07843195  0.00158035
 -0.07843195  0.00158035   -0.07843195  0.00158035   -0.09459582  0.09081311
    2    1
 -0.08840506 -0.07950834    0.05921520  0.05389669   -0.07843195 -0.00158035
  0.05921520  0.05389669   -0.08840506 -0.07950834   -0.07843195 -0.00158035
 -0.07843195 -0.00158035   -0.07843195 -0.00158035   -0.09459582 -0.09081311
    2    2
  0.23627094  0.00000000    0.01068171  0.00000000   -0.01081559 -0.00621734
  0.01068171  0.00000000    0.23627094  0.00000000   -0.01081559 -0.00621734
 -0.01081559  0.00621734   -0.01081559  0.00621734    0.24793670  0.00000000

     Dynamical  Matrix in cartesian axes

     q = (   -0.500000000  -0.500000000  -0.250000000 ) 

    1    1
  0.23627094  0.00000000    0.01068171  0.00000000    0.01081559 -0.00621734
  0.01068171  0.00000000    0.23627094  0.00000000    0.01081559 -0.00621734
  0.01081559  0.00621734    0.01081559  0.00621734    0.24793670  0.00000000
    1    2
  0.08840506 -0.07950834   -0.05921520  0.05389669   -0.07843195  0.00158035
 -0.05921520  0.05389669    0.08840506 -0.07950834   -0.07843195  0.00158035
 -0.07843195  0.00158035   -0.07843195  0.00158035    0.09459582 -0.09081311
    2    1
  0.08840506  0.07950834   -0.05921520 -0.05389669   -0.07843195 -0.00158035
 -0.05921520 -0.05389669    0.08840506  0.07950834   -0.07843195 -0.00158035
 -0.07843195 -0.00158035   -0.07843195 -0.00158035    0.09459582  0.09081311
    2    2
  0.23627094  0.00000000    0.01068171  0.00000000    0.01081559  0.00621734
  0.01068171  0.00000000    0.23627094  0.00000000    0.01081559  0.00621734
  0.01081559 -0.00621734    0.01081559 -0.00621734    0.24793670  0.00000000

     Dynamical  Matrix in cartesian axes

     q = (    0.250000000  -0.500000000   0.500000000 ) 

    1    1
  0.24793670  0.00000000   -0.01081559 -0.00621734    0.01081559  0.00621734
 -0.01081559  0.00621734    0.23627094  0.00000000   -0.01068171  0.00000000
  0.01081559 -0.00621734   -0.01068171  0.00000000    0.23627094  0.00000000
    1    2
 -0.13110392 -0.00267478   -0.05657724 -0.05434228    0.05657724  0.05434228
 -0.05657724 -0.05434228   -0.11873271 -0.00629093   -0.07998219 -0.00376075
  0.05657724  0.05434228   -0.07998219 -0.00376075   -0.11873271 -0.00629093
    2    1
 -0.13110392  0.00267478   -0.05657724  0.05434228    0.05657724 -0.05434228
 -0.05657724  0.05434228   -0.11873271  0.00629093   -0.07998219  0.00376075
  0.05657724 -0.05434228   -0.07998219  0.00376075   -0.11873271  0.00629093
    2    2
  0.24793670  0.00000000   -0.01081559  0.00621734    0.01081559 -0.00621734
 -0.01081559 -0.00621734    0.23627094  0.00000000   -0.01068171  0.00000000
  0.01081559  0.00621734   -0.01068171  0.00000000    0.23627094  0.00000000

     Dynamical  Matrix in cartesian axes

     q = (    0.500000000  -0.500000000   0.250000000 ) 

    1    1
  0.23627094  0.00000000   -0.01068171  0.00000000    0.01081559 -0.00621734
 -0.01068171  0.00000000    0.23627094  0.00000000   -0.01081559  0.00621734
  0.01081559  0.00621734   -0.01081559 -0.00621734    0.24793670  0.00000000
    1    2
 -0.11873271 -0.00629093   -0.07998219 -0.00376075    0.05657724  0.05434228
 -0.07998219 -0.00376075   -0.11873271 -0.00629093   -0.05657724 -0.05434228
  0.05657724  0.05434228   -0.05657724 -0.05434228   -0.13110392 -0.00267478
    2    1
 -0.11873271  0.00629093   -0.07998219  0.00376075    0.05657724 -0.05434228
 -0.07998219  0.00376075   -0.11873271  0.00629093   -0.05657724  0.05434228
  0.05657724 -0.05434228   -0.05657724  0.05434228   -0.13110392  0.00267478
    2    2
  0.23627094  0.00000000   -0.01068171  0.00000000    0.01081559  0.00621734
 -0.01068171  0.00000000    0.23627094  0.00000000   -0.01081559 -0.00621734
  0.01081559 -0.00621734   -0.01081559  0.00621734    0.24793670  0.00000000

     Dynamical  Matrix in cartesian axes

     q = (    0.250000000   0.500000000   0.500000000 ) 

    1    1
  0.24793670  0.00000000    0.01081559 -0.00621734    0.01081559 -0.00621734
  0.01081559  0.00621734    0.23627094  0.00000000    0.01068171  0.00000000
  0.01081559  0.00621734    0.01068171  0.00000000    0.23627094  0.00000000
    1    2
  0.09459582  0.09081311   -0.07843195 -0.00158035   -0.07843195 -0.00158035
 -0.07843195 -0.00158035    0.08840506  0.07950834   -0.05921520 -0.05389669
 -0.07843195 -0.00158035   -0.05921520 -0.05389669    0.08840506  0.07950834
    2    1
  0.09459582 -0.09081311   -0.07843195  0.00158035   -0.07843195  0.00158035
 -0.07843195  0.00158035    0.08840506 -0.07950834   -0.05921520  0.05389669
 -0.07843195  0.00158035   -0.05921520  0.05389669    0.08840506 -0.07950834
    2    2
  0.24793670  0.00000000    0.01081559  0.00621734    0.01081559  0.00621734
  0.01081559 -0.00621734    0.23627094  0.00000000    0.01068171  0.00000000
  0.01081559 -0.00621734    0.01068171  0.00000000    0.23627094  0.00000000

     Dynamical  Matrix in cartesian axes

     q = (   -0.500000000  -0.500000000   0.250000000 ) 

    1    1
  0.23627094  0.00000000    0.01068171  0.00000000   -0.01081559 -0.00621734
  0.01068171  0.00000000    0.23627094  0.00000000   -0.01081559 -0.00621734
 -0.01081559  0.00621734   -0.01081559  0.00621734    0.24793670  0.00000000
    1    2
 -0.08840506 -0.07950834    0.05921520  0.05389669   -0.07843195 -0.00158035
  0.05921520  0.05389669   -0.08840506 -0.07950834   -0.07843195 -0.00158035
 -0.07843195 -0.00158035   -0.07843195 -0.00158035   -0.09459582 -0.09081311
    2    1
 -0.08840506  0.07950834    0.05921520 -0.05389669   -0.07843195  0.00158035
  0.05921520 -0.05389669   -0.08840506  0.07950834   -0.07843195  0.00158035
 -0.07843195  0.00158035   -0.07843195  0.00158035   -0.09459582  0.09081311
    2    2
  0.23627094  0.00000000    0.01068171  0.00000000   -0.01081559  0.00621734
  0.01068171  0.00000000    0.23627094  0.00000000   -0.01081559  0.00621734
 -0.01081559 -0.00621734   -0.01081559 -0.00621734    0.24793670  0.00000000

     Dynamical  Matrix in cartesian axes

     q = (   -0.250000000  -0.500000000   0.500000000 ) 

    1    1
  0.24793670  0.00000000    0.01081559 -0.00621734   -0.01081559  0.00621734
  0.01081559  0.00621734    0.23627094  0.00000000   -0.01068171  0.00000000
 -0.01081559 -0.00621734   -0.01068171  0.00000000    0.23627094  0.00000000
    1    2
 -0.13110392  0.00267478    0.05657724 -0.05434228   -0.05657724  0.05434228
  0.05657724 -0.05434228   -0.11873271  0.00629093   -0.07998219  0.00376075
 -0.05657724  0.05434228   -0.07998219  0.00376075   -0.11873271  0.00629093
    2    1
 -0.13110392 -0.00267478    0.05657724  0.05434228   -0.05657724 -0.05434228
  0.05657724  0.05434228   -0.11873271 -0.00629093   -0.07998219 -0.00376075
 -0.05657724 -0.05434228   -0.07998219 -0.00376075   -0.11873271 -0.00629093
    2    2
  0.24793670  0.00000000    0.01081559  0.00621734   -0.01081559 -0.00621734
  0.01081559 -0.00621734    0.23627094  0.00000000   -0.01068171  0.00000000
 -0.01081559  0.00621734   -0.01068171  0.00000000    0.23627094  0.00000000

     Dynamical  Matrix in cartesian axes

     q = (    0.500000000   0.500000000   0.250000000 ) 

    1    1
  0.23627094  0.00000000    0.01068171  0.00000000    0.01081559  0.00621734
  0.01068171  0.00000000    0.23627094  0.00000000    0.01081559  0.00621734
  0.01081559 -0.00621734    0.01081559 -0.00621734    0.24793670  0.00000000
    1    2
  0.08840506  0.07950834   -0.05921520 -0.05389669   -0.07843195 -0.00158035
 -0.05921520 -0.05389669    0.08840506  0.07950834   -0.07843195 -0.00158035
 -0.07843195 -0.00158035   -0.07843195 -0.00158035    0.09459582  0.09081311
    2    1
  0.08840506 -0.07950834   -0.05921520  0.05389669   -0.07843195  0.00158035
 -0.05921520  0.05389669    0.08840506 -0.07950834   -0.07843195  0.00158035
 -0.07843195  0.00158035   -0.07843195  0.00158035    0.09459582 -0.09081311
    2    2
  0.23627094  0.00000000    0.01068171  0.00000000    0.01081559 -0.00621734
  0.01068171  0.00000000    0.23627094  0.00000000    0.01081559 -0.00621734
  0.01081559  0.00621734    0.01081559  0.00621734    0.24793670  0.00000000

     Dynamical  Matrix in cartesian axes

     q = (    0.250000000  -0.500000000  -0.500000000 ) 

    1    1
  0.24793670  0.00000000   -0.01081559  0.00621734   -0.01081559  0.00621734
 -0.01081559 -0.00621734    0.23627094  0.00000000    0.01068171  0.00000000
 -0.01081559 -0.00621734    0.01068171  0.00000000    0.23627094  0.00000000
    1    2
 -0.09459582 -0.09081311   -0.07843195 -0.00158035   -0.07843195 -0.00158035
 -0.07843195 -0.00158035   -0.08840506 -0.07950834    0.05921520  0.05389669
 -0.07843195 -0.00158035    0.05921520  0.05389669   -0.08840506 -0.07950834
    2    1
 -0.09459582  0.09081311   -0.07843195  0.00158035   -0.07843195  0.00158035
 -0.07843195  0.00158035   -0.08840506  0.07950834    0.05921520 -0.05389669
 -0.07843195  0.00158035    0.05921520 -0.05389669   -0.08840506  0.07950834
    2    2
  0.24793670  0.00000000   -0.01081559 -0.00621734   -0.01081559 -0.00621734
 -0.01081559  0.00621734    0.23627094  0.00000000    0.01068171  0.00000000
 -0.01081559  0.00621734    0.01068171  0.00000000    0.23627094  0.00000000

     Dynamical  Matrix in cartesian axes

     q = (    0.500000000  -0.500000000  -0.250000000 ) 

    1    1
  0.23627094  0.00000000   -0.01068171  0.00000000   -0.01081559 -0.00621734
 -0.01068171  0.00000000    0.23627094  0.00000000    0.01081559  0.00621734
 -0.01081559  0.00621734    0.01081559 -0.00621734    0.24793670  0.00000000
    1    2
 -0.11873271  0.00629093   -0.07998219  0.00376075   -0.05657724  0.05434228
 -0.07998219  0.00376075   -0.11873271  0.00629093    0.05657724 -0.05434228
 -0.05657724  0.05434228    0.05657724 -0.05434228   -0.13110392  0.00267478
    2    1
 -0.11873271 -0.00629093   -0.07998219 -0.00376075   -0.05657724 -0.05434228
 -0.07998219 -0.00376075   -0.11873271 -0.00629093    0.05657724  0.05434228
 -0.05657724 -0.05434228    0.05657724  0.05434228   -0.13110392 -0.00267478
    2    2
  0.23627094  0.00000000   -0.01068171  0.00000000   -0.01081559  0.00621734
 -0.01068171  0.00000000    0.23627094  0.00000000    0.01081559 -0.00621734
 -0.01081559 -0.00621734    0.01081559  0.00621734    0.24793670  0.00000000

     Diagonalizing the dynamical matrix

     q = (    0.500000000  -0.250000000   0.500000000 ) 

 **************************************************************************
     omega( 1) =       2.086498 [THz] =      69.598083 [cm-1]
 (  0.370963 -0.335241  0.000000  0.000000 -0.370963  0.335241 ) 
 (  0.500000  0.000000  0.000000  0.000000 -0.500000  0.000000 ) 
     omega( 2) =       2.540393 [THz] =      84.738394 [cm-1]
 ( -0.278956  0.006633 -0.562810  0.165905 -0.278956  0.006633 ) 
 ( -0.279034  0.000000 -0.566595 -0.152480 -0.279034  0.000000 ) 
     omega( 3) =       5.621229 [THz] =     187.504029 [cm-1]
 (  0.248454  0.329505 -0.317056 -0.242629  0.248454  0.329505 ) 
 ( -0.412678  0.000000  0.384614  0.107080 -0.412678  0.000000 ) 
     omega( 4) =       7.212582 [THz] =     240.585850 [cm-1]
 (  0.164700  0.404458 -0.311992 -0.145728  0.164700  0.404458 ) 
 (  0.436706  0.000000 -0.252633 -0.233993  0.436706  0.000000 ) 
     omega( 5) =       8.332597 [THz] =     277.945513 [cm-1]
 (  0.370963 -0.335241  0.000000  0.000000 -0.370963  0.335241 ) 
 ( -0.500000  0.000000  0.000000  0.000000  0.500000  0.000000 ) 
     omega( 6) =       8.473198 [THz] =     282.635446 [cm-1]
 (  0.191042  0.156931  0.613333 -0.039662  0.191042  0.156931 ) 
 ( -0.247234  0.000000 -0.448759 -0.419960 -0.247234  0.000000 ) 
 **************************************************************************
