Dynamical matrix file
                                                                           
  1    2  2 10.6000000  0.0000000  0.0000000  0.0000000  0.0000000  0.0000000
           1  'Ge  '    66179.9664212243     
    1    1      0.0000000      0.0000000      0.0000000
    2    1      0.2500000      0.2500000      0.2500000

     Dynamical  Matrix in cartesian axes

     q = (    0.250000000   0.000000000   0.250000000 ) 

    1    1
  0.24015211  0.00000000    0.00000000  0.00314719    0.00328258  0.00000000
  0.00000000 -0.00314719    0.24047354  0.00000000    0.00000000 -0.00314719
  0.00328258  0.00000000    0.00000000  0.00314719    0.24015211  0.00000000
    1    2
 -0.14118038  0.14118038   -0.03504096 -0.03504096    0.01608860 -0.01608860
 -0.03504096 -0.03504096   -0.14533210  0.14533210   -0.03504096 -0.03504096
  0.01608860 -0.01608860   -0.03504096 -0.03504096   -0.14118038  0.14118038
    2    1
 -0.14118038 -0.14118038   -0.03504096  0.03504096    0.01608860  0.01608860
 -0.03504096  0.03504096   -0.14533210 -0.14533210   -0.03504096  0.03504096
  0.01608860  0.01608860   -0.03504096  0.03504096   -0.14118038 -0.14118038
    2    2
  0.24015211  0.00000000    0.00000000 -0.00314719    0.00328258  0.00000000
  0.00000000  0.00314719    0.24047354  0.00000000    0.00000000  0.00314719
  0.00328258  0.00000000    0.00000000 -0.00314719    0.24015211  0.00000000

     Dynamical  Matrix in cartesian axes

     q = (   -0.250000000   0.000000000   0.250000000 ) 

    1    1
  0.24015211  0.00000000    0.00000000  0.00314719   -0.00328258  0.00000000
  0.00000000 -0.00314719    0.24047354  0.00000000    0.00000000  0.00314719
 -0.00328258  0.00000000    0.00000000 -0.00314719    0.24015211  0.00000000
    1    2
 -0.19965921  0.00000000    0.00000000 -0.04955540   -0.02275272  0.00000000
  0.00000000 -0.04955540   -0.20553062  0.00000000    0.00000000  0.04955540
 -0.02275272  0.00000000    0.00000000  0.04955540   -0.19965921  0.00000000
    2    1
 -0.19965921  0.00000000    0.00000000  0.04955540   -0.02275272  0.00000000
  0.00000000  0.04955540   -0.20553062  0.00000000    0.00000000 -0.04955540
 -0.02275272  0.00000000    0.00000000 -0.04955540   -0.19965921  0.00000000
    2    2
  0.24015211  0.00000000    0.00000000 -0.00314719   -0.00328258  0.00000000
  0.00000000  0.00314719    0.24047354  0.00000000    0.00000000 -0.00314719
 -0.00328258  0.00000000    0.00000000  0.00314719    0.24015211  0.00000000

     Dynamical  Matrix in cartesian axes

     q = (   -0.250000000   0.000000000  -0.250000000 ) 

    1    1
  0.24015211  0.00000000    0.00000000 -0.00314719    0.00328258  0.00000000
  0.00000000  0.00314719    0.24047354  0.00000000    0.00000000  0.00314719
  0.00328258  0.00000000    0.00000000 -0.00314719    0.24015211  0.00000000
    1    2
 -0.14118038 -0.14118038   -0.03504096  0.03504096    0.01608860  0.01608860
 -0.03504096  0.03504096   -0.14533210 -0.14533210   -0.03504096  0.03504096
  0.01608860  0.01608860   -0.03504096  0.03504096   -0.14118038 -0.14118038
    2    1
 -0.14118038  0.14118038   -0.03504096 -0.03504096    0.01608860 -0.01608860
 -0.03504096 -0.03504096   -0.14533210  0.14533210   -0.03504096 -0.03504096
  0.01608860 -0.01608860   -0.03504096 -0.03504096   -0.14118038  0.14118038
    2    2
  0.24015211  0.00000000    0.00000000  0.00314719    0.00328258  0.00000000
  0.00000000 -0.00314719    0.24047354  0.00000000    0.00000000 -0.00314719
  0.00328258  0.00000000    0.00000000  0.00314719    0.24015211  0.00000000

     Dynamical  Matrix in cartesian axes

     q = (    0.000000000   0.250000000  -0.250000000 ) 

    1    1
  0.24047354  0.00000000    0.00000000  0.00314719    0.00000000 -0.00314719
  0.00000000 -0.00314719    0.24015211  0.00000000   -0.00328258  0.00000000
  0.00000000  0.00314719   -0.00328258  0.00000000    0.24015211  0.00000000
    1    2
 -0.20553062  0.00000000    0.00000000  0.04955540    0.00000000 -0.04955540
  0.00000000  0.04955540   -0.19965921  0.00000000   -0.02275272  0.00000000
  0.00000000 -0.04955540   -0.02275272  0.00000000   -0.19965921  0.00000000
    2    1
 -0.20553062  0.00000000    0.00000000 -0.04955540    0.00000000  0.04955540
  0.00000000 -0.04955540   -0.19965921  0.00000000   -0.02275272  0.00000000
  0.00000000  0.04955540   -0.02275272  0.00000000   -0.19965921  0.00000000
    2    2
  0.24047354  0.00000000    0.00000000 -0.00314719    0.00000000  0.00314719
  0.00000000  0.00314719    0.24015211  0.00000000   -0.00328258  0.00000000
  0.00000000 -0.00314719   -0.00328258  0.00000000    0.24015211  0.00000000

     Dynamical  Matrix in cartesian axes

     q = (   -0.250000000   0.250000000   0.000000000 ) 

    1    1
  0.24015211  0.00000000   -0.00328258  0.00000000    0.00000000  0.00314719
 -0.00328258  0.00000000    0.24015211  0.00000000    0.00000000 -0.00314719
  0.00000000 -0.00314719    0.00000000  0.00314719    0.24047354  0.00000000
    1    2
 -0.19965921  0.00000000   -0.02275272  0.00000000    0.00000000 -0.04955540
 -0.02275272  0.00000000   -0.19965921  0.00000000    0.00000000  0.04955540
  0.00000000 -0.04955540    0.00000000  0.04955540   -0.20553062  0.00000000
    2    1
 -0.19965921  0.00000000   -0.02275272  0.00000000    0.00000000  0.04955540
 -0.02275272  0.00000000   -0.19965921  0.00000000    0.00000000 -0.04955540
  0.00000000  0.04955540    0.00000000 -0.04955540   -0.20553062  0.00000000
    2    2
  0.24015211  0.00000000   -0.00328258  0.00000000    0.00000000 -0.00314719
 -0.00328258  0.00000000    0.24015211  0.00000000    0.00000000  0.00314719
  0.00000000  0.00314719    0.00000000 -0.00314719    0.24047354  0.00000000

     Dynamical  Matrix in cartesian axes

     q = (    0.250000000   0.000000000  -0.250000000 ) 

    1    1
  0.24015211  0.00000000    0.00000000 -0.00314719   -0.00328258  0.00000000
  0.00000000  0.00314719    0.24047354  0.00000000    0.00000000 -0.00314719
 -0.00328258  0.00000000    0.00000000  0.00314719    0.24015211  0.00000000
    1    2
 -0.19965921  0.00000000    0.00000000  0.04955540   -0.02275272  0.00000000
  0.00000000  0.04955540   -0.20553062  0.00000000    0.00000000 -0.04955540
 -0.02275272  0.00000000    0.00000000 -0.04955540   -0.19965921  0.00000000
    2    1
 -0.19965921  0.00000000    0.00000000 -0.04955540   -0.02275272  0.00000000
  0.00000000 -0.04955540   -0.20553062  0.00000000    0.00000000  0.04955540
 -0.02275272  0.00000000    0.00000000  0.04955540   -0.19965921  0.00000000
    2    2
  0.24015211  0.00000000    0.00000000  0.00314719   -0.00328258  0.00000000
  0.00000000 -0.00314719    0.24047354  0.00000000    0.00000000  0.00314719
 -0.00328258  0.00000000    0.00000000 -0.00314719    0.24015211  0.00000000

     Dynamical  Matrix in cartesian axes

     q = (    0.000000000   0.250000000   0.250000000 ) 

    1    1
  0.24047354  0.00000000    0.00000000 -0.00314719    0.00000000 -0.00314719
  0.00000000  0.00314719    0.24015211  0.00000000    0.00328258  0.00000000
  0.00000000  0.00314719    0.00328258  0.00000000    0.24015211  0.00000000
    1    2
 -0.14533210  0.14533210   -0.03504096 -0.03504096   -0.03504096 -0.03504096
 -0.03504096 -0.03504096   -0.14118038  0.14118038    0.01608860 -0.01608860
 -0.03504096 -0.03504096    0.01608860 -0.01608860   -0.14118038  0.14118038
    2    1
 -0.14533210 -0.14533210   -0.03504096  0.03504096   -0.03504096  0.03504096
 -0.03504096  0.03504096   -0.14118038 -0.14118038    0.01608860  0.01608860
 -0.03504096  0.03504096    0.01608860  0.01608860   -0.14118038 -0.14118038
    2    2
  0.24047354  0.00000000    0.00000000  0.00314719    0.00000000  0.00314719
  0.00000000 -0.00314719    0.24015211  0.00000000    0.00328258  0.00000000
  0.00000000 -0.00314719    0.00328258  0.00000000    0.24015211  0.00000000

     Dynamical  Matrix in cartesian axes

     q = (    0.000000000  -0.250000000  -0.250000000 ) 

    1    1
  0.24047354  0.00000000    0.00000000  0.00314719    0.00000000  0.00314719
  0.00000000 -0.00314719    0.24015211  0.00000000    0.00328258  0.00000000
  0.00000000 -0.00314719    0.00328258  0.00000000    0.24015211  0.00000000
    1    2
 -0.14533210 -0.14533210   -0.03504096  0.03504096   -0.03504096  0.03504096
 -0.03504096  0.03504096   -0.14118038 -0.14118038    0.01608860  0.01608860
 -0.03504096  0.03504096    0.01608860  0.01608860   -0.14118038 -0.14118038
    2    1
 -0.14533210  0.14533210   -0.03504096 -0.03504096   -0.03504096 -0.03504096
 -0.03504096 -0.03504096   -0.14118038  0.14118038    0.01608860 -0.01608860
 -0.03504096 -0.03504096    0.01608860 -0.01608860   -0.14118038  0.14118038
    2    2
  0.24047354  0.00000000    0.00000000 -0.00314719    0.00000000 -0.00314719
  0.00000000  0.00314719    0.24015211  0.00000000    0.00328258  0.00000000
  0.00000000  0.00314719    0.00328258  0.00000000    0.24015211  0.00000000

     Dynamical  Matrix in cartesian axes

     q = (    0.250000000   0.250000000   0.000000000 ) 

    1    1
  0.24015211  0.00000000    0.00328258  0.00000000    0.00000000  0.00314719
  0.00328258  0.00000000    0.24015211  0.00000000    0.00000000  0.00314719
  0.00000000 -0.00314719    0.00000000 -0.00314719    0.24047354  0.00000000
    1    2
 -0.14118038  0.14118038    0.01608860 -0.01608860   -0.03504096 -0.03504096
  0.01608860 -0.01608860   -0.14118038  0.14118038   -0.03504096 -0.03504096
 -0.03504096 -0.03504096   -0.03504096 -0.03504096   -0.14533210  0.14533210
    2    1
 -0.14118038 -0.14118038    0.01608860  0.01608860   -0.03504096  0.03504096
  0.01608860  0.01608860   -0.14118038 -0.14118038   -0.03504096  0.03504096
 -0.03504096  0.03504096   -0.03504096  0.03504096   -0.14533210 -0.14533210
    2    2
  0.24015211  0.00000000    0.00328258  0.00000000    0.00000000 -0.00314719
  0.00328258  0.00000000    0.24015211  0.00000000    0.00000000 -0.00314719
  0.00000000  0.00314719    0.00000000  0.00314719    0.24047354  0.00000000

     Dynamical  Matrix in cartesian axes

     q = (   -0.250000000  -0.250000000   0.000000000 ) 

    1    1
  0.24015211  0.00000000    0.00328258  0.00000000    0.00000000 -0.00314719
  0.00328258  0.00000000    0.24015211  0.00000000    0.00000000 -0.00314719
  0.00000000  0.00314719    0.00000000  0.00314719    0.24047354  0.00000000
    1    2
 -0.14118038 -0.14118038    0.01608860  0.01608860   -0.03504096  0.03504096
  0.01608860  0.01608860   -0.14118038 -0.14118038   -0.03504096  0.03504096
 -0.03504096  0.03504096   -0.03504096  0.03504096   -0.14533210 -0.14533210
    2    1
 -0.14118038  0.14118038    0.01608860 -0.01608860   -0.03504096 -0.03504096
  0.01608860 -0.01608860   -0.14118038  0.14118038   -0.03504096 -0.03504096
 -0.03504096 -0.03504096   -0.03504096 -0.03504096   -0.14533210  0.14533210
    2    2
  0.24015211  0.00000000    0.00328258  0.00000000    0.00000000  0.00314719
  0.00328258  0.00000000    0.24015211  0.00000000    0.00000000  0.00314719
  0.00000000 -0.00314719    0.00000000 -0.00314719    0.24047354  0.00000000

     Dynamical  Matrix in cartesian axes

     q = (    0.000000000  -0.250000000   0.250000000 ) 

    1    1
  0.24047354  0.00000000    0.00000000 -0.00314719    0.00000000  0.00314719
  0.00000000  0.00314719    0.24015211  0.00000000   -0.00328258  0.00000000
  0.00000000 -0.00314719   -0.00328258  0.00000000    0.24015211  0.00000000
    1    2
 -0.20553062  0.00000000    0.00000000 -0.04955540    0.00000000  0.04955540
  0.00000000 -0.04955540   -0.19965921  0.00000000   -0.02275272  0.00000000
  0.00000000  0.04955540   -0.02275272  0.00000000   -0.19965921  0.00000000
    2    1
 -0.20553062  0.00000000    0.00000000  0.04955540    0.00000000 -0.04955540
  0.00000000  0.04955540   -0.19965921  0.00000000   -0.02275272  0.00000000
  0.00000000 -0.04955540   -0.02275272  0.00000000   -0.19965921  0.00000000
    2    2
  0.24047354  0.00000000    0.00000000  0.00314719    0.00000000 -0.00314719
  0.00000000 -0.00314719    0.24015211  0.00000000   -0.00328258  0.00000000
  0.00000000  0.00314719   -0.00328258  0.00000000    0.24015211  0.00000000

     Dynamical  Matrix in cartesian axes

     q = (    0.250000000  -0.250000000   0.000000000 ) 

    1    1
  0.24015211  0.00000000   -0.00328258  0.00000000    0.00000000 -0.00314719
 -0.00328258  0.00000000    0.24015211  0.00000000    0.00000000  0.00314719
  0.00000000  0.00314719    0.00000000 -0.00314719    0.24047354  0.00000000
    1    2
 -0.19965921  0.00000000   -0.02275272  0.00000000    0.00000000  0.04955540
 -0.02275272  0.00000000   -0.19965921  0.00000000    0.00000000 -0.04955540
  0.00000000  0.04955540    0.00000000 -0.04955540   -0.20553062  0.00000000
    2    1
 -0.19965921  0.00000000   -0.02275272  0.00000000    0.00000000 -0.04955540
 -0.02275272  0.00000000   -0.19965921  0.00000000    0.00000000  0.04955540
  0.00000000 -0.04955540    0.00000000  0.04955540   -0.20553062  0.00000000
    2    2
  0.24015211  0.00000000   -0.00328258  0.00000000    0.00000000  0.00314719
 -0.00328258  0.00000000    0.24015211  0.00000000    0.00000000 -0.00314719
  0.00000000 -0.00314719    0.00000000  0.00314719    0.24047354  0.00000000

     Diagonalizing the dynamical matrix

     q = (    0.250000000   0.000000000   0.250000000 ) 

 **************************************************************************
     omega( 1) =       1.537658 [THz] =      51.290747 [cm-1]
 (  0.353553 -0.353553  0.000000  0.000000 -0.353553  0.353553 ) 
 (  0.500000  0.000000  0.000000  0.000000 -0.500000  0.000000 ) 
     omega( 2) =       1.984157 [THz] =      66.184346 [cm-1]
 (  0.057770 -0.057770 -0.493280 -0.493280  0.057770 -0.057770 ) 
 ( -0.081699  0.000000  0.000000 -0.697604 -0.081699  0.000000 ) 
     omega( 3) =       2.927765 [THz] =      97.659741 [cm-1]
 ( -0.347380  0.347380 -0.093030 -0.093030 -0.347380  0.347380 ) 
 ( -0.491269  0.000000  0.000000  0.131564 -0.491269  0.000000 ) 
     omega( 4) =       8.397631 [THz] =     280.114817 [cm-1]
 ( -0.348802  0.348802 -0.081699 -0.081699 -0.348802  0.348802 ) 
 (  0.493280  0.000000  0.000000 -0.115539  0.493280  0.000000 ) 
     omega( 5) =       8.666649 [THz] =     289.088303 [cm-1]
 ( -0.353553  0.353553  0.000000  0.000000  0.353553 -0.353553 ) 
 (  0.500000  0.000000  0.000000  0.000000 -0.500000  0.000000 ) 
     omega( 6) =       8.674540 [THz] =     289.351507 [cm-1]
 ( -0.065782  0.065782  0.491269  0.491269 -0.065782  0.065782 ) 
 ( -0.093030  0.000000  0.000000 -0.694760 -0.093030  0.000000 ) 
 **************************************************************************
