Dynamical matrix file
                                                                           
  1    2  2 10.6000000  0.0000000  0.0000000  0.0000000  0.0000000  0.0000000
           1  'Ge  '    66179.9664212243     
    1    1      0.0000000      0.0000000      0.0000000
    2    1      0.2500000      0.2500000      0.2500000

     Dynamical  Matrix in cartesian axes

     q = (    0.625000000  -0.375000000   0.625000000 ) 

    1    1
  0.23446245  0.00000000   -0.01197550  0.00654433    0.01043870  0.00000000
 -0.01197550 -0.00654433    0.25278647  0.00000000   -0.01197550 -0.00654433
  0.01043870  0.00000000   -0.01197550  0.00654433    0.23446245  0.00000000
    1    2
 -0.10343593  0.04395381   -0.06695135  0.02943419    0.04890621 -0.08243913
 -0.06695135  0.02943419   -0.10920239  0.05571827   -0.06695135  0.02943419
  0.04890621 -0.08243913   -0.06695135  0.02943419   -0.10343593  0.04395381
    2    1
 -0.10343593 -0.04395381   -0.06695135 -0.02943419    0.04890621  0.08243913
 -0.06695135 -0.02943419   -0.10920239 -0.05571827   -0.06695135 -0.02943419
  0.04890621  0.08243913   -0.06695135 -0.02943419   -0.10343593 -0.04395381
    2    2
  0.23446245  0.00000000   -0.01197550 -0.00654433    0.01043870  0.00000000
 -0.01197550  0.00654433    0.25278647  0.00000000   -0.01197550  0.00654433
  0.01043870  0.00000000   -0.01197550 -0.00654433    0.23446245  0.00000000

     Dynamical  Matrix in cartesian axes

     q = (    0.625000000  -0.375000000  -0.625000000 ) 

    1    1
  0.23446245  0.00000000   -0.01197550 -0.00654433   -0.01043870  0.00000000
 -0.01197550  0.00654433    0.25278647  0.00000000    0.01197550 -0.00654433
 -0.01043870  0.00000000    0.01197550  0.00654433    0.23446245  0.00000000
    1    2
 -0.10422029  0.04206022   -0.06815487  0.02652864   -0.09287518 -0.02371136
 -0.06815487  0.02652864   -0.11661652  0.03781898    0.06815487 -0.02652864
 -0.09287518 -0.02371136    0.06815487 -0.02652864   -0.10422029  0.04206022
    2    1
 -0.10422029 -0.04206022   -0.06815487 -0.02652864   -0.09287518  0.02371136
 -0.06815487 -0.02652864   -0.11661652 -0.03781898    0.06815487  0.02652864
 -0.09287518  0.02371136    0.06815487  0.02652864   -0.10422029 -0.04206022
    2    2
  0.23446245  0.00000000   -0.01197550  0.00654433   -0.01043870  0.00000000
 -0.01197550 -0.00654433    0.25278647  0.00000000    0.01197550  0.00654433
 -0.01043870  0.00000000    0.01197550 -0.00654433    0.23446245  0.00000000

     Dynamical  Matrix in cartesian axes

     q = (   -0.625000000  -0.375000000   0.625000000 ) 

    1    1
  0.23446245  0.00000000    0.01197550  0.00654433   -0.01043870  0.00000000
  0.01197550 -0.00654433    0.25278647  0.00000000   -0.01197550  0.00654433
 -0.01043870  0.00000000   -0.01197550 -0.00654433    0.23446245  0.00000000
    1    2
 -0.10422029  0.04206022    0.06815487 -0.02652864   -0.09287518 -0.02371136
  0.06815487 -0.02652864   -0.11661652  0.03781898   -0.06815487  0.02652864
 -0.09287518 -0.02371136   -0.06815487  0.02652864   -0.10422029  0.04206022
    2    1
 -0.10422029 -0.04206022    0.06815487  0.02652864   -0.09287518  0.02371136
  0.06815487  0.02652864   -0.11661652 -0.03781898   -0.06815487 -0.02652864
 -0.09287518  0.02371136   -0.06815487 -0.02652864   -0.10422029 -0.04206022
    2    2
  0.23446245  0.00000000    0.01197550 -0.00654433   -0.01043870  0.00000000
  0.01197550  0.00654433    0.25278647  0.00000000   -0.01197550 -0.00654433
 -0.01043870  0.00000000   -0.01197550  0.00654433    0.23446245  0.00000000

     Dynamical  Matrix in cartesian axes

     q = (   -0.625000000  -0.375000000  -0.625000000 ) 

    1    1
  0.23446245  0.00000000    0.01197550 -0.00654433    0.01043870  0.00000000
  0.01197550  0.00654433    0.25278647  0.00000000    0.01197550  0.00654433
  0.01043870  0.00000000    0.01197550 -0.00654433    0.23446245  0.00000000
    1    2
  0.10422029  0.04206022   -0.06815487 -0.02652864   -0.09287518  0.02371136
 -0.06815487 -0.02652864    0.11661652  0.03781898   -0.06815487 -0.02652864
 -0.09287518  0.02371136   -0.06815487 -0.02652864    0.10422029  0.04206022
    2    1
  0.10422029 -0.04206022   -0.06815487  0.02652864   -0.09287518 -0.02371136
 -0.06815487  0.02652864    0.11661652 -0.03781898   -0.06815487  0.02652864
 -0.09287518 -0.02371136   -0.06815487  0.02652864    0.10422029 -0.04206022
    2    2
  0.23446245  0.00000000    0.01197550  0.00654433    0.01043870  0.00000000
  0.01197550 -0.00654433    0.25278647  0.00000000    0.01197550 -0.00654433
  0.01043870  0.00000000    0.01197550  0.00654433    0.23446245  0.00000000

     Dynamical  Matrix in cartesian axes

     q = (   -0.625000000   0.375000000  -0.625000000 ) 

    1    1
  0.23446245  0.00000000   -0.01197550 -0.00654433    0.01043870  0.00000000
 -0.01197550  0.00654433    0.25278647  0.00000000   -0.01197550  0.00654433
  0.01043870  0.00000000   -0.01197550 -0.00654433    0.23446245  0.00000000
    1    2
 -0.10343593 -0.04395381   -0.06695135 -0.02943419    0.04890621  0.08243913
 -0.06695135 -0.02943419   -0.10920239 -0.05571827   -0.06695135 -0.02943419
  0.04890621  0.08243913   -0.06695135 -0.02943419   -0.10343593 -0.04395381
    2    1
 -0.10343593  0.04395381   -0.06695135  0.02943419    0.04890621 -0.08243913
 -0.06695135  0.02943419   -0.10920239  0.05571827   -0.06695135  0.02943419
  0.04890621 -0.08243913   -0.06695135  0.02943419   -0.10343593  0.04395381
    2    2
  0.23446245  0.00000000   -0.01197550  0.00654433    0.01043870  0.00000000
 -0.01197550 -0.00654433    0.25278647  0.00000000   -0.01197550 -0.00654433
  0.01043870  0.00000000   -0.01197550  0.00654433    0.23446245  0.00000000

     Dynamical  Matrix in cartesian axes

     q = (   -0.375000000   0.625000000  -0.625000000 ) 

    1    1
  0.25278647  0.00000000   -0.01197550  0.00654433    0.01197550 -0.00654433
 -0.01197550 -0.00654433    0.23446245  0.00000000   -0.01043870  0.00000000
  0.01197550  0.00654433   -0.01043870  0.00000000    0.23446245  0.00000000
    1    2
 -0.11661652  0.03781898   -0.06815487  0.02652864    0.06815487 -0.02652864
 -0.06815487  0.02652864   -0.10422029  0.04206022   -0.09287518 -0.02371136
  0.06815487 -0.02652864   -0.09287518 -0.02371136   -0.10422029  0.04206022
    2    1
 -0.11661652 -0.03781898   -0.06815487 -0.02652864    0.06815487  0.02652864
 -0.06815487 -0.02652864   -0.10422029 -0.04206022   -0.09287518  0.02371136
  0.06815487  0.02652864   -0.09287518  0.02371136   -0.10422029 -0.04206022
    2    2
  0.25278647  0.00000000   -0.01197550 -0.00654433    0.01197550  0.00654433
 -0.01197550  0.00654433    0.23446245  0.00000000   -0.01043870  0.00000000
  0.01197550 -0.00654433   -0.01043870  0.00000000    0.23446245  0.00000000

     Dynamical  Matrix in cartesian axes

     q = (   -0.625000000   0.625000000  -0.375000000 ) 

    1    1
  0.23446245  0.00000000   -0.01043870  0.00000000    0.01197550  0.00654433
 -0.01043870  0.00000000    0.23446245  0.00000000   -0.01197550 -0.00654433
  0.01197550 -0.00654433   -0.01197550  0.00654433    0.25278647  0.00000000
    1    2
 -0.10422029  0.04206022   -0.09287518 -0.02371136    0.06815487 -0.02652864
 -0.09287518 -0.02371136   -0.10422029  0.04206022   -0.06815487  0.02652864
  0.06815487 -0.02652864   -0.06815487  0.02652864   -0.11661652  0.03781898
    2    1
 -0.10422029 -0.04206022   -0.09287518  0.02371136    0.06815487  0.02652864
 -0.09287518  0.02371136   -0.10422029 -0.04206022   -0.06815487 -0.02652864
  0.06815487  0.02652864   -0.06815487 -0.02652864   -0.11661652 -0.03781898
    2    2
  0.23446245  0.00000000   -0.01043870  0.00000000    0.01197550 -0.00654433
 -0.01043870  0.00000000    0.23446245  0.00000000   -0.01197550  0.00654433
  0.01197550  0.00654433   -0.01197550 -0.00654433    0.25278647  0.00000000

     Dynamical  Matrix in cartesian axes

     q = (    0.625000000   0.375000000   0.625000000 ) 

    1    1
  0.23446245  0.00000000    0.01197550  0.00654433    0.01043870  0.00000000
  0.01197550 -0.00654433    0.25278647  0.00000000    0.01197550 -0.00654433
  0.01043870  0.00000000    0.01197550  0.00654433    0.23446245  0.00000000
    1    2
  0.10422029 -0.04206022   -0.06815487  0.02652864   -0.09287518 -0.02371136
 -0.06815487  0.02652864    0.11661652 -0.03781898   -0.06815487  0.02652864
 -0.09287518 -0.02371136   -0.06815487  0.02652864    0.10422029 -0.04206022
    2    1
  0.10422029  0.04206022   -0.06815487 -0.02652864   -0.09287518  0.02371136
 -0.06815487 -0.02652864    0.11661652  0.03781898   -0.06815487 -0.02652864
 -0.09287518  0.02371136   -0.06815487 -0.02652864    0.10422029  0.04206022
    2    2
  0.23446245  0.00000000    0.01197550 -0.00654433    0.01043870  0.00000000
  0.01197550  0.00654433    0.25278647  0.00000000    0.01197550  0.00654433
  0.01043870  0.00000000    0.01197550 -0.00654433    0.23446245  0.00000000

     Dynamical  Matrix in cartesian axes

     q = (   -0.625000000   0.375000000   0.625000000 ) 

    1    1
  0.23446245  0.00000000   -0.01197550  0.00654433   -0.01043870  0.00000000
 -0.01197550 -0.00654433    0.25278647  0.00000000    0.01197550  0.00654433
 -0.01043870  0.00000000    0.01197550 -0.00654433    0.23446245  0.00000000
    1    2
 -0.10422029 -0.04206022   -0.06815487 -0.02652864   -0.09287518  0.02371136
 -0.06815487 -0.02652864   -0.11661652 -0.03781898    0.06815487  0.02652864
 -0.09287518  0.02371136    0.06815487  0.02652864   -0.10422029 -0.04206022
    2    1
 -0.10422029  0.04206022   -0.06815487  0.02652864   -0.09287518 -0.02371136
 -0.06815487  0.02652864   -0.11661652  0.03781898    0.06815487 -0.02652864
 -0.09287518 -0.02371136    0.06815487 -0.02652864   -0.10422029  0.04206022
    2    2
  0.23446245  0.00000000   -0.01197550 -0.00654433   -0.01043870  0.00000000
 -0.01197550  0.00654433    0.25278647  0.00000000    0.01197550 -0.00654433
 -0.01043870  0.00000000    0.01197550  0.00654433    0.23446245  0.00000000

     Dynamical  Matrix in cartesian axes

     q = (    0.625000000   0.375000000  -0.625000000 ) 

    1    1
  0.23446245  0.00000000    0.01197550 -0.00654433   -0.01043870  0.00000000
  0.01197550  0.00654433    0.25278647  0.00000000   -0.01197550 -0.00654433
 -0.01043870  0.00000000   -0.01197550  0.00654433    0.23446245  0.00000000
    1    2
 -0.10422029 -0.04206022    0.06815487  0.02652864   -0.09287518  0.02371136
  0.06815487  0.02652864   -0.11661652 -0.03781898   -0.06815487 -0.02652864
 -0.09287518  0.02371136   -0.06815487 -0.02652864   -0.10422029 -0.04206022
    2    1
 -0.10422029  0.04206022    0.06815487 -0.02652864   -0.09287518 -0.02371136
  0.06815487 -0.02652864   -0.11661652  0.03781898   -0.06815487  0.02652864
 -0.09287518 -0.02371136   -0.06815487  0.02652864   -0.10422029  0.04206022
    2    2
  0.23446245  0.00000000    0.01197550  0.00654433   -0.01043870  0.00000000
  0.01197550 -0.00654433    0.25278647  0.00000000   -0.01197550  0.00654433
 -0.01043870  0.00000000   -0.01197550 -0.00654433    0.23446245  0.00000000

     Dynamical  Matrix in cartesian axes

     q = (   -0.625000000   0.625000000   0.375000000 ) 

    1    1
  0.23446245  0.00000000   -0.01043870  0.00000000   -0.01197550  0.00654433
 -0.01043870  0.00000000    0.23446245  0.00000000    0.01197550 -0.00654433
 -0.01197550 -0.00654433    0.01197550  0.00654433    0.25278647  0.00000000
    1    2
 -0.10422029 -0.04206022   -0.09287518  0.02371136   -0.06815487 -0.02652864
 -0.09287518  0.02371136   -0.10422029 -0.04206022    0.06815487  0.02652864
 -0.06815487 -0.02652864    0.06815487  0.02652864   -0.11661652 -0.03781898
    2    1
 -0.10422029  0.04206022   -0.09287518 -0.02371136   -0.06815487  0.02652864
 -0.09287518 -0.02371136   -0.10422029  0.04206022    0.06815487 -0.02652864
 -0.06815487  0.02652864    0.06815487 -0.02652864   -0.11661652  0.03781898
    2    2
  0.23446245  0.00000000   -0.01043870  0.00000000   -0.01197550 -0.00654433
 -0.01043870  0.00000000    0.23446245  0.00000000    0.01197550  0.00654433
 -0.01197550  0.00654433    0.01197550 -0.00654433    0.25278647  0.00000000

     Dynamical  Matrix in cartesian axes

     q = (   -0.375000000   0.625000000   0.625000000 ) 

    1    1
  0.25278647  0.00000000   -0.01197550 -0.00654433   -0.01197550 -0.00654433
 -0.01197550  0.00654433    0.23446245  0.00000000    0.01043870  0.00000000
 -0.01197550  0.00654433    0.01043870  0.00000000    0.23446245  0.00000000
    1    2
 -0.10920239  0.05571827   -0.06695135  0.02943419   -0.06695135  0.02943419
 -0.06695135  0.02943419   -0.10343593  0.04395381    0.04890621 -0.08243913
 -0.06695135  0.02943419    0.04890621 -0.08243913   -0.10343593  0.04395381
    2    1
 -0.10920239 -0.05571827   -0.06695135 -0.02943419   -0.06695135 -0.02943419
 -0.06695135 -0.02943419   -0.10343593 -0.04395381    0.04890621  0.08243913
 -0.06695135 -0.02943419    0.04890621  0.08243913   -0.10343593 -0.04395381
    2    2
  0.25278647  0.00000000   -0.01197550  0.00654433   -0.01197550  0.00654433
 -0.01197550 -0.00654433    0.23446245  0.00000000    0.01043870  0.00000000
 -0.01197550 -0.00654433    0.01043870  0.00000000    0.23446245  0.00000000

     Dynamical  Matrix in cartesian axes

     q = (    0.375000000   0.625000000  -0.625000000 ) 

    1    1
  0.25278647  0.00000000    0.01197550  0.00654433   -0.01197550 -0.00654433
  0.01197550 -0.00654433    0.23446245  0.00000000   -0.01043870  0.00000000
 -0.01197550  0.00654433   -0.01043870  0.00000000    0.23446245  0.00000000
    1    2
 -0.11661652 -0.03781898    0.06815487  0.02652864   -0.06815487 -0.02652864
  0.06815487  0.02652864   -0.10422029 -0.04206022   -0.09287518  0.02371136
 -0.06815487 -0.02652864   -0.09287518  0.02371136   -0.10422029 -0.04206022
    2    1
 -0.11661652  0.03781898    0.06815487 -0.02652864   -0.06815487  0.02652864
  0.06815487 -0.02652864   -0.10422029  0.04206022   -0.09287518 -0.02371136
 -0.06815487  0.02652864   -0.09287518 -0.02371136   -0.10422029  0.04206022
    2    2
  0.25278647  0.00000000    0.01197550 -0.00654433   -0.01197550  0.00654433
  0.01197550  0.00654433    0.23446245  0.00000000   -0.01043870  0.00000000
 -0.01197550 -0.00654433   -0.01043870  0.00000000    0.23446245  0.00000000

     Dynamical  Matrix in cartesian axes

     q = (   -0.375000000  -0.625000000  -0.625000000 ) 

    1    1
  0.25278647  0.00000000    0.01197550  0.00654433    0.01197550  0.00654433
  0.01197550 -0.00654433    0.23446245  0.00000000    0.01043870  0.00000000
  0.01197550 -0.00654433    0.01043870  0.00000000    0.23446245  0.00000000
    1    2
  0.11661652  0.03781898   -0.06815487 -0.02652864   -0.06815487 -0.02652864
 -0.06815487 -0.02652864    0.10422029  0.04206022   -0.09287518  0.02371136
 -0.06815487 -0.02652864   -0.09287518  0.02371136    0.10422029  0.04206022
    2    1
  0.11661652 -0.03781898   -0.06815487  0.02652864   -0.06815487  0.02652864
 -0.06815487  0.02652864    0.10422029 -0.04206022   -0.09287518 -0.02371136
 -0.06815487  0.02652864   -0.09287518 -0.02371136    0.10422029 -0.04206022
    2    2
  0.25278647  0.00000000    0.01197550 -0.00654433    0.01197550 -0.00654433
  0.01197550  0.00654433    0.23446245  0.00000000    0.01043870  0.00000000
  0.01197550  0.00654433    0.01043870  0.00000000    0.23446245  0.00000000

     Dynamical  Matrix in cartesian axes

     q = (    0.625000000   0.625000000  -0.375000000 ) 

    1    1
  0.23446245  0.00000000    0.01043870  0.00000000   -0.01197550  0.00654433
  0.01043870  0.00000000    0.23446245  0.00000000   -0.01197550  0.00654433
 -0.01197550 -0.00654433   -0.01197550 -0.00654433    0.25278647  0.00000000
    1    2
 -0.10343593  0.04395381    0.04890621 -0.08243913   -0.06695135  0.02943419
  0.04890621 -0.08243913   -0.10343593  0.04395381   -0.06695135  0.02943419
 -0.06695135  0.02943419   -0.06695135  0.02943419   -0.10920239  0.05571827
    2    1
 -0.10343593 -0.04395381    0.04890621  0.08243913   -0.06695135 -0.02943419
  0.04890621  0.08243913   -0.10343593 -0.04395381   -0.06695135 -0.02943419
 -0.06695135 -0.02943419   -0.06695135 -0.02943419   -0.10920239 -0.05571827
    2    2
  0.23446245  0.00000000    0.01043870  0.00000000   -0.01197550 -0.00654433
  0.01043870  0.00000000    0.23446245  0.00000000   -0.01197550 -0.00654433
 -0.01197550  0.00654433   -0.01197550  0.00654433    0.25278647  0.00000000

     Dynamical  Matrix in cartesian axes

     q = (   -0.625000000  -0.625000000  -0.375000000 ) 

    1    1
  0.23446245  0.00000000    0.01043870  0.00000000    0.01197550 -0.00654433
  0.01043870  0.00000000    0.23446245  0.00000000    0.01197550 -0.00654433
  0.01197550  0.00654433    0.01197550  0.00654433    0.25278647  0.00000000
    1    2
  0.10422029  0.04206022   -0.09287518  0.02371136   -0.06815487 -0.02652864
 -0.09287518  0.02371136    0.10422029  0.04206022   -0.06815487 -0.02652864
 -0.06815487 -0.02652864   -0.06815487 -0.02652864    0.11661652  0.03781898
    2    1
  0.10422029 -0.04206022   -0.09287518 -0.02371136   -0.06815487  0.02652864
 -0.09287518 -0.02371136    0.10422029 -0.04206022   -0.06815487  0.02652864
 -0.06815487  0.02652864   -0.06815487  0.02652864    0.11661652 -0.03781898
    2    2
  0.23446245  0.00000000    0.01043870  0.00000000    0.01197550  0.00654433
  0.01043870  0.00000000    0.23446245  0.00000000    0.01197550  0.00654433
  0.01197550 -0.00654433    0.01197550 -0.00654433    0.25278647  0.00000000

     Dynamical  Matrix in cartesian axes

     q = (    0.375000000  -0.625000000   0.625000000 ) 

    1    1
  0.25278647  0.00000000   -0.01197550 -0.00654433    0.01197550  0.00654433
 -0.01197550  0.00654433    0.23446245  0.00000000   -0.01043870  0.00000000
  0.01197550 -0.00654433   -0.01043870  0.00000000    0.23446245  0.00000000
    1    2
 -0.11661652 -0.03781898   -0.06815487 -0.02652864    0.06815487  0.02652864
 -0.06815487 -0.02652864   -0.10422029 -0.04206022   -0.09287518  0.02371136
  0.06815487  0.02652864   -0.09287518  0.02371136   -0.10422029 -0.04206022
    2    1
 -0.11661652  0.03781898   -0.06815487  0.02652864    0.06815487 -0.02652864
 -0.06815487  0.02652864   -0.10422029  0.04206022   -0.09287518 -0.02371136
  0.06815487 -0.02652864   -0.09287518 -0.02371136   -0.10422029  0.04206022
    2    2
  0.25278647  0.00000000   -0.01197550  0.00654433    0.01197550 -0.00654433
 -0.01197550 -0.00654433    0.23446245  0.00000000   -0.01043870  0.00000000
  0.01197550  0.00654433   -0.01043870  0.00000000    0.23446245  0.00000000

     Dynamical  Matrix in cartesian axes

     q = (    0.625000000  -0.625000000   0.375000000 ) 

    1    1
  0.23446245  0.00000000   -0.01043870  0.00000000    0.01197550 -0.00654433
 -0.01043870  0.00000000    0.23446245  0.00000000   -0.01197550  0.00654433
  0.01197550  0.00654433   -0.01197550 -0.00654433    0.25278647  0.00000000
    1    2
 -0.10422029 -0.04206022   -0.09287518  0.02371136    0.06815487  0.02652864
 -0.09287518  0.02371136   -0.10422029 -0.04206022   -0.06815487 -0.02652864
  0.06815487  0.02652864   -0.06815487 -0.02652864   -0.11661652 -0.03781898
    2    1
 -0.10422029  0.04206022   -0.09287518 -0.02371136    0.06815487 -0.02652864
 -0.09287518 -0.02371136   -0.10422029  0.04206022   -0.06815487  0.02652864
  0.06815487 -0.02652864   -0.06815487  0.02652864   -0.11661652  0.03781898
    2    2
  0.23446245  0.00000000   -0.01043870  0.00000000    0.01197550  0.00654433
 -0.01043870  0.00000000    0.23446245  0.00000000   -0.01197550 -0.00654433
  0.01197550 -0.00654433   -0.01197550  0.00654433    0.25278647  0.00000000

     Dynamical  Matrix in cartesian axes

     q = (    0.375000000   0.625000000   0.625000000 ) 

    1    1
  0.25278647  0.00000000    0.01197550 -0.00654433    0.01197550 -0.00654433
  0.01197550  0.00654433    0.23446245  0.00000000    0.01043870  0.00000000
  0.01197550  0.00654433    0.01043870  0.00000000    0.23446245  0.00000000
    1    2
  0.11661652 -0.03781898   -0.06815487  0.02652864   -0.06815487  0.02652864
 -0.06815487  0.02652864    0.10422029 -0.04206022   -0.09287518 -0.02371136
 -0.06815487  0.02652864   -0.09287518 -0.02371136    0.10422029 -0.04206022
    2    1
  0.11661652  0.03781898   -0.06815487 -0.02652864   -0.06815487 -0.02652864
 -0.06815487 -0.02652864    0.10422029  0.04206022   -0.09287518  0.02371136
 -0.06815487 -0.02652864   -0.09287518  0.02371136    0.10422029  0.04206022
    2    2
  0.25278647  0.00000000    0.01197550  0.00654433    0.01197550  0.00654433
  0.01197550 -0.00654433    0.23446245  0.00000000    0.01043870  0.00000000
  0.01197550 -0.00654433    0.01043870  0.00000000    0.23446245  0.00000000

     Dynamical  Matrix in cartesian axes

     q = (   -0.625000000  -0.625000000   0.375000000 ) 

    1    1
  0.23446245  0.00000000    0.01043870  0.00000000   -0.01197550 -0.00654433
  0.01043870  0.00000000    0.23446245  0.00000000   -0.01197550 -0.00654433
 -0.01197550  0.00654433   -0.01197550  0.00654433    0.25278647  0.00000000
    1    2
 -0.10343593 -0.04395381    0.04890621  0.08243913   -0.06695135 -0.02943419
  0.04890621  0.08243913   -0.10343593 -0.04395381   -0.06695135 -0.02943419
 -0.06695135 -0.02943419   -0.06695135 -0.02943419   -0.10920239 -0.05571827
    2    1
 -0.10343593  0.04395381    0.04890621 -0.08243913   -0.06695135  0.02943419
  0.04890621 -0.08243913   -0.10343593  0.04395381   -0.06695135  0.02943419
 -0.06695135  0.02943419   -0.06695135  0.02943419   -0.10920239  0.05571827
    2    2
  0.23446245  0.00000000    0.01043870  0.00000000   -0.01197550  0.00654433
  0.01043870  0.00000000    0.23446245  0.00000000   -0.01197550  0.00654433
 -0.01197550 -0.00654433   -0.01197550 -0.00654433    0.25278647  0.00000000

     Dynamical  Matrix in cartesian axes

     q = (   -0.375000000  -0.625000000   0.625000000 ) 

    1    1
  0.25278647  0.00000000    0.01197550 -0.00654433   -0.01197550  0.00654433
  0.01197550  0.00654433    0.23446245  0.00000000   -0.01043870  0.00000000
 -0.01197550 -0.00654433   -0.01043870  0.00000000    0.23446245  0.00000000
    1    2
 -0.11661652  0.03781898    0.06815487 -0.02652864   -0.06815487  0.02652864
  0.06815487 -0.02652864   -0.10422029  0.04206022   -0.09287518 -0.02371136
 -0.06815487  0.02652864   -0.09287518 -0.02371136   -0.10422029  0.04206022
    2    1
 -0.11661652 -0.03781898    0.06815487  0.02652864   -0.06815487 -0.02652864
  0.06815487  0.02652864   -0.10422029 -0.04206022   -0.09287518  0.02371136
 -0.06815487 -0.02652864   -0.09287518  0.02371136   -0.10422029 -0.04206022
    2    2
  0.25278647  0.00000000    0.01197550  0.00654433   -0.01197550 -0.00654433
  0.01197550 -0.00654433    0.23446245  0.00000000   -0.01043870  0.00000000
 -0.01197550  0.00654433   -0.01043870  0.00000000    0.23446245  0.00000000

     Dynamical  Matrix in cartesian axes

     q = (    0.625000000   0.625000000   0.375000000 ) 

    1    1
  0.23446245  0.00000000    0.01043870  0.00000000    0.01197550  0.00654433
  0.01043870  0.00000000    0.23446245  0.00000000    0.01197550  0.00654433
  0.01197550 -0.00654433    0.01197550 -0.00654433    0.25278647  0.00000000
    1    2
  0.10422029 -0.04206022   -0.09287518 -0.02371136   -0.06815487  0.02652864
 -0.09287518 -0.02371136    0.10422029 -0.04206022   -0.06815487  0.02652864
 -0.06815487  0.02652864   -0.06815487  0.02652864    0.11661652 -0.03781898
    2    1
  0.10422029  0.04206022   -0.09287518  0.02371136   -0.06815487 -0.02652864
 -0.09287518  0.02371136    0.10422029  0.04206022   -0.06815487 -0.02652864
 -0.06815487 -0.02652864   -0.06815487 -0.02652864    0.11661652  0.03781898
    2    2
  0.23446245  0.00000000    0.01043870  0.00000000    0.01197550 -0.00654433
  0.01043870  0.00000000    0.23446245  0.00000000    0.01197550 -0.00654433
  0.01197550  0.00654433    0.01197550  0.00654433    0.25278647  0.00000000

     Dynamical  Matrix in cartesian axes

     q = (    0.375000000  -0.625000000  -0.625000000 ) 

    1    1
  0.25278647  0.00000000   -0.01197550  0.00654433   -0.01197550  0.00654433
 -0.01197550 -0.00654433    0.23446245  0.00000000    0.01043870  0.00000000
 -0.01197550 -0.00654433    0.01043870  0.00000000    0.23446245  0.00000000
    1    2
 -0.10920239 -0.05571827   -0.06695135 -0.02943419   -0.06695135 -0.02943419
 -0.06695135 -0.02943419   -0.10343593 -0.04395381    0.04890621  0.08243913
 -0.06695135 -0.02943419    0.04890621  0.08243913   -0.10343593 -0.04395381
    2    1
 -0.10920239  0.05571827   -0.06695135  0.02943419   -0.06695135  0.02943419
 -0.06695135  0.02943419   -0.10343593  0.04395381    0.04890621 -0.08243913
 -0.06695135  0.02943419    0.04890621 -0.08243913   -0.10343593  0.04395381
    2    2
  0.25278647  0.00000000   -0.01197550 -0.00654433   -0.01197550 -0.00654433
 -0.01197550  0.00654433    0.23446245  0.00000000    0.01043870  0.00000000
 -0.01197550  0.00654433    0.01043870  0.00000000    0.23446245  0.00000000

     Dynamical  Matrix in cartesian axes

     q = (    0.625000000  -0.625000000  -0.375000000 ) 

    1    1
  0.23446245  0.00000000   -0.01043870  0.00000000   -0.01197550 -0.00654433
 -0.01043870  0.00000000    0.23446245  0.00000000    0.01197550  0.00654433
 -0.01197550  0.00654433    0.01197550 -0.00654433    0.25278647  0.00000000
    1    2
 -0.10422029  0.04206022   -0.09287518 -0.02371136   -0.06815487  0.02652864
 -0.09287518 -0.02371136   -0.10422029  0.04206022    0.06815487 -0.02652864
 -0.06815487  0.02652864    0.06815487 -0.02652864   -0.11661652  0.03781898
    2    1
 -0.10422029 -0.04206022   -0.09287518  0.02371136   -0.06815487 -0.02652864
 -0.09287518  0.02371136   -0.10422029 -0.04206022    0.06815487  0.02652864
 -0.06815487 -0.02652864    0.06815487  0.02652864   -0.11661652 -0.03781898
    2    2
  0.23446245  0.00000000   -0.01043870  0.00000000   -0.01197550  0.00654433
 -0.01043870  0.00000000    0.23446245  0.00000000    0.01197550 -0.00654433
 -0.01197550 -0.00654433    0.01197550  0.00654433    0.25278647  0.00000000

     Diagonalizing the dynamical matrix

     q = (    0.625000000  -0.375000000   0.625000000 ) 

 **************************************************************************
     omega( 1) =       2.065059 [THz] =      68.882938 [cm-1]
 (  0.384804 -0.319258  0.000000  0.000000 -0.384804  0.319258 ) 
 (  0.500000  0.000000  0.000000  0.000000 -0.500000  0.000000 ) 
     omega( 2) =       2.567809 [THz] =      85.652873 [cm-1]
 ( -0.305932  0.001471 -0.541869  0.138509 -0.305932  0.001471 ) 
 ( -0.305936  0.000000 -0.542528 -0.135903 -0.305936  0.000000 ) 
     omega( 3) =       5.896018 [THz] =     196.669980 [cm-1]
 (  0.196575 -0.375587 -0.032501  0.373535  0.196575 -0.375587 ) 
 ( -0.423919  0.000000  0.346018  0.144416 -0.423919  0.000000 ) 
     omega( 4) =       7.072602 [THz] =     235.916623 [cm-1]
 (  0.179796 -0.330432 -0.037281  0.464312  0.179796 -0.330432 ) 
 (  0.376181  0.000000 -0.425664 -0.189171  0.376181  0.000000 ) 
     omega( 5) =       8.307174 [THz] =     277.097499 [cm-1]
 (  0.384804 -0.319258  0.000000  0.000000 -0.384804  0.319258 ) 
 ( -0.500000  0.000000  0.000000  0.000000  0.500000  0.000000 ) 
     omega( 6) =       8.450155 [THz] =     281.866840 [cm-1]
 (  0.266904  0.118092  0.567152 -0.089282  0.266904  0.118092 ) 
 ( -0.291862  0.000000 -0.482528 -0.311126 -0.291862  0.000000 ) 
 **************************************************************************
