Dynamical matrix file
                                                                           
  1    2  2 10.6000000  0.0000000  0.0000000  0.0000000  0.0000000  0.0000000
           1  'Ge  '    66179.9664212243     
    1    1      0.0000000      0.0000000      0.0000000
    2    1      0.2500000      0.2500000      0.2500000

     Dynamical  Matrix in cartesian axes

     q = (    0.000000000   0.750000000   0.000000000 ) 

    1    1
  0.21097459  0.00000000    0.00000000  0.00000000    0.00000000  0.00000000
  0.00000000  0.00000000    0.30063711  0.00000000    0.00000000  0.00000000
  0.00000000  0.00000000    0.00000000  0.00000000    0.21097459  0.00000000
    1    2
 -0.03106818  0.07500523    0.00000000  0.00000000   -0.14679117 -0.06080290
  0.00000000  0.00000000   -0.03619438  0.08738096    0.00000000  0.00000000
 -0.14679117 -0.06080290    0.00000000  0.00000000   -0.03106818  0.07500523
    2    1
 -0.03106818 -0.07500523    0.00000000  0.00000000   -0.14679117  0.06080290
  0.00000000  0.00000000   -0.03619438 -0.08738096    0.00000000  0.00000000
 -0.14679117  0.06080290    0.00000000  0.00000000   -0.03106818 -0.07500523
    2    2
  0.21097459  0.00000000    0.00000000  0.00000000    0.00000000  0.00000000
  0.00000000  0.00000000    0.30063711  0.00000000    0.00000000  0.00000000
  0.00000000  0.00000000    0.00000000  0.00000000    0.21097459  0.00000000

     Dynamical  Matrix in cartesian axes

     q = (    0.000000000  -0.750000000   0.000000000 ) 

    1    1
  0.21097459  0.00000000    0.00000000  0.00000000    0.00000000  0.00000000
  0.00000000  0.00000000    0.30063711  0.00000000    0.00000000  0.00000000
  0.00000000  0.00000000    0.00000000  0.00000000    0.21097459  0.00000000
    1    2
 -0.03106818 -0.07500523    0.00000000  0.00000000   -0.14679117  0.06080290
  0.00000000  0.00000000   -0.03619438 -0.08738096    0.00000000  0.00000000
 -0.14679117  0.06080290    0.00000000  0.00000000   -0.03106818 -0.07500523
    2    1
 -0.03106818  0.07500523    0.00000000  0.00000000   -0.14679117 -0.06080290
  0.00000000  0.00000000   -0.03619438  0.08738096    0.00000000  0.00000000
 -0.14679117 -0.06080290    0.00000000  0.00000000   -0.03106818  0.07500523
    2    2
  0.21097459  0.00000000    0.00000000  0.00000000    0.00000000  0.00000000
  0.00000000  0.00000000    0.30063711  0.00000000    0.00000000  0.00000000
  0.00000000  0.00000000    0.00000000  0.00000000    0.21097459  0.00000000

     Dynamical  Matrix in cartesian axes

     q = (    0.750000000   0.000000000   0.000000000 ) 

    1    1
  0.30063711  0.00000000    0.00000000  0.00000000    0.00000000  0.00000000
  0.00000000  0.00000000    0.21097459  0.00000000    0.00000000  0.00000000
  0.00000000  0.00000000    0.00000000  0.00000000    0.21097459  0.00000000
    1    2
 -0.03619438  0.08738096    0.00000000  0.00000000    0.00000000  0.00000000
  0.00000000  0.00000000   -0.03106818  0.07500523   -0.14679117 -0.06080290
  0.00000000  0.00000000   -0.14679117 -0.06080290   -0.03106818  0.07500523
    2    1
 -0.03619438 -0.08738096    0.00000000  0.00000000    0.00000000  0.00000000
  0.00000000  0.00000000   -0.03106818 -0.07500523   -0.14679117  0.06080290
  0.00000000  0.00000000   -0.14679117  0.06080290   -0.03106818 -0.07500523
    2    2
  0.30063711  0.00000000    0.00000000  0.00000000    0.00000000  0.00000000
  0.00000000  0.00000000    0.21097459  0.00000000    0.00000000  0.00000000
  0.00000000  0.00000000    0.00000000  0.00000000    0.21097459  0.00000000

     Dynamical  Matrix in cartesian axes

     q = (    0.000000000   0.000000000   0.750000000 ) 

    1    1
  0.21097459  0.00000000    0.00000000  0.00000000    0.00000000  0.00000000
  0.00000000  0.00000000    0.21097459  0.00000000    0.00000000  0.00000000
  0.00000000  0.00000000    0.00000000  0.00000000    0.30063711  0.00000000
    1    2
 -0.03106818  0.07500523   -0.14679117 -0.06080290    0.00000000  0.00000000
 -0.14679117 -0.06080290   -0.03106818  0.07500523    0.00000000  0.00000000
  0.00000000  0.00000000    0.00000000  0.00000000   -0.03619438  0.08738096
    2    1
 -0.03106818 -0.07500523   -0.14679117  0.06080290    0.00000000  0.00000000
 -0.14679117  0.06080290   -0.03106818 -0.07500523    0.00000000  0.00000000
  0.00000000  0.00000000    0.00000000  0.00000000   -0.03619438 -0.08738096
    2    2
  0.21097459  0.00000000    0.00000000  0.00000000    0.00000000  0.00000000
  0.00000000  0.00000000    0.21097459  0.00000000    0.00000000  0.00000000
  0.00000000  0.00000000    0.00000000  0.00000000    0.30063711  0.00000000

     Dynamical  Matrix in cartesian axes

     q = (    0.000000000   0.000000000  -0.750000000 ) 

    1    1
  0.21097459  0.00000000    0.00000000  0.00000000    0.00000000  0.00000000
  0.00000000  0.00000000    0.21097459  0.00000000    0.00000000  0.00000000
  0.00000000  0.00000000    0.00000000  0.00000000    0.30063711  0.00000000
    1    2
 -0.03106818 -0.07500523   -0.14679117  0.06080290    0.00000000  0.00000000
 -0.14679117  0.06080290   -0.03106818 -0.07500523    0.00000000  0.00000000
  0.00000000  0.00000000    0.00000000  0.00000000   -0.03619438 -0.08738096
    2    1
 -0.03106818  0.07500523   -0.14679117 -0.06080290    0.00000000  0.00000000
 -0.14679117 -0.06080290   -0.03106818  0.07500523    0.00000000  0.00000000
  0.00000000  0.00000000    0.00000000  0.00000000   -0.03619438  0.08738096
    2    2
  0.21097459  0.00000000    0.00000000  0.00000000    0.00000000  0.00000000
  0.00000000  0.00000000    0.21097459  0.00000000    0.00000000  0.00000000
  0.00000000  0.00000000    0.00000000  0.00000000    0.30063711  0.00000000

     Dynamical  Matrix in cartesian axes

     q = (   -0.750000000   0.000000000   0.000000000 ) 

    1    1
  0.30063711  0.00000000    0.00000000  0.00000000    0.00000000  0.00000000
  0.00000000  0.00000000    0.21097459  0.00000000    0.00000000  0.00000000
  0.00000000  0.00000000    0.00000000  0.00000000    0.21097459  0.00000000
    1    2
 -0.03619438 -0.08738096    0.00000000  0.00000000    0.00000000  0.00000000
  0.00000000  0.00000000   -0.03106818 -0.07500523   -0.14679117  0.06080290
  0.00000000  0.00000000   -0.14679117  0.06080290   -0.03106818 -0.07500523
    2    1
 -0.03619438  0.08738096    0.00000000  0.00000000    0.00000000  0.00000000
  0.00000000  0.00000000   -0.03106818  0.07500523   -0.14679117 -0.06080290
  0.00000000  0.00000000   -0.14679117 -0.06080290   -0.03106818  0.07500523
    2    2
  0.30063711  0.00000000    0.00000000  0.00000000    0.00000000  0.00000000
  0.00000000  0.00000000    0.21097459  0.00000000    0.00000000  0.00000000
  0.00000000  0.00000000    0.00000000  0.00000000    0.21097459  0.00000000

     Diagonalizing the dynamical matrix

     q = (    0.000000000   0.750000000   0.000000000 ) 

 **************************************************************************
     omega( 1) =       2.307179 [THz] =      76.959197 [cm-1]
 ( -0.157180 -0.353462  0.000000  0.000000  0.588927 -0.059368 ) 
 (  0.585497 -0.377154  0.000000  0.000000 -0.122260  0.000000 ) 
     omega( 2) =       2.307179 [THz] =      76.959197 [cm-1]
 ( -0.563042 -0.182600  0.000000  0.000000 -0.228391  0.312216 ) 
 ( -0.102782  0.066208  0.000000  0.000000 -0.696457  0.000000 ) 
     omega( 3) =       5.805038 [THz] =     193.635224 [cm-1]
 (  0.000000  0.000000  0.591953 -0.386770  0.000000  0.000000 ) 
 (  0.000000  0.000000  0.583860  0.398883  0.000000  0.000000 ) 
     omega( 4) =       7.980127 [THz] =     266.188375 [cm-1]
 ( -0.624873 -0.218657  0.000000  0.000000 -0.158029  0.191703 ) 
 (  0.081572  0.089186  0.000000  0.000000  0.696701  0.000000 ) 
     omega( 5) =       7.980127 [THz] =     266.188375 [cm-1]
 ( -0.198552  0.149333  0.000000  0.000000 -0.190604 -0.633993 ) 
 (  0.470208  0.514098  0.000000  0.000000 -0.120864  0.000000 ) 
     omega( 6) =       8.039516 [THz] =     268.169380 [cm-1]
 (  0.000000  0.000000  0.686327 -0.170161  0.000000  0.000000 ) 
 (  0.000000  0.000000 -0.419855 -0.568966  0.000000  0.000000 ) 
 **************************************************************************
