Dynamical matrix file
                                                                           
  1    2  2 10.6000000  0.0000000  0.0000000  0.0000000  0.0000000  0.0000000
           1  'Ge  '    66179.9664212243     
    1    1      0.0000000      0.0000000      0.0000000
    2    1      0.2500000      0.2500000      0.2500000

     Dynamical  Matrix in cartesian axes

     q = (    0.500000000   0.000000000   0.750000000 ) 

    1    1
  0.21376807  0.00000000    0.00000000  0.00188414    0.00411020  0.00000000
  0.00000000 -0.00188414    0.24250779  0.00000000    0.00000000 -0.01447592
  0.00411020  0.00000000    0.00000000  0.01447592    0.23474923  0.00000000
    1    2
  0.02147299  0.05184038   -0.09743034  0.04035697   -0.04075932 -0.09840171
 -0.09743034  0.04035697    0.02719631  0.06565769   -0.04130108  0.01710747
 -0.04075932 -0.09840171   -0.04130108  0.01710747    0.02243946  0.05417365
    2    1
  0.02147299 -0.05184038   -0.09743034 -0.04035697   -0.04075932  0.09840171
 -0.09743034 -0.04035697    0.02719631 -0.06565769   -0.04130108 -0.01710747
 -0.04075932  0.09840171   -0.04130108 -0.01710747    0.02243946 -0.05417365
    2    2
  0.21376807  0.00000000    0.00000000 -0.00188414    0.00411020  0.00000000
  0.00000000  0.00188414    0.24250779  0.00000000    0.00000000  0.01447592
  0.00411020  0.00000000    0.00000000 -0.01447592    0.23474923  0.00000000

     Dynamical  Matrix in cartesian axes

     q = (    0.750000000   0.000000000   0.500000000 ) 

    1    1
  0.23474923  0.00000000    0.00000000  0.01447592    0.00411020  0.00000000
  0.00000000 -0.01447592    0.24250779  0.00000000    0.00000000 -0.00188414
  0.00411020  0.00000000    0.00000000  0.00188414    0.21376807  0.00000000
    1    2
  0.02243946  0.05417365   -0.04130108  0.01710747   -0.04075932 -0.09840171
 -0.04130108  0.01710747    0.02719631  0.06565769   -0.09743034  0.04035697
 -0.04075932 -0.09840171   -0.09743034  0.04035697    0.02147299  0.05184038
    2    1
  0.02243946 -0.05417365   -0.04130108 -0.01710747   -0.04075932  0.09840171
 -0.04130108 -0.01710747    0.02719631 -0.06565769   -0.09743034 -0.04035697
 -0.04075932  0.09840171   -0.09743034 -0.04035697    0.02147299 -0.05184038
    2    2
  0.23474923  0.00000000    0.00000000 -0.01447592    0.00411020  0.00000000
  0.00000000  0.01447592    0.24250779  0.00000000    0.00000000  0.00188414
  0.00411020  0.00000000    0.00000000 -0.00188414    0.21376807  0.00000000

     Dynamical  Matrix in cartesian axes

     q = (    0.500000000   0.000000000  -0.750000000 ) 

    1    1
  0.21376807  0.00000000    0.00000000 -0.00188414   -0.00411020  0.00000000
  0.00000000  0.00188414    0.24250779  0.00000000    0.00000000 -0.01447592
 -0.00411020  0.00000000    0.00000000  0.01447592    0.23474923  0.00000000
    1    2
 -0.05184038 -0.02147299   -0.04035697  0.09743034   -0.09840171 -0.04075932
 -0.04035697  0.09743034   -0.06565769 -0.02719631    0.01710747 -0.04130108
 -0.09840171 -0.04075932    0.01710747 -0.04130108   -0.05417365 -0.02243946
    2    1
 -0.05184038  0.02147299   -0.04035697 -0.09743034   -0.09840171  0.04075932
 -0.04035697 -0.09743034   -0.06565769  0.02719631    0.01710747  0.04130108
 -0.09840171  0.04075932    0.01710747  0.04130108   -0.05417365  0.02243946
    2    2
  0.21376807  0.00000000    0.00000000  0.00188414   -0.00411020  0.00000000
  0.00000000 -0.00188414    0.24250779  0.00000000    0.00000000  0.01447592
 -0.00411020  0.00000000    0.00000000 -0.01447592    0.23474923  0.00000000

     Dynamical  Matrix in cartesian axes

     q = (    0.750000000   0.000000000  -0.500000000 ) 

    1    1
  0.23474923  0.00000000    0.00000000 -0.01447592   -0.00411020  0.00000000
  0.00000000  0.01447592    0.24250779  0.00000000    0.00000000 -0.00188414
 -0.00411020  0.00000000    0.00000000  0.00188414    0.21376807  0.00000000
    1    2
 -0.05417365  0.02243946    0.01710747  0.04130108   -0.09840171  0.04075932
  0.01710747  0.04130108   -0.06565769  0.02719631   -0.04035697 -0.09743034
 -0.09840171  0.04075932   -0.04035697 -0.09743034   -0.05184038  0.02147299
    2    1
 -0.05417365 -0.02243946    0.01710747 -0.04130108   -0.09840171 -0.04075932
  0.01710747 -0.04130108   -0.06565769 -0.02719631   -0.04035697  0.09743034
 -0.09840171 -0.04075932   -0.04035697  0.09743034   -0.05184038 -0.02147299
    2    2
  0.23474923  0.00000000    0.00000000  0.01447592   -0.00411020  0.00000000
  0.00000000 -0.01447592    0.24250779  0.00000000    0.00000000  0.00188414
 -0.00411020  0.00000000    0.00000000 -0.00188414    0.21376807  0.00000000

     Dynamical  Matrix in cartesian axes

     q = (   -0.750000000   0.000000000   0.500000000 ) 

    1    1
  0.23474923  0.00000000    0.00000000  0.01447592   -0.00411020  0.00000000
  0.00000000 -0.01447592    0.24250779  0.00000000    0.00000000  0.00188414
 -0.00411020  0.00000000    0.00000000 -0.00188414    0.21376807  0.00000000
    1    2
 -0.05417365 -0.02243946    0.01710747 -0.04130108   -0.09840171 -0.04075932
  0.01710747 -0.04130108   -0.06565769 -0.02719631   -0.04035697  0.09743034
 -0.09840171 -0.04075932   -0.04035697  0.09743034   -0.05184038 -0.02147299
    2    1
 -0.05417365  0.02243946    0.01710747  0.04130108   -0.09840171  0.04075932
  0.01710747  0.04130108   -0.06565769  0.02719631   -0.04035697 -0.09743034
 -0.09840171  0.04075932   -0.04035697 -0.09743034   -0.05184038  0.02147299
    2    2
  0.23474923  0.00000000    0.00000000 -0.01447592   -0.00411020  0.00000000
  0.00000000  0.01447592    0.24250779  0.00000000    0.00000000 -0.00188414
 -0.00411020  0.00000000    0.00000000  0.00188414    0.21376807  0.00000000

     Dynamical  Matrix in cartesian axes

     q = (   -0.500000000   0.000000000  -0.750000000 ) 

    1    1
  0.21376807  0.00000000    0.00000000 -0.00188414    0.00411020  0.00000000
  0.00000000  0.00188414    0.24250779  0.00000000    0.00000000  0.01447592
  0.00411020  0.00000000    0.00000000 -0.01447592    0.23474923  0.00000000
    1    2
  0.02147299 -0.05184038   -0.09743034 -0.04035697   -0.04075932  0.09840171
 -0.09743034 -0.04035697    0.02719631 -0.06565769   -0.04130108 -0.01710747
 -0.04075932  0.09840171   -0.04130108 -0.01710747    0.02243946 -0.05417365
    2    1
  0.02147299  0.05184038   -0.09743034  0.04035697   -0.04075932 -0.09840171
 -0.09743034  0.04035697    0.02719631  0.06565769   -0.04130108  0.01710747
 -0.04075932 -0.09840171   -0.04130108  0.01710747    0.02243946  0.05417365
    2    2
  0.21376807  0.00000000    0.00000000  0.00188414    0.00411020  0.00000000
  0.00000000 -0.00188414    0.24250779  0.00000000    0.00000000 -0.01447592
  0.00411020  0.00000000    0.00000000  0.01447592    0.23474923  0.00000000

     Dynamical  Matrix in cartesian axes

     q = (   -0.750000000   0.000000000  -0.500000000 ) 

    1    1
  0.23474923  0.00000000    0.00000000 -0.01447592    0.00411020  0.00000000
  0.00000000  0.01447592    0.24250779  0.00000000    0.00000000  0.00188414
  0.00411020  0.00000000    0.00000000 -0.00188414    0.21376807  0.00000000
    1    2
  0.02243946 -0.05417365   -0.04130108 -0.01710747   -0.04075932  0.09840171
 -0.04130108 -0.01710747    0.02719631 -0.06565769   -0.09743034 -0.04035697
 -0.04075932  0.09840171   -0.09743034 -0.04035697    0.02147299 -0.05184038
    2    1
  0.02243946  0.05417365   -0.04130108  0.01710747   -0.04075932 -0.09840171
 -0.04130108  0.01710747    0.02719631  0.06565769   -0.09743034  0.04035697
 -0.04075932 -0.09840171   -0.09743034  0.04035697    0.02147299  0.05184038
    2    2
  0.23474923  0.00000000    0.00000000  0.01447592    0.00411020  0.00000000
  0.00000000 -0.01447592    0.24250779  0.00000000    0.00000000 -0.00188414
  0.00411020  0.00000000    0.00000000  0.00188414    0.21376807  0.00000000

     Dynamical  Matrix in cartesian axes

     q = (   -0.500000000   0.000000000   0.750000000 ) 

    1    1
  0.21376807  0.00000000    0.00000000  0.00188414   -0.00411020  0.00000000
  0.00000000 -0.00188414    0.24250779  0.00000000    0.00000000  0.01447592
 -0.00411020  0.00000000    0.00000000 -0.01447592    0.23474923  0.00000000
    1    2
 -0.05184038  0.02147299   -0.04035697 -0.09743034   -0.09840171  0.04075932
 -0.04035697 -0.09743034   -0.06565769  0.02719631    0.01710747  0.04130108
 -0.09840171  0.04075932    0.01710747  0.04130108   -0.05417365  0.02243946
    2    1
 -0.05184038 -0.02147299   -0.04035697  0.09743034   -0.09840171 -0.04075932
 -0.04035697  0.09743034   -0.06565769 -0.02719631    0.01710747 -0.04130108
 -0.09840171 -0.04075932    0.01710747 -0.04130108   -0.05417365 -0.02243946
    2    2
  0.21376807  0.00000000    0.00000000 -0.00188414   -0.00411020  0.00000000
  0.00000000  0.00188414    0.24250779  0.00000000    0.00000000 -0.01447592
 -0.00411020  0.00000000    0.00000000  0.01447592    0.23474923  0.00000000

     Dynamical  Matrix in cartesian axes

     q = (    0.000000000   0.750000000   0.500000000 ) 

    1    1
  0.24250779  0.00000000    0.00000000 -0.01447592    0.00000000 -0.00188414
  0.00000000  0.01447592    0.23474923  0.00000000    0.00411020  0.00000000
  0.00000000  0.00188414    0.00411020  0.00000000    0.21376807  0.00000000
    1    2
  0.02719631  0.06565769   -0.04130108  0.01710747   -0.09743034  0.04035697
 -0.04130108  0.01710747    0.02243946  0.05417365   -0.04075932 -0.09840171
 -0.09743034  0.04035697   -0.04075932 -0.09840171    0.02147299  0.05184038
    2    1
  0.02719631 -0.06565769   -0.04130108 -0.01710747   -0.09743034 -0.04035697
 -0.04130108 -0.01710747    0.02243946 -0.05417365   -0.04075932  0.09840171
 -0.09743034 -0.04035697   -0.04075932  0.09840171    0.02147299 -0.05184038
    2    2
  0.24250779  0.00000000    0.00000000  0.01447592    0.00000000  0.00188414
  0.00000000 -0.01447592    0.23474923  0.00000000    0.00411020  0.00000000
  0.00000000 -0.00188414    0.00411020  0.00000000    0.21376807  0.00000000

     Dynamical  Matrix in cartesian axes

     q = (    0.000000000   0.750000000  -0.500000000 ) 

    1    1
  0.24250779  0.00000000    0.00000000  0.01447592    0.00000000 -0.00188414
  0.00000000 -0.01447592    0.23474923  0.00000000   -0.00411020  0.00000000
  0.00000000  0.00188414   -0.00411020  0.00000000    0.21376807  0.00000000
    1    2
 -0.06565769  0.02719631    0.01710747  0.04130108   -0.04035697 -0.09743034
  0.01710747  0.04130108   -0.05417365  0.02243946   -0.09840171  0.04075932
 -0.04035697 -0.09743034   -0.09840171  0.04075932   -0.05184038  0.02147299
    2    1
 -0.06565769 -0.02719631    0.01710747 -0.04130108   -0.04035697  0.09743034
  0.01710747 -0.04130108   -0.05417365 -0.02243946   -0.09840171 -0.04075932
 -0.04035697  0.09743034   -0.09840171 -0.04075932   -0.05184038 -0.02147299
    2    2
  0.24250779  0.00000000    0.00000000 -0.01447592    0.00000000  0.00188414
  0.00000000  0.01447592    0.23474923  0.00000000   -0.00411020  0.00000000
  0.00000000 -0.00188414   -0.00411020  0.00000000    0.21376807  0.00000000

     Dynamical  Matrix in cartesian axes

     q = (    0.000000000  -0.750000000  -0.500000000 ) 

    1    1
  0.24250779  0.00000000    0.00000000  0.01447592    0.00000000  0.00188414
  0.00000000 -0.01447592    0.23474923  0.00000000    0.00411020  0.00000000
  0.00000000 -0.00188414    0.00411020  0.00000000    0.21376807  0.00000000
    1    2
  0.02719631 -0.06565769   -0.04130108 -0.01710747   -0.09743034 -0.04035697
 -0.04130108 -0.01710747    0.02243946 -0.05417365   -0.04075932  0.09840171
 -0.09743034 -0.04035697   -0.04075932  0.09840171    0.02147299 -0.05184038
    2    1
  0.02719631  0.06565769   -0.04130108  0.01710747   -0.09743034  0.04035697
 -0.04130108  0.01710747    0.02243946  0.05417365   -0.04075932 -0.09840171
 -0.09743034  0.04035697   -0.04075932 -0.09840171    0.02147299  0.05184038
    2    2
  0.24250779  0.00000000    0.00000000 -0.01447592    0.00000000 -0.00188414
  0.00000000  0.01447592    0.23474923  0.00000000    0.00411020  0.00000000
  0.00000000  0.00188414    0.00411020  0.00000000    0.21376807  0.00000000

     Dynamical  Matrix in cartesian axes

     q = (    0.000000000   0.500000000  -0.750000000 ) 

    1    1
  0.24250779  0.00000000    0.00000000  0.00188414    0.00000000 -0.01447592
  0.00000000 -0.00188414    0.21376807  0.00000000   -0.00411020  0.00000000
  0.00000000  0.01447592   -0.00411020  0.00000000    0.23474923  0.00000000
    1    2
 -0.06565769 -0.02719631   -0.04035697  0.09743034    0.01710747 -0.04130108
 -0.04035697  0.09743034   -0.05184038 -0.02147299   -0.09840171 -0.04075932
  0.01710747 -0.04130108   -0.09840171 -0.04075932   -0.05417365 -0.02243946
    2    1
 -0.06565769  0.02719631   -0.04035697 -0.09743034    0.01710747  0.04130108
 -0.04035697 -0.09743034   -0.05184038  0.02147299   -0.09840171  0.04075932
  0.01710747  0.04130108   -0.09840171  0.04075932   -0.05417365  0.02243946
    2    2
  0.24250779  0.00000000    0.00000000 -0.00188414    0.00000000  0.01447592
  0.00000000  0.00188414    0.21376807  0.00000000   -0.00411020  0.00000000
  0.00000000 -0.01447592   -0.00411020  0.00000000    0.23474923  0.00000000

     Dynamical  Matrix in cartesian axes

     q = (    0.750000000   0.500000000   0.000000000 ) 

    1    1
  0.23474923  0.00000000    0.00411020  0.00000000    0.00000000  0.01447592
  0.00411020  0.00000000    0.21376807  0.00000000    0.00000000  0.00188414
  0.00000000 -0.01447592    0.00000000 -0.00188414    0.24250779  0.00000000
    1    2
  0.02243946  0.05417365   -0.04075932 -0.09840171   -0.04130108  0.01710747
 -0.04075932 -0.09840171    0.02147299  0.05184038   -0.09743034  0.04035697
 -0.04130108  0.01710747   -0.09743034  0.04035697    0.02719631  0.06565769
    2    1
  0.02243946 -0.05417365   -0.04075932  0.09840171   -0.04130108 -0.01710747
 -0.04075932  0.09840171    0.02147299 -0.05184038   -0.09743034 -0.04035697
 -0.04130108 -0.01710747   -0.09743034 -0.04035697    0.02719631 -0.06565769
    2    2
  0.23474923  0.00000000    0.00411020  0.00000000    0.00000000 -0.01447592
  0.00411020  0.00000000    0.21376807  0.00000000    0.00000000 -0.00188414
  0.00000000  0.01447592    0.00000000  0.00188414    0.24250779  0.00000000

     Dynamical  Matrix in cartesian axes

     q = (   -0.750000000  -0.500000000   0.000000000 ) 

    1    1
  0.23474923  0.00000000    0.00411020  0.00000000    0.00000000 -0.01447592
  0.00411020  0.00000000    0.21376807  0.00000000    0.00000000 -0.00188414
  0.00000000  0.01447592    0.00000000  0.00188414    0.24250779  0.00000000
    1    2
  0.02243946 -0.05417365   -0.04075932  0.09840171   -0.04130108 -0.01710747
 -0.04075932  0.09840171    0.02147299 -0.05184038   -0.09743034 -0.04035697
 -0.04130108 -0.01710747   -0.09743034 -0.04035697    0.02719631 -0.06565769
    2    1
  0.02243946  0.05417365   -0.04075932 -0.09840171   -0.04130108  0.01710747
 -0.04075932 -0.09840171    0.02147299  0.05184038   -0.09743034  0.04035697
 -0.04130108  0.01710747   -0.09743034  0.04035697    0.02719631  0.06565769
    2    2
  0.23474923  0.00000000    0.00411020  0.00000000    0.00000000  0.01447592
  0.00411020  0.00000000    0.21376807  0.00000000    0.00000000  0.00188414
  0.00000000 -0.01447592    0.00000000 -0.00188414    0.24250779  0.00000000

     Dynamical  Matrix in cartesian axes

     q = (   -0.750000000   0.500000000   0.000000000 ) 

    1    1
  0.23474923  0.00000000   -0.00411020  0.00000000    0.00000000  0.01447592
 -0.00411020  0.00000000    0.21376807  0.00000000    0.00000000 -0.00188414
  0.00000000 -0.01447592    0.00000000  0.00188414    0.24250779  0.00000000
    1    2
 -0.05417365 -0.02243946   -0.09840171 -0.04075932    0.01710747 -0.04130108
 -0.09840171 -0.04075932   -0.05184038 -0.02147299   -0.04035697  0.09743034
  0.01710747 -0.04130108   -0.04035697  0.09743034   -0.06565769 -0.02719631
    2    1
 -0.05417365  0.02243946   -0.09840171  0.04075932    0.01710747  0.04130108
 -0.09840171  0.04075932   -0.05184038  0.02147299   -0.04035697 -0.09743034
  0.01710747  0.04130108   -0.04035697 -0.09743034   -0.06565769  0.02719631
    2    2
  0.23474923  0.00000000   -0.00411020  0.00000000    0.00000000 -0.01447592
 -0.00411020  0.00000000    0.21376807  0.00000000    0.00000000  0.00188414
  0.00000000  0.01447592    0.00000000 -0.00188414    0.24250779  0.00000000

     Dynamical  Matrix in cartesian axes

     q = (    0.000000000  -0.500000000   0.750000000 ) 

    1    1
  0.24250779  0.00000000    0.00000000 -0.00188414    0.00000000  0.01447592
  0.00000000  0.00188414    0.21376807  0.00000000   -0.00411020  0.00000000
  0.00000000 -0.01447592   -0.00411020  0.00000000    0.23474923  0.00000000
    1    2
 -0.06565769  0.02719631   -0.04035697 -0.09743034    0.01710747  0.04130108
 -0.04035697 -0.09743034   -0.05184038  0.02147299   -0.09840171  0.04075932
  0.01710747  0.04130108   -0.09840171  0.04075932   -0.05417365  0.02243946
    2    1
 -0.06565769 -0.02719631   -0.04035697  0.09743034    0.01710747 -0.04130108
 -0.04035697  0.09743034   -0.05184038 -0.02147299   -0.09840171 -0.04075932
  0.01710747 -0.04130108   -0.09840171 -0.04075932   -0.05417365 -0.02243946
    2    2
  0.24250779  0.00000000    0.00000000  0.00188414    0.00000000 -0.01447592
  0.00000000 -0.00188414    0.21376807  0.00000000   -0.00411020  0.00000000
  0.00000000  0.01447592   -0.00411020  0.00000000    0.23474923  0.00000000

     Dynamical  Matrix in cartesian axes

     q = (    0.000000000  -0.750000000   0.500000000 ) 

    1    1
  0.24250779  0.00000000    0.00000000 -0.01447592    0.00000000  0.00188414
  0.00000000  0.01447592    0.23474923  0.00000000   -0.00411020  0.00000000
  0.00000000 -0.00188414   -0.00411020  0.00000000    0.21376807  0.00000000
    1    2
 -0.06565769 -0.02719631    0.01710747 -0.04130108   -0.04035697  0.09743034
  0.01710747 -0.04130108   -0.05417365 -0.02243946   -0.09840171 -0.04075932
 -0.04035697  0.09743034   -0.09840171 -0.04075932   -0.05184038 -0.02147299
    2    1
 -0.06565769  0.02719631    0.01710747  0.04130108   -0.04035697 -0.09743034
  0.01710747  0.04130108   -0.05417365  0.02243946   -0.09840171  0.04075932
 -0.04035697 -0.09743034   -0.09840171  0.04075932   -0.05184038  0.02147299
    2    2
  0.24250779  0.00000000    0.00000000  0.01447592    0.00000000 -0.00188414
  0.00000000 -0.01447592    0.23474923  0.00000000   -0.00411020  0.00000000
  0.00000000  0.00188414   -0.00411020  0.00000000    0.21376807  0.00000000

     Dynamical  Matrix in cartesian axes

     q = (    0.500000000  -0.750000000   0.000000000 ) 

    1    1
  0.21376807  0.00000000   -0.00411020  0.00000000    0.00000000 -0.00188414
 -0.00411020  0.00000000    0.23474923  0.00000000    0.00000000  0.01447592
  0.00000000  0.00188414    0.00000000 -0.01447592    0.24250779  0.00000000
    1    2
 -0.05184038 -0.02147299   -0.09840171 -0.04075932   -0.04035697  0.09743034
 -0.09840171 -0.04075932   -0.05417365 -0.02243946    0.01710747 -0.04130108
 -0.04035697  0.09743034    0.01710747 -0.04130108   -0.06565769 -0.02719631
    2    1
 -0.05184038  0.02147299   -0.09840171  0.04075932   -0.04035697 -0.09743034
 -0.09840171  0.04075932   -0.05417365  0.02243946    0.01710747  0.04130108
 -0.04035697 -0.09743034    0.01710747  0.04130108   -0.06565769  0.02719631
    2    2
  0.21376807  0.00000000   -0.00411020  0.00000000    0.00000000  0.00188414
 -0.00411020  0.00000000    0.23474923  0.00000000    0.00000000 -0.01447592
  0.00000000 -0.00188414    0.00000000  0.01447592    0.24250779  0.00000000

     Dynamical  Matrix in cartesian axes

     q = (    0.000000000   0.500000000   0.750000000 ) 

    1    1
  0.24250779  0.00000000    0.00000000 -0.00188414    0.00000000 -0.01447592
  0.00000000  0.00188414    0.21376807  0.00000000    0.00411020  0.00000000
  0.00000000  0.01447592    0.00411020  0.00000000    0.23474923  0.00000000
    1    2
  0.02719631  0.06565769   -0.09743034  0.04035697   -0.04130108  0.01710747
 -0.09743034  0.04035697    0.02147299  0.05184038   -0.04075932 -0.09840171
 -0.04130108  0.01710747   -0.04075932 -0.09840171    0.02243946  0.05417365
    2    1
  0.02719631 -0.06565769   -0.09743034 -0.04035697   -0.04130108 -0.01710747
 -0.09743034 -0.04035697    0.02147299 -0.05184038   -0.04075932  0.09840171
 -0.04130108 -0.01710747   -0.04075932  0.09840171    0.02243946 -0.05417365
    2    2
  0.24250779  0.00000000    0.00000000  0.00188414    0.00000000  0.01447592
  0.00000000 -0.00188414    0.21376807  0.00000000    0.00411020  0.00000000
  0.00000000 -0.01447592    0.00411020  0.00000000    0.23474923  0.00000000

     Dynamical  Matrix in cartesian axes

     q = (    0.000000000  -0.500000000  -0.750000000 ) 

    1    1
  0.24250779  0.00000000    0.00000000  0.00188414    0.00000000  0.01447592
  0.00000000 -0.00188414    0.21376807  0.00000000    0.00411020  0.00000000
  0.00000000 -0.01447592    0.00411020  0.00000000    0.23474923  0.00000000
    1    2
  0.02719631 -0.06565769   -0.09743034 -0.04035697   -0.04130108 -0.01710747
 -0.09743034 -0.04035697    0.02147299 -0.05184038   -0.04075932  0.09840171
 -0.04130108 -0.01710747   -0.04075932  0.09840171    0.02243946 -0.05417365
    2    1
  0.02719631  0.06565769   -0.09743034  0.04035697   -0.04130108  0.01710747
 -0.09743034  0.04035697    0.02147299  0.05184038   -0.04075932 -0.09840171
 -0.04130108  0.01710747   -0.04075932 -0.09840171    0.02243946  0.05417365
    2    2
  0.24250779  0.00000000    0.00000000 -0.00188414    0.00000000 -0.01447592
  0.00000000  0.00188414    0.21376807  0.00000000    0.00411020  0.00000000
  0.00000000  0.01447592    0.00411020  0.00000000    0.23474923  0.00000000

     Dynamical  Matrix in cartesian axes

     q = (   -0.500000000  -0.750000000   0.000000000 ) 

    1    1
  0.21376807  0.00000000    0.00411020  0.00000000    0.00000000 -0.00188414
  0.00411020  0.00000000    0.23474923  0.00000000    0.00000000 -0.01447592
  0.00000000  0.00188414    0.00000000  0.01447592    0.24250779  0.00000000
    1    2
  0.02147299 -0.05184038   -0.04075932  0.09840171   -0.09743034 -0.04035697
 -0.04075932  0.09840171    0.02243946 -0.05417365   -0.04130108 -0.01710747
 -0.09743034 -0.04035697   -0.04130108 -0.01710747    0.02719631 -0.06565769
    2    1
  0.02147299  0.05184038   -0.04075932 -0.09840171   -0.09743034  0.04035697
 -0.04075932 -0.09840171    0.02243946  0.05417365   -0.04130108  0.01710747
 -0.09743034  0.04035697   -0.04130108  0.01710747    0.02719631  0.06565769
    2    2
  0.21376807  0.00000000    0.00411020  0.00000000    0.00000000  0.00188414
  0.00411020  0.00000000    0.23474923  0.00000000    0.00000000  0.01447592
  0.00000000 -0.00188414    0.00000000 -0.01447592    0.24250779  0.00000000

     Dynamical  Matrix in cartesian axes

     q = (    0.750000000  -0.500000000   0.000000000 ) 

    1    1
  0.23474923  0.00000000   -0.00411020  0.00000000    0.00000000 -0.01447592
 -0.00411020  0.00000000    0.21376807  0.00000000    0.00000000  0.00188414
  0.00000000  0.01447592    0.00000000 -0.00188414    0.24250779  0.00000000
    1    2
 -0.05417365  0.02243946   -0.09840171  0.04075932    0.01710747  0.04130108
 -0.09840171  0.04075932   -0.05184038  0.02147299   -0.04035697 -0.09743034
  0.01710747  0.04130108   -0.04035697 -0.09743034   -0.06565769  0.02719631
    2    1
 -0.05417365 -0.02243946   -0.09840171 -0.04075932    0.01710747 -0.04130108
 -0.09840171 -0.04075932   -0.05184038 -0.02147299   -0.04035697  0.09743034
  0.01710747 -0.04130108   -0.04035697  0.09743034   -0.06565769 -0.02719631
    2    2
  0.23474923  0.00000000   -0.00411020  0.00000000    0.00000000  0.01447592
 -0.00411020  0.00000000    0.21376807  0.00000000    0.00000000 -0.00188414
  0.00000000 -0.01447592    0.00000000  0.00188414    0.24250779  0.00000000

     Dynamical  Matrix in cartesian axes

     q = (    0.500000000   0.750000000   0.000000000 ) 

    1    1
  0.21376807  0.00000000    0.00411020  0.00000000    0.00000000  0.00188414
  0.00411020  0.00000000    0.23474923  0.00000000    0.00000000  0.01447592
  0.00000000 -0.00188414    0.00000000 -0.01447592    0.24250779  0.00000000
    1    2
  0.02147299  0.05184038   -0.04075932 -0.09840171   -0.09743034  0.04035697
 -0.04075932 -0.09840171    0.02243946  0.05417365   -0.04130108  0.01710747
 -0.09743034  0.04035697   -0.04130108  0.01710747    0.02719631  0.06565769
    2    1
  0.02147299 -0.05184038   -0.04075932  0.09840171   -0.09743034 -0.04035697
 -0.04075932  0.09840171    0.02243946 -0.05417365   -0.04130108 -0.01710747
 -0.09743034 -0.04035697   -0.04130108 -0.01710747    0.02719631 -0.06565769
    2    2
  0.21376807  0.00000000    0.00411020  0.00000000    0.00000000 -0.00188414
  0.00411020  0.00000000    0.23474923  0.00000000    0.00000000 -0.01447592
  0.00000000  0.00188414    0.00000000  0.01447592    0.24250779  0.00000000

     Dynamical  Matrix in cartesian axes

     q = (   -0.500000000   0.750000000   0.000000000 ) 

    1    1
  0.21376807  0.00000000   -0.00411020  0.00000000    0.00000000  0.00188414
 -0.00411020  0.00000000    0.23474923  0.00000000    0.00000000 -0.01447592
  0.00000000 -0.00188414    0.00000000  0.01447592    0.24250779  0.00000000
    1    2
 -0.05184038  0.02147299   -0.09840171  0.04075932   -0.04035697 -0.09743034
 -0.09840171  0.04075932   -0.05417365  0.02243946    0.01710747  0.04130108
 -0.04035697 -0.09743034    0.01710747  0.04130108   -0.06565769  0.02719631
    2    1
 -0.05184038 -0.02147299   -0.09840171 -0.04075932   -0.04035697  0.09743034
 -0.09840171 -0.04075932   -0.05417365 -0.02243946    0.01710747 -0.04130108
 -0.04035697  0.09743034    0.01710747 -0.04130108   -0.06565769 -0.02719631
    2    2
  0.21376807  0.00000000   -0.00411020  0.00000000    0.00000000 -0.00188414
 -0.00411020  0.00000000    0.23474923  0.00000000    0.00000000  0.01447592
  0.00000000  0.00188414    0.00000000 -0.01447592    0.24250779  0.00000000

     Diagonalizing the dynamical matrix

     q = (    0.500000000   0.000000000   0.750000000 ) 

 **************************************************************************
     omega( 1) =       2.817215 [THz] =      93.972170 [cm-1]
 ( -0.211971 -0.511743  0.120681 -0.049988  0.160602  0.387727 ) 
 (  0.553906  0.000000  0.000000 -0.130624 -0.419673  0.000000 ) 
     omega( 2) =       3.475713 [THz] =     115.937308 [cm-1]
 (  0.156319  0.377387  0.475425 -0.196928  0.100036  0.241509 ) 
 (  0.408481  0.000000  0.000000  0.514596  0.261407  0.000000 ) 
     omega( 3) =       5.471331 [THz] =     182.503963 [cm-1]
 (  0.101535  0.245127 -0.405491  0.167960  0.186289  0.449741 ) 
 ( -0.265323  0.000000  0.000000  0.438900 -0.486796  0.000000 ) 
     omega( 4) =       6.574314 [THz] =     219.295507 [cm-1]
 (  0.102526  0.247520 -0.418244  0.173242  0.180828  0.436558 ) 
 (  0.267914  0.000000  0.000000 -0.452704  0.472527  0.000000 ) 
     omega( 5) =       8.053048 [THz] =     268.620769 [cm-1]
 ( -0.195643 -0.472323  0.160686 -0.066558  0.174692  0.421743 ) 
 ( -0.511239  0.000000  0.000000  0.173925  0.456492  0.000000 ) 
     omega( 6) =       8.245866 [THz] =     275.052497 [cm-1]
 ( -0.134099 -0.323742 -0.497785  0.206189 -0.112813 -0.272355 ) 
 (  0.350416  0.000000  0.000000  0.538799  0.294795  0.000000 ) 
 **************************************************************************
