Dynamical matrix file
                                                                           
  1    2  2 10.6000000  0.0000000  0.0000000  0.0000000  0.0000000  0.0000000
           1  'Ge  '    66179.9664212243     
    1    1      0.0000000      0.0000000      0.0000000
    2    1      0.2500000      0.2500000      0.2500000

     Dynamical  Matrix in cartesian axes

     q = (    0.750000000  -0.250000000   0.750000000 ) 

    1    1
  0.21882794  0.00000000   -0.00498461  0.00795690    0.00397230  0.00000000
 -0.00498461 -0.00795690    0.26645675  0.00000000   -0.00498461 -0.00795690
  0.00397230  0.00000000   -0.00498461  0.00795690    0.21882794  0.00000000
    1    2
 -0.05455095  0.05507823   -0.03872202  0.04024749   -0.03837295 -0.12638189
 -0.03872202  0.04024749   -0.05302973  0.07629979   -0.03872202  0.04024749
 -0.03837295 -0.12638189   -0.03872202  0.04024749   -0.05455095  0.05507823
    2    1
 -0.05455095 -0.05507823   -0.03872202 -0.04024749   -0.03837295  0.12638189
 -0.03872202 -0.04024749   -0.05302973 -0.07629979   -0.03872202 -0.04024749
 -0.03837295  0.12638189   -0.03872202 -0.04024749   -0.05455095 -0.05507823
    2    2
  0.21882794  0.00000000   -0.00498461 -0.00795690    0.00397230  0.00000000
 -0.00498461  0.00795690    0.26645675  0.00000000   -0.00498461  0.00795690
  0.00397230  0.00000000   -0.00498461 -0.00795690    0.21882794  0.00000000

     Dynamical  Matrix in cartesian axes

     q = (   -0.750000000  -0.250000000   0.750000000 ) 

    1    1
  0.21882794  0.00000000    0.00498461  0.00795690   -0.00397230  0.00000000
  0.00498461 -0.00795690    0.26645675  0.00000000   -0.00498461  0.00795690
 -0.00397230  0.00000000   -0.00498461 -0.00795690    0.21882794  0.00000000
    1    2
 -0.05507823  0.05455095    0.04024749 -0.03872202   -0.12638189 -0.03837295
  0.04024749 -0.03872202   -0.07629979  0.05302973   -0.04024749  0.03872202
 -0.12638189 -0.03837295   -0.04024749  0.03872202   -0.05507823  0.05455095
    2    1
 -0.05507823 -0.05455095    0.04024749  0.03872202   -0.12638189  0.03837295
  0.04024749  0.03872202   -0.07629979 -0.05302973   -0.04024749 -0.03872202
 -0.12638189  0.03837295   -0.04024749 -0.03872202   -0.05507823 -0.05455095
    2    2
  0.21882794  0.00000000    0.00498461 -0.00795690   -0.00397230  0.00000000
  0.00498461  0.00795690    0.26645675  0.00000000   -0.00498461 -0.00795690
 -0.00397230  0.00000000   -0.00498461  0.00795690    0.21882794  0.00000000

     Dynamical  Matrix in cartesian axes

     q = (   -0.750000000  -0.250000000  -0.750000000 ) 

    1    1
  0.21882794  0.00000000    0.00498461 -0.00795690    0.00397230  0.00000000
  0.00498461  0.00795690    0.26645675  0.00000000    0.00498461  0.00795690
  0.00397230  0.00000000    0.00498461 -0.00795690    0.21882794  0.00000000
    1    2
  0.05507823  0.05455095   -0.04024749 -0.03872202   -0.12638189  0.03837295
 -0.04024749 -0.03872202    0.07629979  0.05302973   -0.04024749 -0.03872202
 -0.12638189  0.03837295   -0.04024749 -0.03872202    0.05507823  0.05455095
    2    1
  0.05507823 -0.05455095   -0.04024749  0.03872202   -0.12638189 -0.03837295
 -0.04024749  0.03872202    0.07629979 -0.05302973   -0.04024749  0.03872202
 -0.12638189 -0.03837295   -0.04024749  0.03872202    0.05507823 -0.05455095
    2    2
  0.21882794  0.00000000    0.00498461  0.00795690    0.00397230  0.00000000
  0.00498461 -0.00795690    0.26645675  0.00000000    0.00498461 -0.00795690
  0.00397230  0.00000000    0.00498461  0.00795690    0.21882794  0.00000000

     Dynamical  Matrix in cartesian axes

     q = (    0.750000000  -0.250000000  -0.750000000 ) 

    1    1
  0.21882794  0.00000000   -0.00498461 -0.00795690   -0.00397230  0.00000000
 -0.00498461  0.00795690    0.26645675  0.00000000    0.00498461 -0.00795690
 -0.00397230  0.00000000    0.00498461  0.00795690    0.21882794  0.00000000
    1    2
 -0.05507823  0.05455095   -0.04024749  0.03872202   -0.12638189 -0.03837295
 -0.04024749  0.03872202   -0.07629979  0.05302973    0.04024749 -0.03872202
 -0.12638189 -0.03837295    0.04024749 -0.03872202   -0.05507823  0.05455095
    2    1
 -0.05507823 -0.05455095   -0.04024749 -0.03872202   -0.12638189  0.03837295
 -0.04024749 -0.03872202   -0.07629979 -0.05302973    0.04024749  0.03872202
 -0.12638189  0.03837295    0.04024749  0.03872202   -0.05507823 -0.05455095
    2    2
  0.21882794  0.00000000   -0.00498461  0.00795690   -0.00397230  0.00000000
 -0.00498461 -0.00795690    0.26645675  0.00000000    0.00498461  0.00795690
 -0.00397230  0.00000000    0.00498461 -0.00795690    0.21882794  0.00000000

     Dynamical  Matrix in cartesian axes

     q = (   -0.750000000   0.250000000  -0.750000000 ) 

    1    1
  0.21882794  0.00000000   -0.00498461 -0.00795690    0.00397230  0.00000000
 -0.00498461  0.00795690    0.26645675  0.00000000   -0.00498461  0.00795690
  0.00397230  0.00000000   -0.00498461 -0.00795690    0.21882794  0.00000000
    1    2
 -0.05455095 -0.05507823   -0.03872202 -0.04024749   -0.03837295  0.12638189
 -0.03872202 -0.04024749   -0.05302973 -0.07629979   -0.03872202 -0.04024749
 -0.03837295  0.12638189   -0.03872202 -0.04024749   -0.05455095 -0.05507823
    2    1
 -0.05455095  0.05507823   -0.03872202  0.04024749   -0.03837295 -0.12638189
 -0.03872202  0.04024749   -0.05302973  0.07629979   -0.03872202  0.04024749
 -0.03837295 -0.12638189   -0.03872202  0.04024749   -0.05455095  0.05507823
    2    2
  0.21882794  0.00000000   -0.00498461  0.00795690    0.00397230  0.00000000
 -0.00498461 -0.00795690    0.26645675  0.00000000   -0.00498461 -0.00795690
  0.00397230  0.00000000   -0.00498461  0.00795690    0.21882794  0.00000000

     Dynamical  Matrix in cartesian axes

     q = (   -0.250000000   0.750000000  -0.750000000 ) 

    1    1
  0.26645675  0.00000000   -0.00498461  0.00795690    0.00498461 -0.00795690
 -0.00498461 -0.00795690    0.21882794  0.00000000   -0.00397230  0.00000000
  0.00498461  0.00795690   -0.00397230  0.00000000    0.21882794  0.00000000
    1    2
 -0.07629979  0.05302973   -0.04024749  0.03872202    0.04024749 -0.03872202
 -0.04024749  0.03872202   -0.05507823  0.05455095   -0.12638189 -0.03837295
  0.04024749 -0.03872202   -0.12638189 -0.03837295   -0.05507823  0.05455095
    2    1
 -0.07629979 -0.05302973   -0.04024749 -0.03872202    0.04024749  0.03872202
 -0.04024749 -0.03872202   -0.05507823 -0.05455095   -0.12638189  0.03837295
  0.04024749  0.03872202   -0.12638189  0.03837295   -0.05507823 -0.05455095
    2    2
  0.26645675  0.00000000   -0.00498461 -0.00795690    0.00498461  0.00795690
 -0.00498461  0.00795690    0.21882794  0.00000000   -0.00397230  0.00000000
  0.00498461 -0.00795690   -0.00397230  0.00000000    0.21882794  0.00000000

     Dynamical  Matrix in cartesian axes

     q = (   -0.750000000   0.750000000  -0.250000000 ) 

    1    1
  0.21882794  0.00000000   -0.00397230  0.00000000    0.00498461  0.00795690
 -0.00397230  0.00000000    0.21882794  0.00000000   -0.00498461 -0.00795690
  0.00498461 -0.00795690   -0.00498461  0.00795690    0.26645675  0.00000000
    1    2
 -0.05507823  0.05455095   -0.12638189 -0.03837295    0.04024749 -0.03872202
 -0.12638189 -0.03837295   -0.05507823  0.05455095   -0.04024749  0.03872202
  0.04024749 -0.03872202   -0.04024749  0.03872202   -0.07629979  0.05302973
    2    1
 -0.05507823 -0.05455095   -0.12638189  0.03837295    0.04024749  0.03872202
 -0.12638189  0.03837295   -0.05507823 -0.05455095   -0.04024749 -0.03872202
  0.04024749  0.03872202   -0.04024749 -0.03872202   -0.07629979 -0.05302973
    2    2
  0.21882794  0.00000000   -0.00397230  0.00000000    0.00498461 -0.00795690
 -0.00397230  0.00000000    0.21882794  0.00000000   -0.00498461  0.00795690
  0.00498461  0.00795690   -0.00498461 -0.00795690    0.26645675  0.00000000

     Dynamical  Matrix in cartesian axes

     q = (    0.750000000   0.250000000   0.750000000 ) 

    1    1
  0.21882794  0.00000000    0.00498461  0.00795690    0.00397230  0.00000000
  0.00498461 -0.00795690    0.26645675  0.00000000    0.00498461 -0.00795690
  0.00397230  0.00000000    0.00498461  0.00795690    0.21882794  0.00000000
    1    2
  0.05507823 -0.05455095   -0.04024749  0.03872202   -0.12638189 -0.03837295
 -0.04024749  0.03872202    0.07629979 -0.05302973   -0.04024749  0.03872202
 -0.12638189 -0.03837295   -0.04024749  0.03872202    0.05507823 -0.05455095
    2    1
  0.05507823  0.05455095   -0.04024749 -0.03872202   -0.12638189  0.03837295
 -0.04024749 -0.03872202    0.07629979  0.05302973   -0.04024749 -0.03872202
 -0.12638189  0.03837295   -0.04024749 -0.03872202    0.05507823  0.05455095
    2    2
  0.21882794  0.00000000    0.00498461 -0.00795690    0.00397230  0.00000000
  0.00498461  0.00795690    0.26645675  0.00000000    0.00498461  0.00795690
  0.00397230  0.00000000    0.00498461 -0.00795690    0.21882794  0.00000000

     Dynamical  Matrix in cartesian axes

     q = (   -0.750000000   0.250000000   0.750000000 ) 

    1    1
  0.21882794  0.00000000   -0.00498461  0.00795690   -0.00397230  0.00000000
 -0.00498461 -0.00795690    0.26645675  0.00000000    0.00498461  0.00795690
 -0.00397230  0.00000000    0.00498461 -0.00795690    0.21882794  0.00000000
    1    2
 -0.05507823 -0.05455095   -0.04024749 -0.03872202   -0.12638189  0.03837295
 -0.04024749 -0.03872202   -0.07629979 -0.05302973    0.04024749  0.03872202
 -0.12638189  0.03837295    0.04024749  0.03872202   -0.05507823 -0.05455095
    2    1
 -0.05507823  0.05455095   -0.04024749  0.03872202   -0.12638189 -0.03837295
 -0.04024749  0.03872202   -0.07629979  0.05302973    0.04024749 -0.03872202
 -0.12638189 -0.03837295    0.04024749 -0.03872202   -0.05507823  0.05455095
    2    2
  0.21882794  0.00000000   -0.00498461 -0.00795690   -0.00397230  0.00000000
 -0.00498461  0.00795690    0.26645675  0.00000000    0.00498461 -0.00795690
 -0.00397230  0.00000000    0.00498461  0.00795690    0.21882794  0.00000000

     Dynamical  Matrix in cartesian axes

     q = (    0.750000000   0.250000000  -0.750000000 ) 

    1    1
  0.21882794  0.00000000    0.00498461 -0.00795690   -0.00397230  0.00000000
  0.00498461  0.00795690    0.26645675  0.00000000   -0.00498461 -0.00795690
 -0.00397230  0.00000000   -0.00498461  0.00795690    0.21882794  0.00000000
    1    2
 -0.05507823 -0.05455095    0.04024749  0.03872202   -0.12638189  0.03837295
  0.04024749  0.03872202   -0.07629979 -0.05302973   -0.04024749 -0.03872202
 -0.12638189  0.03837295   -0.04024749 -0.03872202   -0.05507823 -0.05455095
    2    1
 -0.05507823  0.05455095    0.04024749 -0.03872202   -0.12638189 -0.03837295
  0.04024749 -0.03872202   -0.07629979  0.05302973   -0.04024749  0.03872202
 -0.12638189 -0.03837295   -0.04024749  0.03872202   -0.05507823  0.05455095
    2    2
  0.21882794  0.00000000    0.00498461  0.00795690   -0.00397230  0.00000000
  0.00498461 -0.00795690    0.26645675  0.00000000   -0.00498461  0.00795690
 -0.00397230  0.00000000   -0.00498461 -0.00795690    0.21882794  0.00000000

     Dynamical  Matrix in cartesian axes

     q = (   -0.750000000   0.750000000   0.250000000 ) 

    1    1
  0.21882794  0.00000000   -0.00397230  0.00000000   -0.00498461  0.00795690
 -0.00397230  0.00000000    0.21882794  0.00000000    0.00498461 -0.00795690
 -0.00498461 -0.00795690    0.00498461  0.00795690    0.26645675  0.00000000
    1    2
 -0.05507823 -0.05455095   -0.12638189  0.03837295   -0.04024749 -0.03872202
 -0.12638189  0.03837295   -0.05507823 -0.05455095    0.04024749  0.03872202
 -0.04024749 -0.03872202    0.04024749  0.03872202   -0.07629979 -0.05302973
    2    1
 -0.05507823  0.05455095   -0.12638189 -0.03837295   -0.04024749  0.03872202
 -0.12638189 -0.03837295   -0.05507823  0.05455095    0.04024749 -0.03872202
 -0.04024749  0.03872202    0.04024749 -0.03872202   -0.07629979  0.05302973
    2    2
  0.21882794  0.00000000   -0.00397230  0.00000000   -0.00498461 -0.00795690
 -0.00397230  0.00000000    0.21882794  0.00000000    0.00498461  0.00795690
 -0.00498461  0.00795690    0.00498461 -0.00795690    0.26645675  0.00000000

     Dynamical  Matrix in cartesian axes

     q = (   -0.250000000   0.750000000   0.750000000 ) 

    1    1
  0.26645675  0.00000000   -0.00498461 -0.00795690   -0.00498461 -0.00795690
 -0.00498461  0.00795690    0.21882794  0.00000000    0.00397230  0.00000000
 -0.00498461  0.00795690    0.00397230  0.00000000    0.21882794  0.00000000
    1    2
 -0.05302973  0.07629979   -0.03872202  0.04024749   -0.03872202  0.04024749
 -0.03872202  0.04024749   -0.05455095  0.05507823   -0.03837295 -0.12638189
 -0.03872202  0.04024749   -0.03837295 -0.12638189   -0.05455095  0.05507823
    2    1
 -0.05302973 -0.07629979   -0.03872202 -0.04024749   -0.03872202 -0.04024749
 -0.03872202 -0.04024749   -0.05455095 -0.05507823   -0.03837295  0.12638189
 -0.03872202 -0.04024749   -0.03837295  0.12638189   -0.05455095 -0.05507823
    2    2
  0.26645675  0.00000000   -0.00498461  0.00795690   -0.00498461  0.00795690
 -0.00498461 -0.00795690    0.21882794  0.00000000    0.00397230  0.00000000
 -0.00498461 -0.00795690    0.00397230  0.00000000    0.21882794  0.00000000

     Dynamical  Matrix in cartesian axes

     q = (    0.250000000   0.750000000  -0.750000000 ) 

    1    1
  0.26645675  0.00000000    0.00498461  0.00795690   -0.00498461 -0.00795690
  0.00498461 -0.00795690    0.21882794  0.00000000   -0.00397230  0.00000000
 -0.00498461  0.00795690   -0.00397230  0.00000000    0.21882794  0.00000000
    1    2
 -0.07629979 -0.05302973    0.04024749  0.03872202   -0.04024749 -0.03872202
  0.04024749  0.03872202   -0.05507823 -0.05455095   -0.12638189  0.03837295
 -0.04024749 -0.03872202   -0.12638189  0.03837295   -0.05507823 -0.05455095
    2    1
 -0.07629979  0.05302973    0.04024749 -0.03872202   -0.04024749  0.03872202
  0.04024749 -0.03872202   -0.05507823  0.05455095   -0.12638189 -0.03837295
 -0.04024749  0.03872202   -0.12638189 -0.03837295   -0.05507823  0.05455095
    2    2
  0.26645675  0.00000000    0.00498461 -0.00795690   -0.00498461  0.00795690
  0.00498461  0.00795690    0.21882794  0.00000000   -0.00397230  0.00000000
 -0.00498461 -0.00795690   -0.00397230  0.00000000    0.21882794  0.00000000

     Dynamical  Matrix in cartesian axes

     q = (   -0.250000000  -0.750000000  -0.750000000 ) 

    1    1
  0.26645675  0.00000000    0.00498461  0.00795690    0.00498461  0.00795690
  0.00498461 -0.00795690    0.21882794  0.00000000    0.00397230  0.00000000
  0.00498461 -0.00795690    0.00397230  0.00000000    0.21882794  0.00000000
    1    2
  0.07629979  0.05302973   -0.04024749 -0.03872202   -0.04024749 -0.03872202
 -0.04024749 -0.03872202    0.05507823  0.05455095   -0.12638189  0.03837295
 -0.04024749 -0.03872202   -0.12638189  0.03837295    0.05507823  0.05455095
    2    1
  0.07629979 -0.05302973   -0.04024749  0.03872202   -0.04024749  0.03872202
 -0.04024749  0.03872202    0.05507823 -0.05455095   -0.12638189 -0.03837295
 -0.04024749  0.03872202   -0.12638189 -0.03837295    0.05507823 -0.05455095
    2    2
  0.26645675  0.00000000    0.00498461 -0.00795690    0.00498461 -0.00795690
  0.00498461  0.00795690    0.21882794  0.00000000    0.00397230  0.00000000
  0.00498461  0.00795690    0.00397230  0.00000000    0.21882794  0.00000000

     Dynamical  Matrix in cartesian axes

     q = (    0.750000000   0.750000000  -0.250000000 ) 

    1    1
  0.21882794  0.00000000    0.00397230  0.00000000   -0.00498461  0.00795690
  0.00397230  0.00000000    0.21882794  0.00000000   -0.00498461  0.00795690
 -0.00498461 -0.00795690   -0.00498461 -0.00795690    0.26645675  0.00000000
    1    2
 -0.05455095  0.05507823   -0.03837295 -0.12638189   -0.03872202  0.04024749
 -0.03837295 -0.12638189   -0.05455095  0.05507823   -0.03872202  0.04024749
 -0.03872202  0.04024749   -0.03872202  0.04024749   -0.05302973  0.07629979
    2    1
 -0.05455095 -0.05507823   -0.03837295  0.12638189   -0.03872202 -0.04024749
 -0.03837295  0.12638189   -0.05455095 -0.05507823   -0.03872202 -0.04024749
 -0.03872202 -0.04024749   -0.03872202 -0.04024749   -0.05302973 -0.07629979
    2    2
  0.21882794  0.00000000    0.00397230  0.00000000   -0.00498461 -0.00795690
  0.00397230  0.00000000    0.21882794  0.00000000   -0.00498461 -0.00795690
 -0.00498461  0.00795690   -0.00498461  0.00795690    0.26645675  0.00000000

     Dynamical  Matrix in cartesian axes

     q = (   -0.750000000  -0.750000000  -0.250000000 ) 

    1    1
  0.21882794  0.00000000    0.00397230  0.00000000    0.00498461 -0.00795690
  0.00397230  0.00000000    0.21882794  0.00000000    0.00498461 -0.00795690
  0.00498461  0.00795690    0.00498461  0.00795690    0.26645675  0.00000000
    1    2
  0.05507823  0.05455095   -0.12638189  0.03837295   -0.04024749 -0.03872202
 -0.12638189  0.03837295    0.05507823  0.05455095   -0.04024749 -0.03872202
 -0.04024749 -0.03872202   -0.04024749 -0.03872202    0.07629979  0.05302973
    2    1
  0.05507823 -0.05455095   -0.12638189 -0.03837295   -0.04024749  0.03872202
 -0.12638189 -0.03837295    0.05507823 -0.05455095   -0.04024749  0.03872202
 -0.04024749  0.03872202   -0.04024749  0.03872202    0.07629979 -0.05302973
    2    2
  0.21882794  0.00000000    0.00397230  0.00000000    0.00498461  0.00795690
  0.00397230  0.00000000    0.21882794  0.00000000    0.00498461  0.00795690
  0.00498461 -0.00795690    0.00498461 -0.00795690    0.26645675  0.00000000

     Dynamical  Matrix in cartesian axes

     q = (    0.250000000  -0.750000000   0.750000000 ) 

    1    1
  0.26645675  0.00000000   -0.00498461 -0.00795690    0.00498461  0.00795690
 -0.00498461  0.00795690    0.21882794  0.00000000   -0.00397230  0.00000000
  0.00498461 -0.00795690   -0.00397230  0.00000000    0.21882794  0.00000000
    1    2
 -0.07629979 -0.05302973   -0.04024749 -0.03872202    0.04024749  0.03872202
 -0.04024749 -0.03872202   -0.05507823 -0.05455095   -0.12638189  0.03837295
  0.04024749  0.03872202   -0.12638189  0.03837295   -0.05507823 -0.05455095
    2    1
 -0.07629979  0.05302973   -0.04024749  0.03872202    0.04024749 -0.03872202
 -0.04024749  0.03872202   -0.05507823  0.05455095   -0.12638189 -0.03837295
  0.04024749 -0.03872202   -0.12638189 -0.03837295   -0.05507823  0.05455095
    2    2
  0.26645675  0.00000000   -0.00498461  0.00795690    0.00498461 -0.00795690
 -0.00498461 -0.00795690    0.21882794  0.00000000   -0.00397230  0.00000000
  0.00498461  0.00795690   -0.00397230  0.00000000    0.21882794  0.00000000

     Dynamical  Matrix in cartesian axes

     q = (    0.750000000  -0.750000000   0.250000000 ) 

    1    1
  0.21882794  0.00000000   -0.00397230  0.00000000    0.00498461 -0.00795690
 -0.00397230  0.00000000    0.21882794  0.00000000   -0.00498461  0.00795690
  0.00498461  0.00795690   -0.00498461 -0.00795690    0.26645675  0.00000000
    1    2
 -0.05507823 -0.05455095   -0.12638189  0.03837295    0.04024749  0.03872202
 -0.12638189  0.03837295   -0.05507823 -0.05455095   -0.04024749 -0.03872202
  0.04024749  0.03872202   -0.04024749 -0.03872202   -0.07629979 -0.05302973
    2    1
 -0.05507823  0.05455095   -0.12638189 -0.03837295    0.04024749 -0.03872202
 -0.12638189 -0.03837295   -0.05507823  0.05455095   -0.04024749  0.03872202
  0.04024749 -0.03872202   -0.04024749  0.03872202   -0.07629979  0.05302973
    2    2
  0.21882794  0.00000000   -0.00397230  0.00000000    0.00498461  0.00795690
 -0.00397230  0.00000000    0.21882794  0.00000000   -0.00498461 -0.00795690
  0.00498461 -0.00795690   -0.00498461  0.00795690    0.26645675  0.00000000

     Dynamical  Matrix in cartesian axes

     q = (    0.250000000   0.750000000   0.750000000 ) 

    1    1
  0.26645675  0.00000000    0.00498461 -0.00795690    0.00498461 -0.00795690
  0.00498461  0.00795690    0.21882794  0.00000000    0.00397230  0.00000000
  0.00498461  0.00795690    0.00397230  0.00000000    0.21882794  0.00000000
    1    2
  0.07629979 -0.05302973   -0.04024749  0.03872202   -0.04024749  0.03872202
 -0.04024749  0.03872202    0.05507823 -0.05455095   -0.12638189 -0.03837295
 -0.04024749  0.03872202   -0.12638189 -0.03837295    0.05507823 -0.05455095
    2    1
  0.07629979  0.05302973   -0.04024749 -0.03872202   -0.04024749 -0.03872202
 -0.04024749 -0.03872202    0.05507823  0.05455095   -0.12638189  0.03837295
 -0.04024749 -0.03872202   -0.12638189  0.03837295    0.05507823  0.05455095
    2    2
  0.26645675  0.00000000    0.00498461  0.00795690    0.00498461  0.00795690
  0.00498461 -0.00795690    0.21882794  0.00000000    0.00397230  0.00000000
  0.00498461 -0.00795690    0.00397230  0.00000000    0.21882794  0.00000000

     Dynamical  Matrix in cartesian axes

     q = (   -0.750000000  -0.750000000   0.250000000 ) 

    1    1
  0.21882794  0.00000000    0.00397230  0.00000000   -0.00498461 -0.00795690
  0.00397230  0.00000000    0.21882794  0.00000000   -0.00498461 -0.00795690
 -0.00498461  0.00795690   -0.00498461  0.00795690    0.26645675  0.00000000
    1    2
 -0.05455095 -0.05507823   -0.03837295  0.12638189   -0.03872202 -0.04024749
 -0.03837295  0.12638189   -0.05455095 -0.05507823   -0.03872202 -0.04024749
 -0.03872202 -0.04024749   -0.03872202 -0.04024749   -0.05302973 -0.07629979
    2    1
 -0.05455095  0.05507823   -0.03837295 -0.12638189   -0.03872202  0.04024749
 -0.03837295 -0.12638189   -0.05455095  0.05507823   -0.03872202  0.04024749
 -0.03872202  0.04024749   -0.03872202  0.04024749   -0.05302973  0.07629979
    2    2
  0.21882794  0.00000000    0.00397230  0.00000000   -0.00498461  0.00795690
  0.00397230  0.00000000    0.21882794  0.00000000   -0.00498461  0.00795690
 -0.00498461 -0.00795690   -0.00498461 -0.00795690    0.26645675  0.00000000

     Dynamical  Matrix in cartesian axes

     q = (   -0.250000000  -0.750000000   0.750000000 ) 

    1    1
  0.26645675  0.00000000    0.00498461 -0.00795690   -0.00498461  0.00795690
  0.00498461  0.00795690    0.21882794  0.00000000   -0.00397230  0.00000000
 -0.00498461 -0.00795690   -0.00397230  0.00000000    0.21882794  0.00000000
    1    2
 -0.07629979  0.05302973    0.04024749 -0.03872202   -0.04024749  0.03872202
  0.04024749 -0.03872202   -0.05507823  0.05455095   -0.12638189 -0.03837295
 -0.04024749  0.03872202   -0.12638189 -0.03837295   -0.05507823  0.05455095
    2    1
 -0.07629979 -0.05302973    0.04024749  0.03872202   -0.04024749 -0.03872202
  0.04024749  0.03872202   -0.05507823 -0.05455095   -0.12638189  0.03837295
 -0.04024749 -0.03872202   -0.12638189  0.03837295   -0.05507823 -0.05455095
    2    2
  0.26645675  0.00000000    0.00498461  0.00795690   -0.00498461 -0.00795690
  0.00498461 -0.00795690    0.21882794  0.00000000   -0.00397230  0.00000000
 -0.00498461  0.00795690   -0.00397230  0.00000000    0.21882794  0.00000000

     Dynamical  Matrix in cartesian axes

     q = (    0.750000000   0.750000000   0.250000000 ) 

    1    1
  0.21882794  0.00000000    0.00397230  0.00000000    0.00498461  0.00795690
  0.00397230  0.00000000    0.21882794  0.00000000    0.00498461  0.00795690
  0.00498461 -0.00795690    0.00498461 -0.00795690    0.26645675  0.00000000
    1    2
  0.05507823 -0.05455095   -0.12638189 -0.03837295   -0.04024749  0.03872202
 -0.12638189 -0.03837295    0.05507823 -0.05455095   -0.04024749  0.03872202
 -0.04024749  0.03872202   -0.04024749  0.03872202    0.07629979 -0.05302973
    2    1
  0.05507823  0.05455095   -0.12638189  0.03837295   -0.04024749 -0.03872202
 -0.12638189  0.03837295    0.05507823  0.05455095   -0.04024749 -0.03872202
 -0.04024749 -0.03872202   -0.04024749 -0.03872202    0.07629979  0.05302973
    2    2
  0.21882794  0.00000000    0.00397230  0.00000000    0.00498461 -0.00795690
  0.00397230  0.00000000    0.21882794  0.00000000    0.00498461 -0.00795690
  0.00498461  0.00795690    0.00498461  0.00795690    0.26645675  0.00000000

     Dynamical  Matrix in cartesian axes

     q = (    0.250000000  -0.750000000  -0.750000000 ) 

    1    1
  0.26645675  0.00000000   -0.00498461  0.00795690   -0.00498461  0.00795690
 -0.00498461 -0.00795690    0.21882794  0.00000000    0.00397230  0.00000000
 -0.00498461 -0.00795690    0.00397230  0.00000000    0.21882794  0.00000000
    1    2
 -0.05302973 -0.07629979   -0.03872202 -0.04024749   -0.03872202 -0.04024749
 -0.03872202 -0.04024749   -0.05455095 -0.05507823   -0.03837295  0.12638189
 -0.03872202 -0.04024749   -0.03837295  0.12638189   -0.05455095 -0.05507823
    2    1
 -0.05302973  0.07629979   -0.03872202  0.04024749   -0.03872202  0.04024749
 -0.03872202  0.04024749   -0.05455095  0.05507823   -0.03837295 -0.12638189
 -0.03872202  0.04024749   -0.03837295 -0.12638189   -0.05455095  0.05507823
    2    2
  0.26645675  0.00000000   -0.00498461 -0.00795690   -0.00498461 -0.00795690
 -0.00498461  0.00795690    0.21882794  0.00000000    0.00397230  0.00000000
 -0.00498461  0.00795690    0.00397230  0.00000000    0.21882794  0.00000000

     Dynamical  Matrix in cartesian axes

     q = (    0.750000000  -0.750000000  -0.250000000 ) 

    1    1
  0.21882794  0.00000000   -0.00397230  0.00000000   -0.00498461 -0.00795690
 -0.00397230  0.00000000    0.21882794  0.00000000    0.00498461  0.00795690
 -0.00498461  0.00795690    0.00498461 -0.00795690    0.26645675  0.00000000
    1    2
 -0.05507823  0.05455095   -0.12638189 -0.03837295   -0.04024749  0.03872202
 -0.12638189 -0.03837295   -0.05507823  0.05455095    0.04024749 -0.03872202
 -0.04024749  0.03872202    0.04024749 -0.03872202   -0.07629979  0.05302973
    2    1
 -0.05507823 -0.05455095   -0.12638189  0.03837295   -0.04024749 -0.03872202
 -0.12638189  0.03837295   -0.05507823 -0.05455095    0.04024749  0.03872202
 -0.04024749 -0.03872202    0.04024749  0.03872202   -0.07629979 -0.05302973
    2    2
  0.21882794  0.00000000   -0.00397230  0.00000000   -0.00498461  0.00795690
 -0.00397230  0.00000000    0.21882794  0.00000000    0.00498461 -0.00795690
 -0.00498461 -0.00795690    0.00498461  0.00795690    0.26645675  0.00000000

     Diagonalizing the dynamical matrix

     q = (    0.750000000  -0.250000000   0.750000000 ) 

 **************************************************************************
     omega( 1) =       2.311664 [THz] =      77.108818 [cm-1]
 (  0.044401 -0.498025  0.000000  0.000000 -0.044401  0.498025 ) 
 (  0.500000  0.000000  0.000000  0.000000 -0.500000  0.000000 ) 
     omega( 2) =       3.277185 [THz] =     109.315138 [cm-1]
 ( -0.386758 -0.176287 -0.340319  0.151216 -0.386758 -0.176287 ) 
 ( -0.425039  0.000000 -0.246950 -0.278745 -0.425039  0.000000 ) 
     omega( 3) =       5.438583 [THz] =     181.411602 [cm-1]
 (  0.127984 -0.281253  0.377744  0.407852  0.127984 -0.281253 ) 
 ( -0.309003  0.000000  0.214770  0.512745 -0.309003  0.000000 ) 
     omega( 4) =       7.097380 [THz] =     236.743113 [cm-1]
 (  0.073729  0.321852 -0.398882 -0.350489  0.073729  0.321852 ) 
 ( -0.330189  0.000000  0.430708  0.310549 -0.330189  0.000000 ) 
     omega( 5) =       8.057985 [THz] =     268.785435 [cm-1]
 (  0.044401 -0.498025  0.000000  0.000000 -0.044401  0.498025 ) 
 ( -0.500000  0.000000  0.000000  0.000000  0.500000  0.000000 ) 
     omega( 6) =       8.326768 [THz] =     277.751097 [cm-1]
 ( -0.296559 -0.163970 -0.471069  0.220062 -0.296559 -0.163970 ) 
 (  0.338871  0.000000  0.305769  0.420522  0.338871  0.000000 ) 
 **************************************************************************
