Dynamical matrix file
                                                                           
  1    2  2 10.6000000  0.0000000  0.0000000  0.0000000  0.0000000  0.0000000
           1  'Ge  '    66179.9664212243     
    1    1      0.0000000      0.0000000      0.0000000
    2    1      0.2500000      0.2500000      0.2500000

     Dynamical  Matrix in cartesian axes

     q = (   -0.250000000   0.500000000   0.000000000 ) 

    1    1
  0.22095146  0.00000000   -0.00423267  0.00000000    0.00000000  0.00133628
 -0.00423267  0.00000000    0.25551706  0.00000000    0.00000000 -0.00926931
  0.00000000 -0.00133628    0.00000000  0.00926931    0.22899184  0.00000000
    1    2
 -0.13097281  0.05425071   -0.03878256  0.01606426   -0.03930010 -0.09487883
 -0.03878256  0.01606426   -0.14113565  0.05846030    0.01537554  0.03711983
 -0.03930010 -0.09487883    0.01537554  0.03711983   -0.13860669  0.05741277
    2    1
 -0.13097281 -0.05425071   -0.03878256 -0.01606426   -0.03930010  0.09487883
 -0.03878256 -0.01606426   -0.14113565 -0.05846030    0.01537554 -0.03711983
 -0.03930010  0.09487883    0.01537554 -0.03711983   -0.13860669 -0.05741277
    2    2
  0.22095146  0.00000000   -0.00423267  0.00000000    0.00000000 -0.00133628
 -0.00423267  0.00000000    0.25551706  0.00000000    0.00000000  0.00926931
  0.00000000  0.00133628    0.00000000 -0.00926931    0.22899184  0.00000000

     Dynamical  Matrix in cartesian axes

     q = (    0.000000000  -0.500000000  -0.250000000 ) 

    1    1
  0.22899184  0.00000000    0.00000000  0.00926931    0.00000000  0.00133628
  0.00000000 -0.00926931    0.25551706  0.00000000    0.00423267  0.00000000
  0.00000000 -0.00133628    0.00423267  0.00000000    0.22095146  0.00000000
    1    2
 -0.05741277 -0.13860669   -0.03711983  0.01537554   -0.09487883  0.03930010
 -0.03711983  0.01537554   -0.05846030 -0.14113565    0.01606426  0.03878256
 -0.09487883  0.03930010    0.01606426  0.03878256   -0.05425071 -0.13097281
    2    1
 -0.05741277  0.13860669   -0.03711983 -0.01537554   -0.09487883 -0.03930010
 -0.03711983 -0.01537554   -0.05846030  0.14113565    0.01606426 -0.03878256
 -0.09487883 -0.03930010    0.01606426 -0.03878256   -0.05425071  0.13097281
    2    2
  0.22899184  0.00000000    0.00000000 -0.00926931    0.00000000 -0.00133628
  0.00000000  0.00926931    0.25551706  0.00000000    0.00423267  0.00000000
  0.00000000  0.00133628    0.00423267  0.00000000    0.22095146  0.00000000

     Dynamical  Matrix in cartesian axes

     q = (   -0.250000000  -0.500000000   0.000000000 ) 

    1    1
  0.22095146  0.00000000    0.00423267  0.00000000    0.00000000 -0.00133628
  0.00423267  0.00000000    0.25551706  0.00000000    0.00000000 -0.00926931
  0.00000000  0.00133628    0.00000000  0.00926931    0.22899184  0.00000000
    1    2
 -0.05425071 -0.13097281    0.01606426  0.03878256   -0.09487883  0.03930010
  0.01606426  0.03878256   -0.05846030 -0.14113565   -0.03711983  0.01537554
 -0.09487883  0.03930010   -0.03711983  0.01537554   -0.05741277 -0.13860669
    2    1
 -0.05425071  0.13097281    0.01606426 -0.03878256   -0.09487883 -0.03930010
  0.01606426 -0.03878256   -0.05846030  0.14113565   -0.03711983 -0.01537554
 -0.09487883 -0.03930010   -0.03711983 -0.01537554   -0.05741277  0.13860669
    2    2
  0.22095146  0.00000000    0.00423267  0.00000000    0.00000000  0.00133628
  0.00423267  0.00000000    0.25551706  0.00000000    0.00000000  0.00926931
  0.00000000 -0.00133628    0.00000000 -0.00926931    0.22899184  0.00000000

     Dynamical  Matrix in cartesian axes

     q = (    0.000000000   0.500000000   0.250000000 ) 

    1    1
  0.22899184  0.00000000    0.00000000 -0.00926931    0.00000000 -0.00133628
  0.00000000  0.00926931    0.25551706  0.00000000    0.00423267  0.00000000
  0.00000000  0.00133628    0.00423267  0.00000000    0.22095146  0.00000000
    1    2
 -0.05741277  0.13860669   -0.03711983 -0.01537554   -0.09487883 -0.03930010
 -0.03711983 -0.01537554   -0.05846030  0.14113565    0.01606426 -0.03878256
 -0.09487883 -0.03930010    0.01606426 -0.03878256   -0.05425071  0.13097281
    2    1
 -0.05741277 -0.13860669   -0.03711983  0.01537554   -0.09487883  0.03930010
 -0.03711983  0.01537554   -0.05846030 -0.14113565    0.01606426  0.03878256
 -0.09487883  0.03930010    0.01606426  0.03878256   -0.05425071 -0.13097281
    2    2
  0.22899184  0.00000000    0.00000000  0.00926931    0.00000000  0.00133628
  0.00000000 -0.00926931    0.25551706  0.00000000    0.00423267  0.00000000
  0.00000000 -0.00133628    0.00423267  0.00000000    0.22095146  0.00000000

     Dynamical  Matrix in cartesian axes

     q = (    0.000000000   0.500000000  -0.250000000 ) 

    1    1
  0.22899184  0.00000000    0.00000000  0.00926931    0.00000000 -0.00133628
  0.00000000 -0.00926931    0.25551706  0.00000000   -0.00423267  0.00000000
  0.00000000  0.00133628   -0.00423267  0.00000000    0.22095146  0.00000000
    1    2
 -0.13860669  0.05741277    0.01537554  0.03711983   -0.03930010 -0.09487883
  0.01537554  0.03711983   -0.14113565  0.05846030   -0.03878256  0.01606426
 -0.03930010 -0.09487883   -0.03878256  0.01606426   -0.13097281  0.05425071
    2    1
 -0.13860669 -0.05741277    0.01537554 -0.03711983   -0.03930010  0.09487883
  0.01537554 -0.03711983   -0.14113565 -0.05846030   -0.03878256 -0.01606426
 -0.03930010  0.09487883   -0.03878256 -0.01606426   -0.13097281 -0.05425071
    2    2
  0.22899184  0.00000000    0.00000000 -0.00926931    0.00000000  0.00133628
  0.00000000  0.00926931    0.25551706  0.00000000   -0.00423267  0.00000000
  0.00000000 -0.00133628   -0.00423267  0.00000000    0.22095146  0.00000000

     Dynamical  Matrix in cartesian axes

     q = (    0.250000000   0.500000000   0.000000000 ) 

    1    1
  0.22095146  0.00000000    0.00423267  0.00000000    0.00000000  0.00133628
  0.00423267  0.00000000    0.25551706  0.00000000    0.00000000  0.00926931
  0.00000000 -0.00133628    0.00000000 -0.00926931    0.22899184  0.00000000
    1    2
 -0.05425071  0.13097281    0.01606426 -0.03878256   -0.09487883 -0.03930010
  0.01606426 -0.03878256   -0.05846030  0.14113565   -0.03711983 -0.01537554
 -0.09487883 -0.03930010   -0.03711983 -0.01537554   -0.05741277  0.13860669
    2    1
 -0.05425071 -0.13097281    0.01606426  0.03878256   -0.09487883  0.03930010
  0.01606426  0.03878256   -0.05846030 -0.14113565   -0.03711983  0.01537554
 -0.09487883  0.03930010   -0.03711983  0.01537554   -0.05741277 -0.13860669
    2    2
  0.22095146  0.00000000    0.00423267  0.00000000    0.00000000 -0.00133628
  0.00423267  0.00000000    0.25551706  0.00000000    0.00000000 -0.00926931
  0.00000000  0.00133628    0.00000000  0.00926931    0.22899184  0.00000000

     Dynamical  Matrix in cartesian axes

     q = (    0.000000000  -0.500000000   0.250000000 ) 

    1    1
  0.22899184  0.00000000    0.00000000 -0.00926931    0.00000000  0.00133628
  0.00000000  0.00926931    0.25551706  0.00000000   -0.00423267  0.00000000
  0.00000000 -0.00133628   -0.00423267  0.00000000    0.22095146  0.00000000
    1    2
 -0.13860669 -0.05741277    0.01537554 -0.03711983   -0.03930010  0.09487883
  0.01537554 -0.03711983   -0.14113565 -0.05846030   -0.03878256 -0.01606426
 -0.03930010  0.09487883   -0.03878256 -0.01606426   -0.13097281 -0.05425071
    2    1
 -0.13860669  0.05741277    0.01537554  0.03711983   -0.03930010 -0.09487883
  0.01537554  0.03711983   -0.14113565  0.05846030   -0.03878256  0.01606426
 -0.03930010 -0.09487883   -0.03878256  0.01606426   -0.13097281  0.05425071
    2    2
  0.22899184  0.00000000    0.00000000  0.00926931    0.00000000 -0.00133628
  0.00000000 -0.00926931    0.25551706  0.00000000   -0.00423267  0.00000000
  0.00000000  0.00133628   -0.00423267  0.00000000    0.22095146  0.00000000

     Dynamical  Matrix in cartesian axes

     q = (    0.250000000  -0.500000000   0.000000000 ) 

    1    1
  0.22095146  0.00000000   -0.00423267  0.00000000    0.00000000 -0.00133628
 -0.00423267  0.00000000    0.25551706  0.00000000    0.00000000  0.00926931
  0.00000000  0.00133628    0.00000000 -0.00926931    0.22899184  0.00000000
    1    2
 -0.13097281 -0.05425071   -0.03878256 -0.01606426   -0.03930010  0.09487883
 -0.03878256 -0.01606426   -0.14113565 -0.05846030    0.01537554 -0.03711983
 -0.03930010  0.09487883    0.01537554 -0.03711983   -0.13860669 -0.05741277
    2    1
 -0.13097281  0.05425071   -0.03878256  0.01606426   -0.03930010 -0.09487883
 -0.03878256  0.01606426   -0.14113565  0.05846030    0.01537554  0.03711983
 -0.03930010 -0.09487883    0.01537554  0.03711983   -0.13860669  0.05741277
    2    2
  0.22095146  0.00000000   -0.00423267  0.00000000    0.00000000  0.00133628
 -0.00423267  0.00000000    0.25551706  0.00000000    0.00000000 -0.00926931
  0.00000000 -0.00133628    0.00000000  0.00926931    0.22899184  0.00000000

     Dynamical  Matrix in cartesian axes

     q = (    0.500000000   0.000000000  -0.250000000 ) 

    1    1
  0.25551706  0.00000000    0.00000000 -0.00926931   -0.00423267  0.00000000
  0.00000000  0.00926931    0.22899184  0.00000000    0.00000000 -0.00133628
 -0.00423267  0.00000000    0.00000000  0.00133628    0.22095146  0.00000000
    1    2
 -0.14113565  0.05846030    0.01537554  0.03711983   -0.03878256  0.01606426
  0.01537554  0.03711983   -0.13860669  0.05741277   -0.03930010 -0.09487883
 -0.03878256  0.01606426   -0.03930010 -0.09487883   -0.13097281  0.05425071
    2    1
 -0.14113565 -0.05846030    0.01537554 -0.03711983   -0.03878256 -0.01606426
  0.01537554 -0.03711983   -0.13860669 -0.05741277   -0.03930010  0.09487883
 -0.03878256 -0.01606426   -0.03930010  0.09487883   -0.13097281 -0.05425071
    2    2
  0.25551706  0.00000000    0.00000000  0.00926931   -0.00423267  0.00000000
  0.00000000 -0.00926931    0.22899184  0.00000000    0.00000000  0.00133628
 -0.00423267  0.00000000    0.00000000 -0.00133628    0.22095146  0.00000000

     Dynamical  Matrix in cartesian axes

     q = (   -0.500000000   0.000000000   0.250000000 ) 

    1    1
  0.25551706  0.00000000    0.00000000  0.00926931   -0.00423267  0.00000000
  0.00000000 -0.00926931    0.22899184  0.00000000    0.00000000  0.00133628
 -0.00423267  0.00000000    0.00000000 -0.00133628    0.22095146  0.00000000
    1    2
 -0.14113565 -0.05846030    0.01537554 -0.03711983   -0.03878256 -0.01606426
  0.01537554 -0.03711983   -0.13860669 -0.05741277   -0.03930010  0.09487883
 -0.03878256 -0.01606426   -0.03930010  0.09487883   -0.13097281 -0.05425071
    2    1
 -0.14113565  0.05846030    0.01537554  0.03711983   -0.03878256  0.01606426
  0.01537554  0.03711983   -0.13860669  0.05741277   -0.03930010 -0.09487883
 -0.03878256  0.01606426   -0.03930010 -0.09487883   -0.13097281  0.05425071
    2    2
  0.25551706  0.00000000    0.00000000 -0.00926931   -0.00423267  0.00000000
  0.00000000  0.00926931    0.22899184  0.00000000    0.00000000 -0.00133628
 -0.00423267  0.00000000    0.00000000  0.00133628    0.22095146  0.00000000

     Dynamical  Matrix in cartesian axes

     q = (    0.500000000   0.000000000   0.250000000 ) 

    1    1
  0.25551706  0.00000000    0.00000000  0.00926931    0.00423267  0.00000000
  0.00000000 -0.00926931    0.22899184  0.00000000    0.00000000 -0.00133628
  0.00423267  0.00000000    0.00000000  0.00133628    0.22095146  0.00000000
    1    2
 -0.05846030  0.14113565   -0.03711983 -0.01537554    0.01606426 -0.03878256
 -0.03711983 -0.01537554   -0.05741277  0.13860669   -0.09487883 -0.03930010
  0.01606426 -0.03878256   -0.09487883 -0.03930010   -0.05425071  0.13097281
    2    1
 -0.05846030 -0.14113565   -0.03711983  0.01537554    0.01606426  0.03878256
 -0.03711983  0.01537554   -0.05741277 -0.13860669   -0.09487883  0.03930010
  0.01606426  0.03878256   -0.09487883  0.03930010   -0.05425071 -0.13097281
    2    2
  0.25551706  0.00000000    0.00000000 -0.00926931    0.00423267  0.00000000
  0.00000000  0.00926931    0.22899184  0.00000000    0.00000000  0.00133628
  0.00423267  0.00000000    0.00000000 -0.00133628    0.22095146  0.00000000

     Dynamical  Matrix in cartesian axes

     q = (    0.500000000  -0.250000000   0.000000000 ) 

    1    1
  0.25551706  0.00000000   -0.00423267  0.00000000    0.00000000 -0.00926931
 -0.00423267  0.00000000    0.22095146  0.00000000    0.00000000  0.00133628
  0.00000000  0.00926931    0.00000000 -0.00133628    0.22899184  0.00000000
    1    2
 -0.14113565  0.05846030   -0.03878256  0.01606426    0.01537554  0.03711983
 -0.03878256  0.01606426   -0.13097281  0.05425071   -0.03930010 -0.09487883
  0.01537554  0.03711983   -0.03930010 -0.09487883   -0.13860669  0.05741277
    2    1
 -0.14113565 -0.05846030   -0.03878256 -0.01606426    0.01537554 -0.03711983
 -0.03878256 -0.01606426   -0.13097281 -0.05425071   -0.03930010  0.09487883
  0.01537554 -0.03711983   -0.03930010  0.09487883   -0.13860669 -0.05741277
    2    2
  0.25551706  0.00000000   -0.00423267  0.00000000    0.00000000  0.00926931
 -0.00423267  0.00000000    0.22095146  0.00000000    0.00000000 -0.00133628
  0.00000000 -0.00926931    0.00000000  0.00133628    0.22899184  0.00000000

     Dynamical  Matrix in cartesian axes

     q = (    0.000000000  -0.250000000   0.500000000 ) 

    1    1
  0.22899184  0.00000000    0.00000000 -0.00133628    0.00000000  0.00926931
  0.00000000  0.00133628    0.22095146  0.00000000   -0.00423267  0.00000000
  0.00000000 -0.00926931   -0.00423267  0.00000000    0.25551706  0.00000000
    1    2
 -0.13860669  0.05741277   -0.03930010 -0.09487883    0.01537554  0.03711983
 -0.03930010 -0.09487883   -0.13097281  0.05425071   -0.03878256  0.01606426
  0.01537554  0.03711983   -0.03878256  0.01606426   -0.14113565  0.05846030
    2    1
 -0.13860669 -0.05741277   -0.03930010  0.09487883    0.01537554 -0.03711983
 -0.03930010  0.09487883   -0.13097281 -0.05425071   -0.03878256 -0.01606426
  0.01537554 -0.03711983   -0.03878256 -0.01606426   -0.14113565 -0.05846030
    2    2
  0.22899184  0.00000000    0.00000000  0.00133628    0.00000000 -0.00926931
  0.00000000 -0.00133628    0.22095146  0.00000000   -0.00423267  0.00000000
  0.00000000  0.00926931   -0.00423267  0.00000000    0.25551706  0.00000000

     Dynamical  Matrix in cartesian axes

     q = (    0.000000000   0.250000000   0.500000000 ) 

    1    1
  0.22899184  0.00000000    0.00000000 -0.00133628    0.00000000 -0.00926931
  0.00000000  0.00133628    0.22095146  0.00000000    0.00423267  0.00000000
  0.00000000  0.00926931    0.00423267  0.00000000    0.25551706  0.00000000
    1    2
 -0.05741277  0.13860669   -0.09487883 -0.03930010   -0.03711983 -0.01537554
 -0.09487883 -0.03930010   -0.05425071  0.13097281    0.01606426 -0.03878256
 -0.03711983 -0.01537554    0.01606426 -0.03878256   -0.05846030  0.14113565
    2    1
 -0.05741277 -0.13860669   -0.09487883  0.03930010   -0.03711983  0.01537554
 -0.09487883  0.03930010   -0.05425071 -0.13097281    0.01606426  0.03878256
 -0.03711983  0.01537554    0.01606426  0.03878256   -0.05846030 -0.14113565
    2    2
  0.22899184  0.00000000    0.00000000  0.00133628    0.00000000  0.00926931
  0.00000000 -0.00133628    0.22095146  0.00000000    0.00423267  0.00000000
  0.00000000 -0.00926931    0.00423267  0.00000000    0.25551706  0.00000000

     Dynamical  Matrix in cartesian axes

     q = (    0.000000000  -0.250000000  -0.500000000 ) 

    1    1
  0.22899184  0.00000000    0.00000000  0.00133628    0.00000000  0.00926931
  0.00000000 -0.00133628    0.22095146  0.00000000    0.00423267  0.00000000
  0.00000000 -0.00926931    0.00423267  0.00000000    0.25551706  0.00000000
    1    2
 -0.05741277 -0.13860669   -0.09487883  0.03930010   -0.03711983  0.01537554
 -0.09487883  0.03930010   -0.05425071 -0.13097281    0.01606426  0.03878256
 -0.03711983  0.01537554    0.01606426  0.03878256   -0.05846030 -0.14113565
    2    1
 -0.05741277  0.13860669   -0.09487883 -0.03930010   -0.03711983 -0.01537554
 -0.09487883 -0.03930010   -0.05425071  0.13097281    0.01606426 -0.03878256
 -0.03711983 -0.01537554    0.01606426 -0.03878256   -0.05846030  0.14113565
    2    2
  0.22899184  0.00000000    0.00000000 -0.00133628    0.00000000 -0.00926931
  0.00000000  0.00133628    0.22095146  0.00000000    0.00423267  0.00000000
  0.00000000  0.00926931    0.00423267  0.00000000    0.25551706  0.00000000

     Dynamical  Matrix in cartesian axes

     q = (   -0.500000000   0.250000000   0.000000000 ) 

    1    1
  0.25551706  0.00000000   -0.00423267  0.00000000    0.00000000  0.00926931
 -0.00423267  0.00000000    0.22095146  0.00000000    0.00000000 -0.00133628
  0.00000000 -0.00926931    0.00000000  0.00133628    0.22899184  0.00000000
    1    2
 -0.14113565 -0.05846030   -0.03878256 -0.01606426    0.01537554 -0.03711983
 -0.03878256 -0.01606426   -0.13097281 -0.05425071   -0.03930010  0.09487883
  0.01537554 -0.03711983   -0.03930010  0.09487883   -0.13860669 -0.05741277
    2    1
 -0.14113565  0.05846030   -0.03878256  0.01606426    0.01537554  0.03711983
 -0.03878256  0.01606426   -0.13097281  0.05425071   -0.03930010 -0.09487883
  0.01537554  0.03711983   -0.03930010 -0.09487883   -0.13860669  0.05741277
    2    2
  0.25551706  0.00000000   -0.00423267  0.00000000    0.00000000 -0.00926931
 -0.00423267  0.00000000    0.22095146  0.00000000    0.00000000  0.00133628
  0.00000000  0.00926931    0.00000000 -0.00133628    0.22899184  0.00000000

     Dynamical  Matrix in cartesian axes

     q = (   -0.500000000   0.000000000  -0.250000000 ) 

    1    1
  0.25551706  0.00000000    0.00000000 -0.00926931    0.00423267  0.00000000
  0.00000000  0.00926931    0.22899184  0.00000000    0.00000000  0.00133628
  0.00423267  0.00000000    0.00000000 -0.00133628    0.22095146  0.00000000
    1    2
 -0.05846030 -0.14113565   -0.03711983  0.01537554    0.01606426  0.03878256
 -0.03711983  0.01537554   -0.05741277 -0.13860669   -0.09487883  0.03930010
  0.01606426  0.03878256   -0.09487883  0.03930010   -0.05425071 -0.13097281
    2    1
 -0.05846030  0.14113565   -0.03711983 -0.01537554    0.01606426 -0.03878256
 -0.03711983 -0.01537554   -0.05741277  0.13860669   -0.09487883 -0.03930010
  0.01606426 -0.03878256   -0.09487883 -0.03930010   -0.05425071  0.13097281
    2    2
  0.25551706  0.00000000    0.00000000  0.00926931    0.00423267  0.00000000
  0.00000000 -0.00926931    0.22899184  0.00000000    0.00000000 -0.00133628
  0.00423267  0.00000000    0.00000000  0.00133628    0.22095146  0.00000000

     Dynamical  Matrix in cartesian axes

     q = (   -0.250000000   0.000000000  -0.500000000 ) 

    1    1
  0.22095146  0.00000000    0.00000000 -0.00133628    0.00423267  0.00000000
  0.00000000  0.00133628    0.22899184  0.00000000    0.00000000  0.00926931
  0.00423267  0.00000000    0.00000000 -0.00926931    0.25551706  0.00000000
    1    2
 -0.05425071 -0.13097281   -0.09487883  0.03930010    0.01606426  0.03878256
 -0.09487883  0.03930010   -0.05741277 -0.13860669   -0.03711983  0.01537554
  0.01606426  0.03878256   -0.03711983  0.01537554   -0.05846030 -0.14113565
    2    1
 -0.05425071  0.13097281   -0.09487883 -0.03930010    0.01606426 -0.03878256
 -0.09487883 -0.03930010   -0.05741277  0.13860669   -0.03711983 -0.01537554
  0.01606426 -0.03878256   -0.03711983 -0.01537554   -0.05846030  0.14113565
    2    2
  0.22095146  0.00000000    0.00000000  0.00133628    0.00423267  0.00000000
  0.00000000 -0.00133628    0.22899184  0.00000000    0.00000000 -0.00926931
  0.00423267  0.00000000    0.00000000  0.00926931    0.25551706  0.00000000

     Dynamical  Matrix in cartesian axes

     q = (   -0.500000000  -0.250000000   0.000000000 ) 

    1    1
  0.25551706  0.00000000    0.00423267  0.00000000    0.00000000 -0.00926931
  0.00423267  0.00000000    0.22095146  0.00000000    0.00000000 -0.00133628
  0.00000000  0.00926931    0.00000000  0.00133628    0.22899184  0.00000000
    1    2
 -0.05846030 -0.14113565    0.01606426  0.03878256   -0.03711983  0.01537554
  0.01606426  0.03878256   -0.05425071 -0.13097281   -0.09487883  0.03930010
 -0.03711983  0.01537554   -0.09487883  0.03930010   -0.05741277 -0.13860669
    2    1
 -0.05846030  0.14113565    0.01606426 -0.03878256   -0.03711983 -0.01537554
  0.01606426 -0.03878256   -0.05425071  0.13097281   -0.09487883 -0.03930010
 -0.03711983 -0.01537554   -0.09487883 -0.03930010   -0.05741277  0.13860669
    2    2
  0.25551706  0.00000000    0.00423267  0.00000000    0.00000000  0.00926931
  0.00423267  0.00000000    0.22095146  0.00000000    0.00000000  0.00133628
  0.00000000 -0.00926931    0.00000000 -0.00133628    0.22899184  0.00000000

     Dynamical  Matrix in cartesian axes

     q = (    0.500000000   0.250000000   0.000000000 ) 

    1    1
  0.25551706  0.00000000    0.00423267  0.00000000    0.00000000  0.00926931
  0.00423267  0.00000000    0.22095146  0.00000000    0.00000000  0.00133628
  0.00000000 -0.00926931    0.00000000 -0.00133628    0.22899184  0.00000000
    1    2
 -0.05846030  0.14113565    0.01606426 -0.03878256   -0.03711983 -0.01537554
  0.01606426 -0.03878256   -0.05425071  0.13097281   -0.09487883 -0.03930010
 -0.03711983 -0.01537554   -0.09487883 -0.03930010   -0.05741277  0.13860669
    2    1
 -0.05846030 -0.14113565    0.01606426  0.03878256   -0.03711983  0.01537554
  0.01606426  0.03878256   -0.05425071 -0.13097281   -0.09487883  0.03930010
 -0.03711983  0.01537554   -0.09487883  0.03930010   -0.05741277 -0.13860669
    2    2
  0.25551706  0.00000000    0.00423267  0.00000000    0.00000000 -0.00926931
  0.00423267  0.00000000    0.22095146  0.00000000    0.00000000 -0.00133628
  0.00000000  0.00926931    0.00000000  0.00133628    0.22899184  0.00000000

     Dynamical  Matrix in cartesian axes

     q = (    0.250000000   0.000000000  -0.500000000 ) 

    1    1
  0.22095146  0.00000000    0.00000000 -0.00133628   -0.00423267  0.00000000
  0.00000000  0.00133628    0.22899184  0.00000000    0.00000000 -0.00926931
 -0.00423267  0.00000000    0.00000000  0.00926931    0.25551706  0.00000000
    1    2
 -0.13097281 -0.05425071   -0.03930010  0.09487883   -0.03878256 -0.01606426
 -0.03930010  0.09487883   -0.13860669 -0.05741277    0.01537554 -0.03711983
 -0.03878256 -0.01606426    0.01537554 -0.03711983   -0.14113565 -0.05846030
    2    1
 -0.13097281  0.05425071   -0.03930010 -0.09487883   -0.03878256  0.01606426
 -0.03930010 -0.09487883   -0.13860669  0.05741277    0.01537554  0.03711983
 -0.03878256  0.01606426    0.01537554  0.03711983   -0.14113565  0.05846030
    2    2
  0.22095146  0.00000000    0.00000000  0.00133628   -0.00423267  0.00000000
  0.00000000 -0.00133628    0.22899184  0.00000000    0.00000000  0.00926931
 -0.00423267  0.00000000    0.00000000 -0.00926931    0.25551706  0.00000000

     Dynamical  Matrix in cartesian axes

     q = (    0.000000000   0.250000000  -0.500000000 ) 

    1    1
  0.22899184  0.00000000    0.00000000  0.00133628    0.00000000 -0.00926931
  0.00000000 -0.00133628    0.22095146  0.00000000   -0.00423267  0.00000000
  0.00000000  0.00926931   -0.00423267  0.00000000    0.25551706  0.00000000
    1    2
 -0.13860669 -0.05741277   -0.03930010  0.09487883    0.01537554 -0.03711983
 -0.03930010  0.09487883   -0.13097281 -0.05425071   -0.03878256 -0.01606426
  0.01537554 -0.03711983   -0.03878256 -0.01606426   -0.14113565 -0.05846030
    2    1
 -0.13860669  0.05741277   -0.03930010 -0.09487883    0.01537554  0.03711983
 -0.03930010 -0.09487883   -0.13097281  0.05425071   -0.03878256  0.01606426
  0.01537554  0.03711983   -0.03878256  0.01606426   -0.14113565  0.05846030
    2    2
  0.22899184  0.00000000    0.00000000 -0.00133628    0.00000000  0.00926931
  0.00000000  0.00133628    0.22095146  0.00000000   -0.00423267  0.00000000
  0.00000000 -0.00926931   -0.00423267  0.00000000    0.25551706  0.00000000

     Dynamical  Matrix in cartesian axes

     q = (   -0.250000000   0.000000000   0.500000000 ) 

    1    1
  0.22095146  0.00000000    0.00000000  0.00133628   -0.00423267  0.00000000
  0.00000000 -0.00133628    0.22899184  0.00000000    0.00000000  0.00926931
 -0.00423267  0.00000000    0.00000000 -0.00926931    0.25551706  0.00000000
    1    2
 -0.13097281  0.05425071   -0.03930010 -0.09487883   -0.03878256  0.01606426
 -0.03930010 -0.09487883   -0.13860669  0.05741277    0.01537554  0.03711983
 -0.03878256  0.01606426    0.01537554  0.03711983   -0.14113565  0.05846030
    2    1
 -0.13097281 -0.05425071   -0.03930010  0.09487883   -0.03878256 -0.01606426
 -0.03930010  0.09487883   -0.13860669 -0.05741277    0.01537554 -0.03711983
 -0.03878256 -0.01606426    0.01537554 -0.03711983   -0.14113565 -0.05846030
    2    2
  0.22095146  0.00000000    0.00000000 -0.00133628   -0.00423267  0.00000000
  0.00000000  0.00133628    0.22899184  0.00000000    0.00000000 -0.00926931
 -0.00423267  0.00000000    0.00000000  0.00926931    0.25551706  0.00000000

     Dynamical  Matrix in cartesian axes

     q = (    0.250000000   0.000000000   0.500000000 ) 

    1    1
  0.22095146  0.00000000    0.00000000  0.00133628    0.00423267  0.00000000
  0.00000000 -0.00133628    0.22899184  0.00000000    0.00000000 -0.00926931
  0.00423267  0.00000000    0.00000000  0.00926931    0.25551706  0.00000000
    1    2
 -0.05425071  0.13097281   -0.09487883 -0.03930010    0.01606426 -0.03878256
 -0.09487883 -0.03930010   -0.05741277  0.13860669   -0.03711983 -0.01537554
  0.01606426 -0.03878256   -0.03711983 -0.01537554   -0.05846030  0.14113565
    2    1
 -0.05425071 -0.13097281   -0.09487883  0.03930010    0.01606426  0.03878256
 -0.09487883  0.03930010   -0.05741277 -0.13860669   -0.03711983  0.01537554
  0.01606426  0.03878256   -0.03711983  0.01537554   -0.05846030 -0.14113565
    2    2
  0.22095146  0.00000000    0.00000000 -0.00133628    0.00423267  0.00000000
  0.00000000  0.00133628    0.22899184  0.00000000    0.00000000  0.00926931
  0.00423267  0.00000000    0.00000000 -0.00926931    0.25551706  0.00000000

     Diagonalizing the dynamical matrix

     q = (   -0.250000000   0.500000000   0.000000000 ) 

 **************************************************************************
     omega( 1) =       2.302369 [THz] =      76.798765 [cm-1]
 ( -0.237482 -0.573333 -0.117715 -0.284189  0.131541 -0.054486 ) 
 (  0.000000 -0.620571  0.000000 -0.307604 -0.142379  0.000000 ) 
     omega( 2) =       2.616906 [THz] =      87.290577 [cm-1]
 ( -0.084232 -0.203355  0.030220  0.072957 -0.616523  0.255372 ) 
 (  0.000000  0.220110  0.000000 -0.078968 -0.667320  0.000000 ) 
     omega( 3) =       4.149328 [THz] =     138.406685 [cm-1]
 ( -0.099551 -0.240336  0.238270  0.575234  0.195245 -0.080873 ) 
 (  0.000000 -0.260138  0.000000  0.622629 -0.211331  0.000000 ) 
     omega( 4) =       7.844355 [THz] =     261.659520 [cm-1]
 (  0.203178  0.490515 -0.156900 -0.378790 -0.206616  0.085583 ) 
 (  0.000000 -0.530929  0.000000  0.409999 -0.223640  0.000000 ) 
     omega( 5) =       8.319935 [THz] =     277.523171 [cm-1]
 (  0.083158  0.200761 -0.050931 -0.122958  0.609388 -0.252417 ) 
 (  0.000000  0.217302  0.000000 -0.133089 -0.659596  0.000000 ) 
     omega( 6) =       8.403599 [THz] =     280.313885 [cm-1]
 ( -0.157629 -0.380551 -0.218386 -0.527231  0.063131 -0.026150 ) 
 (  0.000000  0.411905  0.000000  0.570671  0.068333  0.000000 ) 
 **************************************************************************
