Dynamical matrix file
                                                                           
  1    2  2 10.6000000  0.0000000  0.0000000  0.0000000  0.0000000  0.0000000
           1  'Ge  '    66179.9664212243     
    1    1      0.0000000      0.0000000      0.0000000
    2    1      0.2500000      0.2500000      0.2500000

     Dynamical  Matrix in cartesian axes

     q = (   -0.250000000   0.250000000  -0.250000000 ) 

    1    1
  0.24528893  0.00000000   -0.01124066  0.00000000    0.01124066  0.00000000
 -0.01124066  0.00000000    0.24528893  0.00000000   -0.01124066  0.00000000
  0.01124066  0.00000000   -0.01124066  0.00000000    0.24528893  0.00000000
    1    2
 -0.18425097 -0.05274635   -0.03344757  0.03567096    0.03344757 -0.03567096
 -0.03344757  0.03567096   -0.18425097 -0.05274635   -0.03344757  0.03567096
  0.03344757 -0.03567096   -0.03344757  0.03567096   -0.18425097 -0.05274635
    2    1
 -0.18425097  0.05274635   -0.03344757 -0.03567096    0.03344757  0.03567096
 -0.03344757 -0.03567096   -0.18425097  0.05274635   -0.03344757 -0.03567096
  0.03344757  0.03567096   -0.03344757 -0.03567096   -0.18425097  0.05274635
    2    2
  0.24528893  0.00000000   -0.01124066  0.00000000    0.01124066  0.00000000
 -0.01124066  0.00000000    0.24528893  0.00000000   -0.01124066  0.00000000
  0.01124066  0.00000000   -0.01124066  0.00000000    0.24528893  0.00000000

     Dynamical  Matrix in cartesian axes

     q = (    0.250000000  -0.250000000  -0.250000000 ) 

    1    1
  0.24528893  0.00000000   -0.01124066  0.00000000   -0.01124066  0.00000000
 -0.01124066  0.00000000    0.24528893  0.00000000    0.01124066  0.00000000
 -0.01124066  0.00000000    0.01124066  0.00000000    0.24528893  0.00000000
    1    2
 -0.18425097 -0.05274635   -0.03344757  0.03567096   -0.03344757  0.03567096
 -0.03344757  0.03567096   -0.18425097 -0.05274635    0.03344757 -0.03567096
 -0.03344757  0.03567096    0.03344757 -0.03567096   -0.18425097 -0.05274635
    2    1
 -0.18425097  0.05274635   -0.03344757 -0.03567096   -0.03344757 -0.03567096
 -0.03344757 -0.03567096   -0.18425097  0.05274635    0.03344757  0.03567096
 -0.03344757 -0.03567096    0.03344757  0.03567096   -0.18425097  0.05274635
    2    2
  0.24528893  0.00000000   -0.01124066  0.00000000   -0.01124066  0.00000000
 -0.01124066  0.00000000    0.24528893  0.00000000    0.01124066  0.00000000
 -0.01124066  0.00000000    0.01124066  0.00000000    0.24528893  0.00000000

     Dynamical  Matrix in cartesian axes

     q = (    0.250000000  -0.250000000   0.250000000 ) 

    1    1
  0.24528893  0.00000000   -0.01124066  0.00000000    0.01124066  0.00000000
 -0.01124066  0.00000000    0.24528893  0.00000000   -0.01124066  0.00000000
  0.01124066  0.00000000   -0.01124066  0.00000000    0.24528893  0.00000000
    1    2
 -0.18425097  0.05274635   -0.03344757 -0.03567096    0.03344757  0.03567096
 -0.03344757 -0.03567096   -0.18425097  0.05274635   -0.03344757 -0.03567096
  0.03344757  0.03567096   -0.03344757 -0.03567096   -0.18425097  0.05274635
    2    1
 -0.18425097 -0.05274635   -0.03344757  0.03567096    0.03344757 -0.03567096
 -0.03344757  0.03567096   -0.18425097 -0.05274635   -0.03344757  0.03567096
  0.03344757 -0.03567096   -0.03344757  0.03567096   -0.18425097 -0.05274635
    2    2
  0.24528893  0.00000000   -0.01124066  0.00000000    0.01124066  0.00000000
 -0.01124066  0.00000000    0.24528893  0.00000000   -0.01124066  0.00000000
  0.01124066  0.00000000   -0.01124066  0.00000000    0.24528893  0.00000000

     Dynamical  Matrix in cartesian axes

     q = (   -0.250000000   0.250000000   0.250000000 ) 

    1    1
  0.24528893  0.00000000   -0.01124066  0.00000000   -0.01124066  0.00000000
 -0.01124066  0.00000000    0.24528893  0.00000000    0.01124066  0.00000000
 -0.01124066  0.00000000    0.01124066  0.00000000    0.24528893  0.00000000
    1    2
 -0.18425097  0.05274635   -0.03344757 -0.03567096   -0.03344757 -0.03567096
 -0.03344757 -0.03567096   -0.18425097  0.05274635    0.03344757  0.03567096
 -0.03344757 -0.03567096    0.03344757  0.03567096   -0.18425097  0.05274635
    2    1
 -0.18425097 -0.05274635   -0.03344757  0.03567096   -0.03344757  0.03567096
 -0.03344757  0.03567096   -0.18425097 -0.05274635    0.03344757 -0.03567096
 -0.03344757  0.03567096    0.03344757 -0.03567096   -0.18425097 -0.05274635
    2    2
  0.24528893  0.00000000   -0.01124066  0.00000000   -0.01124066  0.00000000
 -0.01124066  0.00000000    0.24528893  0.00000000    0.01124066  0.00000000
 -0.01124066  0.00000000    0.01124066  0.00000000    0.24528893  0.00000000

     Dynamical  Matrix in cartesian axes

     q = (    0.250000000   0.250000000  -0.250000000 ) 

    1    1
  0.24528893  0.00000000    0.01124066  0.00000000   -0.01124066  0.00000000
  0.01124066  0.00000000    0.24528893  0.00000000   -0.01124066  0.00000000
 -0.01124066  0.00000000   -0.01124066  0.00000000    0.24528893  0.00000000
    1    2
 -0.18425097  0.05274635    0.03344757  0.03567096   -0.03344757 -0.03567096
  0.03344757  0.03567096   -0.18425097  0.05274635   -0.03344757 -0.03567096
 -0.03344757 -0.03567096   -0.03344757 -0.03567096   -0.18425097  0.05274635
    2    1
 -0.18425097 -0.05274635    0.03344757 -0.03567096   -0.03344757  0.03567096
  0.03344757 -0.03567096   -0.18425097 -0.05274635   -0.03344757  0.03567096
 -0.03344757  0.03567096   -0.03344757  0.03567096   -0.18425097 -0.05274635
    2    2
  0.24528893  0.00000000    0.01124066  0.00000000   -0.01124066  0.00000000
  0.01124066  0.00000000    0.24528893  0.00000000   -0.01124066  0.00000000
 -0.01124066  0.00000000   -0.01124066  0.00000000    0.24528893  0.00000000

     Dynamical  Matrix in cartesian axes

     q = (   -0.250000000  -0.250000000  -0.250000000 ) 

    1    1
  0.24528893  0.00000000    0.01124066  0.00000000    0.01124066  0.00000000
  0.01124066  0.00000000    0.24528893  0.00000000    0.01124066  0.00000000
  0.01124066  0.00000000    0.01124066  0.00000000    0.24528893  0.00000000
    1    2
 -0.05274635 -0.18425097   -0.03567096  0.03344757   -0.03567096  0.03344757
 -0.03567096  0.03344757   -0.05274635 -0.18425097   -0.03567096  0.03344757
 -0.03567096  0.03344757   -0.03567096  0.03344757   -0.05274635 -0.18425097
    2    1
 -0.05274635  0.18425097   -0.03567096 -0.03344757   -0.03567096 -0.03344757
 -0.03567096 -0.03344757   -0.05274635  0.18425097   -0.03567096 -0.03344757
 -0.03567096 -0.03344757   -0.03567096 -0.03344757   -0.05274635  0.18425097
    2    2
  0.24528893  0.00000000    0.01124066  0.00000000    0.01124066  0.00000000
  0.01124066  0.00000000    0.24528893  0.00000000    0.01124066  0.00000000
  0.01124066  0.00000000    0.01124066  0.00000000    0.24528893  0.00000000

     Dynamical  Matrix in cartesian axes

     q = (   -0.250000000  -0.250000000   0.250000000 ) 

    1    1
  0.24528893  0.00000000    0.01124066  0.00000000   -0.01124066  0.00000000
  0.01124066  0.00000000    0.24528893  0.00000000   -0.01124066  0.00000000
 -0.01124066  0.00000000   -0.01124066  0.00000000    0.24528893  0.00000000
    1    2
 -0.18425097 -0.05274635    0.03344757 -0.03567096   -0.03344757  0.03567096
  0.03344757 -0.03567096   -0.18425097 -0.05274635   -0.03344757  0.03567096
 -0.03344757  0.03567096   -0.03344757  0.03567096   -0.18425097 -0.05274635
    2    1
 -0.18425097  0.05274635    0.03344757  0.03567096   -0.03344757 -0.03567096
  0.03344757  0.03567096   -0.18425097  0.05274635   -0.03344757 -0.03567096
 -0.03344757 -0.03567096   -0.03344757 -0.03567096   -0.18425097  0.05274635
    2    2
  0.24528893  0.00000000    0.01124066  0.00000000   -0.01124066  0.00000000
  0.01124066  0.00000000    0.24528893  0.00000000   -0.01124066  0.00000000
 -0.01124066  0.00000000   -0.01124066  0.00000000    0.24528893  0.00000000

     Dynamical  Matrix in cartesian axes

     q = (    0.250000000   0.250000000   0.250000000 ) 

    1    1
  0.24528893  0.00000000    0.01124066  0.00000000    0.01124066  0.00000000
  0.01124066  0.00000000    0.24528893  0.00000000    0.01124066  0.00000000
  0.01124066  0.00000000    0.01124066  0.00000000    0.24528893  0.00000000
    1    2
 -0.05274635  0.18425097   -0.03567096 -0.03344757   -0.03567096 -0.03344757
 -0.03567096 -0.03344757   -0.05274635  0.18425097   -0.03567096 -0.03344757
 -0.03567096 -0.03344757   -0.03567096 -0.03344757   -0.05274635  0.18425097
    2    1
 -0.05274635 -0.18425097   -0.03567096  0.03344757   -0.03567096  0.03344757
 -0.03567096  0.03344757   -0.05274635 -0.18425097   -0.03567096  0.03344757
 -0.03567096  0.03344757   -0.03567096  0.03344757   -0.05274635 -0.18425097
    2    2
  0.24528893  0.00000000    0.01124066  0.00000000    0.01124066  0.00000000
  0.01124066  0.00000000    0.24528893  0.00000000    0.01124066  0.00000000
  0.01124066  0.00000000    0.01124066  0.00000000    0.24528893  0.00000000

     Diagonalizing the dynamical matrix

     q = (   -0.250000000   0.250000000  -0.250000000 ) 

 **************************************************************************
     omega( 1) =       1.601401 [THz] =      53.416990 [cm-1]
 (  0.543994  0.169121  0.215959  0.143392 -0.328035 -0.025730 ) 
 (  0.555553  0.126066  0.226511  0.126066 -0.329042  0.000000 ) 
     omega( 2) =       1.601401 [THz] =      53.416990 [cm-1]
 ( -0.027067 -0.089828 -0.500024 -0.126925 -0.472957 -0.037097 ) 
 ( -0.034008 -0.087437 -0.508418 -0.087437 -0.474410  0.000000 ) 
     omega( 3) =       3.982414 [THz] =     132.839040 [cm-1]
 (  0.280517  0.296609 -0.280517 -0.296609  0.280517  0.296609 ) 
 (  0.408248  0.000000 -0.408248  0.000000  0.408248  0.000000 ) 
     omega( 4) =       8.468918 [THz] =     282.492710 [cm-1]
 (  0.280517  0.296609 -0.280517 -0.296609  0.280517  0.296609 ) 
 ( -0.408248  0.000000  0.408248  0.000000 -0.408248  0.000000 ) 
     omega( 5) =       8.601624 [THz] =     286.919305 [cm-1]
 ( -0.410807 -0.131594 -0.529138 -0.140876 -0.118331 -0.009281 ) 
 (  0.419839  0.099068  0.538533  0.099068  0.118694  0.000000 ) 
     omega( 6) =       8.601624 [THz] =     286.919305 [cm-1]
 (  0.380372  0.050710 -0.182916  0.006528 -0.563288 -0.044182 ) 
 ( -0.383172 -0.020811  0.181845 -0.020811  0.565018  0.000000 ) 
 **************************************************************************
