Dynamical matrix file
                                                                           
  1    2  2 10.6000000  0.0000000  0.0000000  0.0000000  0.0000000  0.0000000
           1  'Ge  '    66179.9664212243     
    1    1      0.0000000      0.0000000      0.0000000
    2    1      0.2500000      0.2500000      0.2500000

     Dynamical  Matrix in cartesian axes

     q = (    0.375000000  -0.125000000   0.375000000 ) 

    1    1
  0.23690666  0.00000000   -0.00638106  0.00519342    0.00749426  0.00000000
 -0.00638106 -0.00519342    0.24215492  0.00000000   -0.00638106 -0.00519342
  0.00749426  0.00000000   -0.00638106  0.00519342    0.23690666  0.00000000
    1    2
 -0.10198073  0.11797698   -0.06427809 -0.02637948    0.04443120 -0.02681116
 -0.06427809 -0.02637948   -0.10840015  0.12712583   -0.06427809 -0.02637948
  0.04443120 -0.02681116   -0.06427809 -0.02637948   -0.10198073  0.11797698
    2    1
 -0.10198073 -0.11797698   -0.06427809  0.02637948    0.04443120  0.02681116
 -0.06427809  0.02637948   -0.10840015 -0.12712583   -0.06427809  0.02637948
  0.04443120  0.02681116   -0.06427809  0.02637948   -0.10198073 -0.11797698
    2    2
  0.23690666  0.00000000   -0.00638106 -0.00519342    0.00749426  0.00000000
 -0.00638106  0.00519342    0.24215492  0.00000000   -0.00638106  0.00519342
  0.00749426  0.00000000   -0.00638106 -0.00519342    0.23690666  0.00000000

     Dynamical  Matrix in cartesian axes

     q = (    0.375000000  -0.125000000  -0.375000000 ) 

    1    1
  0.23690666  0.00000000   -0.00638106 -0.00519342   -0.00749426  0.00000000
 -0.00638106  0.00519342    0.24215492  0.00000000    0.00638106 -0.00519342
 -0.00749426  0.00000000    0.00638106  0.00519342    0.23690666  0.00000000
    1    2
 -0.15553359 -0.01131105   -0.02679837  0.06410458   -0.05037595  0.01245925
 -0.02679837  0.06410458   -0.16654202 -0.01324105    0.02679837 -0.06410458
 -0.05037595  0.01245925    0.02679837 -0.06410458   -0.15553359 -0.01131105
    2    1
 -0.15553359  0.01131105   -0.02679837 -0.06410458   -0.05037595 -0.01245925
 -0.02679837 -0.06410458   -0.16654202  0.01324105    0.02679837  0.06410458
 -0.05037595 -0.01245925    0.02679837  0.06410458   -0.15553359  0.01131105
    2    2
  0.23690666  0.00000000   -0.00638106  0.00519342   -0.00749426  0.00000000
 -0.00638106 -0.00519342    0.24215492  0.00000000    0.00638106  0.00519342
 -0.00749426  0.00000000    0.00638106 -0.00519342    0.23690666  0.00000000

     Dynamical  Matrix in cartesian axes

     q = (   -0.375000000  -0.125000000   0.375000000 ) 

    1    1
  0.23690666  0.00000000    0.00638106  0.00519342   -0.00749426  0.00000000
  0.00638106 -0.00519342    0.24215492  0.00000000   -0.00638106  0.00519342
 -0.00749426  0.00000000   -0.00638106 -0.00519342    0.23690666  0.00000000
    1    2
 -0.15553359 -0.01131105    0.02679837 -0.06410458   -0.05037595  0.01245925
  0.02679837 -0.06410458   -0.16654202 -0.01324105   -0.02679837  0.06410458
 -0.05037595  0.01245925   -0.02679837  0.06410458   -0.15553359 -0.01131105
    2    1
 -0.15553359  0.01131105    0.02679837  0.06410458   -0.05037595 -0.01245925
  0.02679837  0.06410458   -0.16654202  0.01324105   -0.02679837 -0.06410458
 -0.05037595 -0.01245925   -0.02679837 -0.06410458   -0.15553359  0.01131105
    2    2
  0.23690666  0.00000000    0.00638106 -0.00519342   -0.00749426  0.00000000
  0.00638106  0.00519342    0.24215492  0.00000000   -0.00638106 -0.00519342
 -0.00749426  0.00000000   -0.00638106  0.00519342    0.23690666  0.00000000

     Dynamical  Matrix in cartesian axes

     q = (   -0.375000000  -0.125000000  -0.375000000 ) 

    1    1
  0.23690666  0.00000000    0.00638106 -0.00519342    0.00749426  0.00000000
  0.00638106  0.00519342    0.24215492  0.00000000    0.00638106  0.00519342
  0.00749426  0.00000000    0.00638106 -0.00519342    0.23690666  0.00000000
    1    2
 -0.01131105 -0.15553359   -0.06410458  0.02679837   -0.01245925  0.05037595
 -0.06410458  0.02679837   -0.01324105 -0.16654202   -0.06410458  0.02679837
 -0.01245925  0.05037595   -0.06410458  0.02679837   -0.01131105 -0.15553359
    2    1
 -0.01131105  0.15553359   -0.06410458 -0.02679837   -0.01245925 -0.05037595
 -0.06410458 -0.02679837   -0.01324105  0.16654202   -0.06410458 -0.02679837
 -0.01245925 -0.05037595   -0.06410458 -0.02679837   -0.01131105  0.15553359
    2    2
  0.23690666  0.00000000    0.00638106  0.00519342    0.00749426  0.00000000
  0.00638106 -0.00519342    0.24215492  0.00000000    0.00638106 -0.00519342
  0.00749426  0.00000000    0.00638106  0.00519342    0.23690666  0.00000000

     Dynamical  Matrix in cartesian axes

     q = (   -0.375000000   0.125000000  -0.375000000 ) 

    1    1
  0.23690666  0.00000000   -0.00638106 -0.00519342    0.00749426  0.00000000
 -0.00638106  0.00519342    0.24215492  0.00000000   -0.00638106  0.00519342
  0.00749426  0.00000000   -0.00638106 -0.00519342    0.23690666  0.00000000
    1    2
 -0.10198073 -0.11797698   -0.06427809  0.02637948    0.04443120  0.02681116
 -0.06427809  0.02637948   -0.10840015 -0.12712583   -0.06427809  0.02637948
  0.04443120  0.02681116   -0.06427809  0.02637948   -0.10198073 -0.11797698
    2    1
 -0.10198073  0.11797698   -0.06427809 -0.02637948    0.04443120 -0.02681116
 -0.06427809 -0.02637948   -0.10840015  0.12712583   -0.06427809 -0.02637948
  0.04443120 -0.02681116   -0.06427809 -0.02637948   -0.10198073  0.11797698
    2    2
  0.23690666  0.00000000   -0.00638106  0.00519342    0.00749426  0.00000000
 -0.00638106 -0.00519342    0.24215492  0.00000000   -0.00638106 -0.00519342
  0.00749426  0.00000000   -0.00638106  0.00519342    0.23690666  0.00000000

     Dynamical  Matrix in cartesian axes

     q = (   -0.125000000   0.375000000  -0.375000000 ) 

    1    1
  0.24215492  0.00000000   -0.00638106  0.00519342    0.00638106 -0.00519342
 -0.00638106 -0.00519342    0.23690666  0.00000000   -0.00749426  0.00000000
  0.00638106  0.00519342   -0.00749426  0.00000000    0.23690666  0.00000000
    1    2
 -0.16654202 -0.01324105   -0.02679837  0.06410458    0.02679837 -0.06410458
 -0.02679837  0.06410458   -0.15553359 -0.01131105   -0.05037595  0.01245925
  0.02679837 -0.06410458   -0.05037595  0.01245925   -0.15553359 -0.01131105
    2    1
 -0.16654202  0.01324105   -0.02679837 -0.06410458    0.02679837  0.06410458
 -0.02679837 -0.06410458   -0.15553359  0.01131105   -0.05037595 -0.01245925
  0.02679837  0.06410458   -0.05037595 -0.01245925   -0.15553359  0.01131105
    2    2
  0.24215492  0.00000000   -0.00638106 -0.00519342    0.00638106  0.00519342
 -0.00638106  0.00519342    0.23690666  0.00000000   -0.00749426  0.00000000
  0.00638106 -0.00519342   -0.00749426  0.00000000    0.23690666  0.00000000

     Dynamical  Matrix in cartesian axes

     q = (   -0.375000000   0.375000000  -0.125000000 ) 

    1    1
  0.23690666  0.00000000   -0.00749426  0.00000000    0.00638106  0.00519342
 -0.00749426  0.00000000    0.23690666  0.00000000   -0.00638106 -0.00519342
  0.00638106 -0.00519342   -0.00638106  0.00519342    0.24215492  0.00000000
    1    2
 -0.15553359 -0.01131105   -0.05037595  0.01245925    0.02679837 -0.06410458
 -0.05037595  0.01245925   -0.15553359 -0.01131105   -0.02679837  0.06410458
  0.02679837 -0.06410458   -0.02679837  0.06410458   -0.16654202 -0.01324105
    2    1
 -0.15553359  0.01131105   -0.05037595 -0.01245925    0.02679837  0.06410458
 -0.05037595 -0.01245925   -0.15553359  0.01131105   -0.02679837 -0.06410458
  0.02679837  0.06410458   -0.02679837 -0.06410458   -0.16654202  0.01324105
    2    2
  0.23690666  0.00000000   -0.00749426  0.00000000    0.00638106 -0.00519342
 -0.00749426  0.00000000    0.23690666  0.00000000   -0.00638106  0.00519342
  0.00638106  0.00519342   -0.00638106 -0.00519342    0.24215492  0.00000000

     Dynamical  Matrix in cartesian axes

     q = (    0.375000000   0.125000000   0.375000000 ) 

    1    1
  0.23690666  0.00000000    0.00638106  0.00519342    0.00749426  0.00000000
  0.00638106 -0.00519342    0.24215492  0.00000000    0.00638106 -0.00519342
  0.00749426  0.00000000    0.00638106  0.00519342    0.23690666  0.00000000
    1    2
 -0.01131105  0.15553359   -0.06410458 -0.02679837   -0.01245925 -0.05037595
 -0.06410458 -0.02679837   -0.01324105  0.16654202   -0.06410458 -0.02679837
 -0.01245925 -0.05037595   -0.06410458 -0.02679837   -0.01131105  0.15553359
    2    1
 -0.01131105 -0.15553359   -0.06410458  0.02679837   -0.01245925  0.05037595
 -0.06410458  0.02679837   -0.01324105 -0.16654202   -0.06410458  0.02679837
 -0.01245925  0.05037595   -0.06410458  0.02679837   -0.01131105 -0.15553359
    2    2
  0.23690666  0.00000000    0.00638106 -0.00519342    0.00749426  0.00000000
  0.00638106  0.00519342    0.24215492  0.00000000    0.00638106  0.00519342
  0.00749426  0.00000000    0.00638106 -0.00519342    0.23690666  0.00000000

     Dynamical  Matrix in cartesian axes

     q = (   -0.375000000   0.125000000   0.375000000 ) 

    1    1
  0.23690666  0.00000000   -0.00638106  0.00519342   -0.00749426  0.00000000
 -0.00638106 -0.00519342    0.24215492  0.00000000    0.00638106  0.00519342
 -0.00749426  0.00000000    0.00638106 -0.00519342    0.23690666  0.00000000
    1    2
 -0.15553359  0.01131105   -0.02679837 -0.06410458   -0.05037595 -0.01245925
 -0.02679837 -0.06410458   -0.16654202  0.01324105    0.02679837  0.06410458
 -0.05037595 -0.01245925    0.02679837  0.06410458   -0.15553359  0.01131105
    2    1
 -0.15553359 -0.01131105   -0.02679837  0.06410458   -0.05037595  0.01245925
 -0.02679837  0.06410458   -0.16654202 -0.01324105    0.02679837 -0.06410458
 -0.05037595  0.01245925    0.02679837 -0.06410458   -0.15553359 -0.01131105
    2    2
  0.23690666  0.00000000   -0.00638106 -0.00519342   -0.00749426  0.00000000
 -0.00638106  0.00519342    0.24215492  0.00000000    0.00638106 -0.00519342
 -0.00749426  0.00000000    0.00638106  0.00519342    0.23690666  0.00000000

     Dynamical  Matrix in cartesian axes

     q = (    0.375000000   0.125000000  -0.375000000 ) 

    1    1
  0.23690666  0.00000000    0.00638106 -0.00519342   -0.00749426  0.00000000
  0.00638106  0.00519342    0.24215492  0.00000000   -0.00638106 -0.00519342
 -0.00749426  0.00000000   -0.00638106  0.00519342    0.23690666  0.00000000
    1    2
 -0.15553359  0.01131105    0.02679837  0.06410458   -0.05037595 -0.01245925
  0.02679837  0.06410458   -0.16654202  0.01324105   -0.02679837 -0.06410458
 -0.05037595 -0.01245925   -0.02679837 -0.06410458   -0.15553359  0.01131105
    2    1
 -0.15553359 -0.01131105    0.02679837 -0.06410458   -0.05037595  0.01245925
  0.02679837 -0.06410458   -0.16654202 -0.01324105   -0.02679837  0.06410458
 -0.05037595  0.01245925   -0.02679837  0.06410458   -0.15553359 -0.01131105
    2    2
  0.23690666  0.00000000    0.00638106  0.00519342   -0.00749426  0.00000000
  0.00638106 -0.00519342    0.24215492  0.00000000   -0.00638106  0.00519342
 -0.00749426  0.00000000   -0.00638106 -0.00519342    0.23690666  0.00000000

     Dynamical  Matrix in cartesian axes

     q = (   -0.375000000   0.375000000   0.125000000 ) 

    1    1
  0.23690666  0.00000000   -0.00749426  0.00000000   -0.00638106  0.00519342
 -0.00749426  0.00000000    0.23690666  0.00000000    0.00638106 -0.00519342
 -0.00638106 -0.00519342    0.00638106  0.00519342    0.24215492  0.00000000
    1    2
 -0.15553359  0.01131105   -0.05037595 -0.01245925   -0.02679837 -0.06410458
 -0.05037595 -0.01245925   -0.15553359  0.01131105    0.02679837  0.06410458
 -0.02679837 -0.06410458    0.02679837  0.06410458   -0.16654202  0.01324105
    2    1
 -0.15553359 -0.01131105   -0.05037595  0.01245925   -0.02679837  0.06410458
 -0.05037595  0.01245925   -0.15553359 -0.01131105    0.02679837 -0.06410458
 -0.02679837  0.06410458    0.02679837 -0.06410458   -0.16654202 -0.01324105
    2    2
  0.23690666  0.00000000   -0.00749426  0.00000000   -0.00638106 -0.00519342
 -0.00749426  0.00000000    0.23690666  0.00000000    0.00638106  0.00519342
 -0.00638106  0.00519342    0.00638106 -0.00519342    0.24215492  0.00000000

     Dynamical  Matrix in cartesian axes

     q = (   -0.125000000   0.375000000   0.375000000 ) 

    1    1
  0.24215492  0.00000000   -0.00638106 -0.00519342   -0.00638106 -0.00519342
 -0.00638106  0.00519342    0.23690666  0.00000000    0.00749426  0.00000000
 -0.00638106  0.00519342    0.00749426  0.00000000    0.23690666  0.00000000
    1    2
 -0.10840015  0.12712583   -0.06427809 -0.02637948   -0.06427809 -0.02637948
 -0.06427809 -0.02637948   -0.10198073  0.11797698    0.04443120 -0.02681116
 -0.06427809 -0.02637948    0.04443120 -0.02681116   -0.10198073  0.11797698
    2    1
 -0.10840015 -0.12712583   -0.06427809  0.02637948   -0.06427809  0.02637948
 -0.06427809  0.02637948   -0.10198073 -0.11797698    0.04443120  0.02681116
 -0.06427809  0.02637948    0.04443120  0.02681116   -0.10198073 -0.11797698
    2    2
  0.24215492  0.00000000   -0.00638106  0.00519342   -0.00638106  0.00519342
 -0.00638106 -0.00519342    0.23690666  0.00000000    0.00749426  0.00000000
 -0.00638106 -0.00519342    0.00749426  0.00000000    0.23690666  0.00000000

     Dynamical  Matrix in cartesian axes

     q = (    0.125000000   0.375000000  -0.375000000 ) 

    1    1
  0.24215492  0.00000000    0.00638106  0.00519342   -0.00638106 -0.00519342
  0.00638106 -0.00519342    0.23690666  0.00000000   -0.00749426  0.00000000
 -0.00638106  0.00519342   -0.00749426  0.00000000    0.23690666  0.00000000
    1    2
 -0.16654202  0.01324105    0.02679837  0.06410458   -0.02679837 -0.06410458
  0.02679837  0.06410458   -0.15553359  0.01131105   -0.05037595 -0.01245925
 -0.02679837 -0.06410458   -0.05037595 -0.01245925   -0.15553359  0.01131105
    2    1
 -0.16654202 -0.01324105    0.02679837 -0.06410458   -0.02679837  0.06410458
  0.02679837 -0.06410458   -0.15553359 -0.01131105   -0.05037595  0.01245925
 -0.02679837  0.06410458   -0.05037595  0.01245925   -0.15553359 -0.01131105
    2    2
  0.24215492  0.00000000    0.00638106 -0.00519342   -0.00638106  0.00519342
  0.00638106  0.00519342    0.23690666  0.00000000   -0.00749426  0.00000000
 -0.00638106 -0.00519342   -0.00749426  0.00000000    0.23690666  0.00000000

     Dynamical  Matrix in cartesian axes

     q = (   -0.125000000  -0.375000000  -0.375000000 ) 

    1    1
  0.24215492  0.00000000    0.00638106  0.00519342    0.00638106  0.00519342
  0.00638106 -0.00519342    0.23690666  0.00000000    0.00749426  0.00000000
  0.00638106 -0.00519342    0.00749426  0.00000000    0.23690666  0.00000000
    1    2
 -0.01324105 -0.16654202   -0.06410458  0.02679837   -0.06410458  0.02679837
 -0.06410458  0.02679837   -0.01131105 -0.15553359   -0.01245925  0.05037595
 -0.06410458  0.02679837   -0.01245925  0.05037595   -0.01131105 -0.15553359
    2    1
 -0.01324105  0.16654202   -0.06410458 -0.02679837   -0.06410458 -0.02679837
 -0.06410458 -0.02679837   -0.01131105  0.15553359   -0.01245925 -0.05037595
 -0.06410458 -0.02679837   -0.01245925 -0.05037595   -0.01131105  0.15553359
    2    2
  0.24215492  0.00000000    0.00638106 -0.00519342    0.00638106 -0.00519342
  0.00638106  0.00519342    0.23690666  0.00000000    0.00749426  0.00000000
  0.00638106  0.00519342    0.00749426  0.00000000    0.23690666  0.00000000

     Dynamical  Matrix in cartesian axes

     q = (    0.375000000   0.375000000  -0.125000000 ) 

    1    1
  0.23690666  0.00000000    0.00749426  0.00000000   -0.00638106  0.00519342
  0.00749426  0.00000000    0.23690666  0.00000000   -0.00638106  0.00519342
 -0.00638106 -0.00519342   -0.00638106 -0.00519342    0.24215492  0.00000000
    1    2
 -0.10198073  0.11797698    0.04443120 -0.02681116   -0.06427809 -0.02637948
  0.04443120 -0.02681116   -0.10198073  0.11797698   -0.06427809 -0.02637948
 -0.06427809 -0.02637948   -0.06427809 -0.02637948   -0.10840015  0.12712583
    2    1
 -0.10198073 -0.11797698    0.04443120  0.02681116   -0.06427809  0.02637948
  0.04443120  0.02681116   -0.10198073 -0.11797698   -0.06427809  0.02637948
 -0.06427809  0.02637948   -0.06427809  0.02637948   -0.10840015 -0.12712583
    2    2
  0.23690666  0.00000000    0.00749426  0.00000000   -0.00638106 -0.00519342
  0.00749426  0.00000000    0.23690666  0.00000000   -0.00638106 -0.00519342
 -0.00638106  0.00519342   -0.00638106  0.00519342    0.24215492  0.00000000

     Dynamical  Matrix in cartesian axes

     q = (   -0.375000000  -0.375000000  -0.125000000 ) 

    1    1
  0.23690666  0.00000000    0.00749426  0.00000000    0.00638106 -0.00519342
  0.00749426  0.00000000    0.23690666  0.00000000    0.00638106 -0.00519342
  0.00638106  0.00519342    0.00638106  0.00519342    0.24215492  0.00000000
    1    2
 -0.01131105 -0.15553359   -0.01245925  0.05037595   -0.06410458  0.02679837
 -0.01245925  0.05037595   -0.01131105 -0.15553359   -0.06410458  0.02679837
 -0.06410458  0.02679837   -0.06410458  0.02679837   -0.01324105 -0.16654202
    2    1
 -0.01131105  0.15553359   -0.01245925 -0.05037595   -0.06410458 -0.02679837
 -0.01245925 -0.05037595   -0.01131105  0.15553359   -0.06410458 -0.02679837
 -0.06410458 -0.02679837   -0.06410458 -0.02679837   -0.01324105  0.16654202
    2    2
  0.23690666  0.00000000    0.00749426  0.00000000    0.00638106  0.00519342
  0.00749426  0.00000000    0.23690666  0.00000000    0.00638106  0.00519342
  0.00638106 -0.00519342    0.00638106 -0.00519342    0.24215492  0.00000000

     Dynamical  Matrix in cartesian axes

     q = (    0.125000000  -0.375000000   0.375000000 ) 

    1    1
  0.24215492  0.00000000   -0.00638106 -0.00519342    0.00638106  0.00519342
 -0.00638106  0.00519342    0.23690666  0.00000000   -0.00749426  0.00000000
  0.00638106 -0.00519342   -0.00749426  0.00000000    0.23690666  0.00000000
    1    2
 -0.16654202  0.01324105   -0.02679837 -0.06410458    0.02679837  0.06410458
 -0.02679837 -0.06410458   -0.15553359  0.01131105   -0.05037595 -0.01245925
  0.02679837  0.06410458   -0.05037595 -0.01245925   -0.15553359  0.01131105
    2    1
 -0.16654202 -0.01324105   -0.02679837  0.06410458    0.02679837 -0.06410458
 -0.02679837  0.06410458   -0.15553359 -0.01131105   -0.05037595  0.01245925
  0.02679837 -0.06410458   -0.05037595  0.01245925   -0.15553359 -0.01131105
    2    2
  0.24215492  0.00000000   -0.00638106  0.00519342    0.00638106 -0.00519342
 -0.00638106 -0.00519342    0.23690666  0.00000000   -0.00749426  0.00000000
  0.00638106  0.00519342   -0.00749426  0.00000000    0.23690666  0.00000000

     Dynamical  Matrix in cartesian axes

     q = (    0.375000000  -0.375000000   0.125000000 ) 

    1    1
  0.23690666  0.00000000   -0.00749426  0.00000000    0.00638106 -0.00519342
 -0.00749426  0.00000000    0.23690666  0.00000000   -0.00638106  0.00519342
  0.00638106  0.00519342   -0.00638106 -0.00519342    0.24215492  0.00000000
    1    2
 -0.15553359  0.01131105   -0.05037595 -0.01245925    0.02679837  0.06410458
 -0.05037595 -0.01245925   -0.15553359  0.01131105   -0.02679837 -0.06410458
  0.02679837  0.06410458   -0.02679837 -0.06410458   -0.16654202  0.01324105
    2    1
 -0.15553359 -0.01131105   -0.05037595  0.01245925    0.02679837 -0.06410458
 -0.05037595  0.01245925   -0.15553359 -0.01131105   -0.02679837  0.06410458
  0.02679837 -0.06410458   -0.02679837  0.06410458   -0.16654202 -0.01324105
    2    2
  0.23690666  0.00000000   -0.00749426  0.00000000    0.00638106  0.00519342
 -0.00749426  0.00000000    0.23690666  0.00000000   -0.00638106 -0.00519342
  0.00638106 -0.00519342   -0.00638106  0.00519342    0.24215492  0.00000000

     Dynamical  Matrix in cartesian axes

     q = (    0.125000000   0.375000000   0.375000000 ) 

    1    1
  0.24215492  0.00000000    0.00638106 -0.00519342    0.00638106 -0.00519342
  0.00638106  0.00519342    0.23690666  0.00000000    0.00749426  0.00000000
  0.00638106  0.00519342    0.00749426  0.00000000    0.23690666  0.00000000
    1    2
 -0.01324105  0.16654202   -0.06410458 -0.02679837   -0.06410458 -0.02679837
 -0.06410458 -0.02679837   -0.01131105  0.15553359   -0.01245925 -0.05037595
 -0.06410458 -0.02679837   -0.01245925 -0.05037595   -0.01131105  0.15553359
    2    1
 -0.01324105 -0.16654202   -0.06410458  0.02679837   -0.06410458  0.02679837
 -0.06410458  0.02679837   -0.01131105 -0.15553359   -0.01245925  0.05037595
 -0.06410458  0.02679837   -0.01245925  0.05037595   -0.01131105 -0.15553359
    2    2
  0.24215492  0.00000000    0.00638106  0.00519342    0.00638106  0.00519342
  0.00638106 -0.00519342    0.23690666  0.00000000    0.00749426  0.00000000
  0.00638106 -0.00519342    0.00749426  0.00000000    0.23690666  0.00000000

     Dynamical  Matrix in cartesian axes

     q = (   -0.375000000  -0.375000000   0.125000000 ) 

    1    1
  0.23690666  0.00000000    0.00749426  0.00000000   -0.00638106 -0.00519342
  0.00749426  0.00000000    0.23690666  0.00000000   -0.00638106 -0.00519342
 -0.00638106  0.00519342   -0.00638106  0.00519342    0.24215492  0.00000000
    1    2
 -0.10198073 -0.11797698    0.04443120  0.02681116   -0.06427809  0.02637948
  0.04443120  0.02681116   -0.10198073 -0.11797698   -0.06427809  0.02637948
 -0.06427809  0.02637948   -0.06427809  0.02637948   -0.10840015 -0.12712583
    2    1
 -0.10198073  0.11797698    0.04443120 -0.02681116   -0.06427809 -0.02637948
  0.04443120 -0.02681116   -0.10198073  0.11797698   -0.06427809 -0.02637948
 -0.06427809 -0.02637948   -0.06427809 -0.02637948   -0.10840015  0.12712583
    2    2
  0.23690666  0.00000000    0.00749426  0.00000000   -0.00638106  0.00519342
  0.00749426  0.00000000    0.23690666  0.00000000   -0.00638106  0.00519342
 -0.00638106 -0.00519342   -0.00638106 -0.00519342    0.24215492  0.00000000

     Dynamical  Matrix in cartesian axes

     q = (   -0.125000000  -0.375000000   0.375000000 ) 

    1    1
  0.24215492  0.00000000    0.00638106 -0.00519342   -0.00638106  0.00519342
  0.00638106  0.00519342    0.23690666  0.00000000   -0.00749426  0.00000000
 -0.00638106 -0.00519342   -0.00749426  0.00000000    0.23690666  0.00000000
    1    2
 -0.16654202 -0.01324105    0.02679837 -0.06410458   -0.02679837  0.06410458
  0.02679837 -0.06410458   -0.15553359 -0.01131105   -0.05037595  0.01245925
 -0.02679837  0.06410458   -0.05037595  0.01245925   -0.15553359 -0.01131105
    2    1
 -0.16654202  0.01324105    0.02679837  0.06410458   -0.02679837 -0.06410458
  0.02679837  0.06410458   -0.15553359  0.01131105   -0.05037595 -0.01245925
 -0.02679837 -0.06410458   -0.05037595 -0.01245925   -0.15553359  0.01131105
    2    2
  0.24215492  0.00000000    0.00638106  0.00519342   -0.00638106 -0.00519342
  0.00638106 -0.00519342    0.23690666  0.00000000   -0.00749426  0.00000000
 -0.00638106  0.00519342   -0.00749426  0.00000000    0.23690666  0.00000000

     Dynamical  Matrix in cartesian axes

     q = (    0.375000000   0.375000000   0.125000000 ) 

    1    1
  0.23690666  0.00000000    0.00749426  0.00000000    0.00638106  0.00519342
  0.00749426  0.00000000    0.23690666  0.00000000    0.00638106  0.00519342
  0.00638106 -0.00519342    0.00638106 -0.00519342    0.24215492  0.00000000
    1    2
 -0.01131105  0.15553359   -0.01245925 -0.05037595   -0.06410458 -0.02679837
 -0.01245925 -0.05037595   -0.01131105  0.15553359   -0.06410458 -0.02679837
 -0.06410458 -0.02679837   -0.06410458 -0.02679837   -0.01324105  0.16654202
    2    1
 -0.01131105 -0.15553359   -0.01245925  0.05037595   -0.06410458  0.02679837
 -0.01245925  0.05037595   -0.01131105 -0.15553359   -0.06410458  0.02679837
 -0.06410458  0.02679837   -0.06410458  0.02679837   -0.01324105 -0.16654202
    2    2
  0.23690666  0.00000000    0.00749426  0.00000000    0.00638106 -0.00519342
  0.00749426  0.00000000    0.23690666  0.00000000    0.00638106 -0.00519342
  0.00638106  0.00519342    0.00638106  0.00519342    0.24215492  0.00000000

     Dynamical  Matrix in cartesian axes

     q = (    0.125000000  -0.375000000  -0.375000000 ) 

    1    1
  0.24215492  0.00000000   -0.00638106  0.00519342   -0.00638106  0.00519342
 -0.00638106 -0.00519342    0.23690666  0.00000000    0.00749426  0.00000000
 -0.00638106 -0.00519342    0.00749426  0.00000000    0.23690666  0.00000000
    1    2
 -0.10840015 -0.12712583   -0.06427809  0.02637948   -0.06427809  0.02637948
 -0.06427809  0.02637948   -0.10198073 -0.11797698    0.04443120  0.02681116
 -0.06427809  0.02637948    0.04443120  0.02681116   -0.10198073 -0.11797698
    2    1
 -0.10840015  0.12712583   -0.06427809 -0.02637948   -0.06427809 -0.02637948
 -0.06427809 -0.02637948   -0.10198073  0.11797698    0.04443120 -0.02681116
 -0.06427809 -0.02637948    0.04443120 -0.02681116   -0.10198073  0.11797698
    2    2
  0.24215492  0.00000000   -0.00638106 -0.00519342   -0.00638106 -0.00519342
 -0.00638106  0.00519342    0.23690666  0.00000000    0.00749426  0.00000000
 -0.00638106  0.00519342    0.00749426  0.00000000    0.23690666  0.00000000

     Dynamical  Matrix in cartesian axes

     q = (    0.375000000  -0.375000000  -0.125000000 ) 

    1    1
  0.23690666  0.00000000   -0.00749426  0.00000000   -0.00638106 -0.00519342
 -0.00749426  0.00000000    0.23690666  0.00000000    0.00638106  0.00519342
 -0.00638106  0.00519342    0.00638106 -0.00519342    0.24215492  0.00000000
    1    2
 -0.15553359 -0.01131105   -0.05037595  0.01245925   -0.02679837  0.06410458
 -0.05037595  0.01245925   -0.15553359 -0.01131105    0.02679837 -0.06410458
 -0.02679837  0.06410458    0.02679837 -0.06410458   -0.16654202 -0.01324105
    2    1
 -0.15553359  0.01131105   -0.05037595 -0.01245925   -0.02679837 -0.06410458
 -0.05037595 -0.01245925   -0.15553359  0.01131105    0.02679837  0.06410458
 -0.02679837 -0.06410458    0.02679837  0.06410458   -0.16654202  0.01324105
    2    2
  0.23690666  0.00000000   -0.00749426  0.00000000   -0.00638106  0.00519342
 -0.00749426  0.00000000    0.23690666  0.00000000    0.00638106 -0.00519342
 -0.00638106 -0.00519342    0.00638106  0.00519342    0.24215492  0.00000000

     Diagonalizing the dynamical matrix

     q = (    0.375000000  -0.125000000   0.375000000 ) 

 **************************************************************************
     omega( 1) =       1.960391 [THz] =      65.391589 [cm-1]
 (  0.355519 -0.351576  0.000000  0.000000 -0.355519  0.351576 ) 
 (  0.500000  0.000000  0.000000  0.000000 -0.500000  0.000000 ) 
     omega( 2) =       2.422770 [THz] =      80.814924 [cm-1]
 ( -0.229016 -0.023717 -0.604834  0.167792 -0.229016 -0.023717 ) 
 ( -0.230241  0.000000 -0.584332 -0.229204 -0.230241  0.000000 ) 
     omega( 3) =       4.332507 [THz] =     144.516871 [cm-1]
 ( -0.087597  0.429157 -0.079117 -0.331727 -0.087597  0.429157 ) 
 ( -0.438006  0.000000  0.309203  0.143861 -0.438006  0.000000 ) 
     omega( 4) =       7.854860 [THz] =     262.009916 [cm-1]
 ( -0.170083  0.443226 -0.129252 -0.180385 -0.170083  0.443226 ) 
 (  0.474739  0.000000 -0.122104 -0.185298  0.474739  0.000000 ) 
     omega( 5) =       8.437594 [THz] =     281.447854 [cm-1]
 (  0.355519 -0.351576  0.000000  0.000000 -0.355519  0.351576 ) 
 ( -0.500000  0.000000  0.000000  0.000000  0.500000  0.000000 ) 
     omega( 6) =       8.532483 [THz] =     284.612989 [cm-1]
 (  0.060004  0.161748  0.652392  0.121899  0.060004  0.161748 ) 
 ( -0.172519  0.000000 -0.341197 -0.569262 -0.172519  0.000000 ) 
 **************************************************************************
