Dynamical matrix file
                                                                           
  1    2  2 10.6000000  0.0000000  0.0000000  0.0000000  0.0000000  0.0000000
           1  'Ge  '    66179.9664212243     
    1    1      0.0000000      0.0000000      0.0000000
    2    1      0.2500000      0.2500000      0.2500000

     Dynamical  Matrix in cartesian axes

     q = (   -0.125000000   0.375000000  -0.125000000 ) 

    1    1
  0.22935874  0.00000000   -0.00381545  0.00351711    0.00328366  0.00000000
 -0.00381545 -0.00351711    0.25791165  0.00000000   -0.00381545 -0.00351711
  0.00328366  0.00000000   -0.00381545  0.00351711    0.22935874  0.00000000
    1    2
 -0.17779231  0.04221685   -0.01101874  0.02506089   -0.01063882 -0.07811308
 -0.01101874  0.02506089   -0.18815079  0.04853240   -0.01101874  0.02506089
 -0.01063882 -0.07811308   -0.01101874  0.02506089   -0.17779231  0.04221685
    2    1
 -0.17779231 -0.04221685   -0.01101874 -0.02506089   -0.01063882  0.07811308
 -0.01101874 -0.02506089   -0.18815079 -0.04853240   -0.01101874 -0.02506089
 -0.01063882  0.07811308   -0.01101874 -0.02506089   -0.17779231 -0.04221685
    2    2
  0.22935874  0.00000000   -0.00381545 -0.00351711    0.00328366  0.00000000
 -0.00381545  0.00351711    0.25791165  0.00000000   -0.00381545  0.00351711
  0.00328366  0.00000000   -0.00381545 -0.00351711    0.22935874  0.00000000

     Dynamical  Matrix in cartesian axes

     q = (   -0.125000000   0.375000000   0.125000000 ) 

    1    1
  0.22935874  0.00000000   -0.00381545 -0.00351711   -0.00328366  0.00000000
 -0.00381545  0.00351711    0.25791165  0.00000000    0.00381545 -0.00351711
 -0.00328366  0.00000000    0.00381545  0.00351711    0.22935874  0.00000000
    1    2
 -0.15556997  0.09586633   -0.02551215 -0.00992930   -0.04771151 -0.06275708
 -0.02551215 -0.00992930   -0.16736029  0.09872511    0.02551215  0.00992930
 -0.04771151 -0.06275708    0.02551215  0.00992930   -0.15556997  0.09586633
    2    1
 -0.15556997 -0.09586633   -0.02551215  0.00992930   -0.04771151  0.06275708
 -0.02551215  0.00992930   -0.16736029 -0.09872511    0.02551215 -0.00992930
 -0.04771151  0.06275708    0.02551215 -0.00992930   -0.15556997 -0.09586633
    2    2
  0.22935874  0.00000000   -0.00381545  0.00351711   -0.00328366  0.00000000
 -0.00381545 -0.00351711    0.25791165  0.00000000    0.00381545  0.00351711
 -0.00328366  0.00000000    0.00381545 -0.00351711    0.22935874  0.00000000

     Dynamical  Matrix in cartesian axes

     q = (    0.125000000   0.375000000  -0.125000000 ) 

    1    1
  0.22935874  0.00000000    0.00381545  0.00351711   -0.00328366  0.00000000
  0.00381545 -0.00351711    0.25791165  0.00000000   -0.00381545  0.00351711
 -0.00328366  0.00000000   -0.00381545 -0.00351711    0.22935874  0.00000000
    1    2
 -0.15556997  0.09586633    0.02551215  0.00992930   -0.04771151 -0.06275708
  0.02551215  0.00992930   -0.16736029  0.09872511   -0.02551215 -0.00992930
 -0.04771151 -0.06275708   -0.02551215 -0.00992930   -0.15556997  0.09586633
    2    1
 -0.15556997 -0.09586633    0.02551215 -0.00992930   -0.04771151  0.06275708
  0.02551215 -0.00992930   -0.16736029 -0.09872511   -0.02551215  0.00992930
 -0.04771151  0.06275708   -0.02551215  0.00992930   -0.15556997 -0.09586633
    2    2
  0.22935874  0.00000000    0.00381545 -0.00351711   -0.00328366  0.00000000
  0.00381545  0.00351711    0.25791165  0.00000000   -0.00381545 -0.00351711
 -0.00328366  0.00000000   -0.00381545  0.00351711    0.22935874  0.00000000

     Dynamical  Matrix in cartesian axes

     q = (    0.125000000   0.375000000   0.125000000 ) 

    1    1
  0.22935874  0.00000000    0.00381545 -0.00351711    0.00328366  0.00000000
  0.00381545  0.00351711    0.25791165  0.00000000    0.00381545  0.00351711
  0.00328366  0.00000000    0.00381545 -0.00351711    0.22935874  0.00000000
    1    2
 -0.09586633  0.15556997   -0.00992930 -0.02551215   -0.06275708 -0.04771151
 -0.00992930 -0.02551215   -0.09872511  0.16736029   -0.00992930 -0.02551215
 -0.06275708 -0.04771151   -0.00992930 -0.02551215   -0.09586633  0.15556997
    2    1
 -0.09586633 -0.15556997   -0.00992930  0.02551215   -0.06275708  0.04771151
 -0.00992930  0.02551215   -0.09872511 -0.16736029   -0.00992930  0.02551215
 -0.06275708  0.04771151   -0.00992930  0.02551215   -0.09586633 -0.15556997
    2    2
  0.22935874  0.00000000    0.00381545  0.00351711    0.00328366  0.00000000
  0.00381545 -0.00351711    0.25791165  0.00000000    0.00381545 -0.00351711
  0.00328366  0.00000000    0.00381545  0.00351711    0.22935874  0.00000000

     Dynamical  Matrix in cartesian axes

     q = (    0.125000000  -0.375000000   0.125000000 ) 

    1    1
  0.22935874  0.00000000   -0.00381545 -0.00351711    0.00328366  0.00000000
 -0.00381545  0.00351711    0.25791165  0.00000000   -0.00381545  0.00351711
  0.00328366  0.00000000   -0.00381545 -0.00351711    0.22935874  0.00000000
    1    2
 -0.17779231 -0.04221685   -0.01101874 -0.02506089   -0.01063882  0.07811308
 -0.01101874 -0.02506089   -0.18815079 -0.04853240   -0.01101874 -0.02506089
 -0.01063882  0.07811308   -0.01101874 -0.02506089   -0.17779231 -0.04221685
    2    1
 -0.17779231  0.04221685   -0.01101874  0.02506089   -0.01063882 -0.07811308
 -0.01101874  0.02506089   -0.18815079  0.04853240   -0.01101874  0.02506089
 -0.01063882 -0.07811308   -0.01101874  0.02506089   -0.17779231  0.04221685
    2    2
  0.22935874  0.00000000   -0.00381545  0.00351711    0.00328366  0.00000000
 -0.00381545 -0.00351711    0.25791165  0.00000000   -0.00381545 -0.00351711
  0.00328366  0.00000000   -0.00381545  0.00351711    0.22935874  0.00000000

     Dynamical  Matrix in cartesian axes

     q = (    0.375000000  -0.125000000   0.125000000 ) 

    1    1
  0.25791165  0.00000000   -0.00381545  0.00351711    0.00381545 -0.00351711
 -0.00381545 -0.00351711    0.22935874  0.00000000   -0.00328366  0.00000000
  0.00381545  0.00351711   -0.00328366  0.00000000    0.22935874  0.00000000
    1    2
 -0.16736029  0.09872511   -0.02551215 -0.00992930    0.02551215  0.00992930
 -0.02551215 -0.00992930   -0.15556997  0.09586633   -0.04771151 -0.06275708
  0.02551215  0.00992930   -0.04771151 -0.06275708   -0.15556997  0.09586633
    2    1
 -0.16736029 -0.09872511   -0.02551215  0.00992930    0.02551215 -0.00992930
 -0.02551215  0.00992930   -0.15556997 -0.09586633   -0.04771151  0.06275708
  0.02551215 -0.00992930   -0.04771151  0.06275708   -0.15556997 -0.09586633
    2    2
  0.25791165  0.00000000   -0.00381545 -0.00351711    0.00381545  0.00351711
 -0.00381545  0.00351711    0.22935874  0.00000000   -0.00328366  0.00000000
  0.00381545 -0.00351711   -0.00328366  0.00000000    0.22935874  0.00000000

     Dynamical  Matrix in cartesian axes

     q = (    0.125000000  -0.125000000   0.375000000 ) 

    1    1
  0.22935874  0.00000000   -0.00328366  0.00000000    0.00381545  0.00351711
 -0.00328366  0.00000000    0.22935874  0.00000000   -0.00381545 -0.00351711
  0.00381545 -0.00351711   -0.00381545  0.00351711    0.25791165  0.00000000
    1    2
 -0.15556997  0.09586633   -0.04771151 -0.06275708    0.02551215  0.00992930
 -0.04771151 -0.06275708   -0.15556997  0.09586633   -0.02551215 -0.00992930
  0.02551215  0.00992930   -0.02551215 -0.00992930   -0.16736029  0.09872511
    2    1
 -0.15556997 -0.09586633   -0.04771151  0.06275708    0.02551215 -0.00992930
 -0.04771151  0.06275708   -0.15556997 -0.09586633   -0.02551215  0.00992930
  0.02551215 -0.00992930   -0.02551215  0.00992930   -0.16736029 -0.09872511
    2    2
  0.22935874  0.00000000   -0.00328366  0.00000000    0.00381545 -0.00351711
 -0.00328366  0.00000000    0.22935874  0.00000000   -0.00381545  0.00351711
  0.00381545  0.00351711   -0.00381545 -0.00351711    0.25791165  0.00000000

     Dynamical  Matrix in cartesian axes

     q = (   -0.125000000  -0.375000000  -0.125000000 ) 

    1    1
  0.22935874  0.00000000    0.00381545  0.00351711    0.00328366  0.00000000
  0.00381545 -0.00351711    0.25791165  0.00000000    0.00381545 -0.00351711
  0.00328366  0.00000000    0.00381545  0.00351711    0.22935874  0.00000000
    1    2
 -0.09586633 -0.15556997   -0.00992930  0.02551215   -0.06275708  0.04771151
 -0.00992930  0.02551215   -0.09872511 -0.16736029   -0.00992930  0.02551215
 -0.06275708  0.04771151   -0.00992930  0.02551215   -0.09586633 -0.15556997
    2    1
 -0.09586633  0.15556997   -0.00992930 -0.02551215   -0.06275708 -0.04771151
 -0.00992930 -0.02551215   -0.09872511  0.16736029   -0.00992930 -0.02551215
 -0.06275708 -0.04771151   -0.00992930 -0.02551215   -0.09586633  0.15556997
    2    2
  0.22935874  0.00000000    0.00381545 -0.00351711    0.00328366  0.00000000
  0.00381545  0.00351711    0.25791165  0.00000000    0.00381545  0.00351711
  0.00328366  0.00000000    0.00381545 -0.00351711    0.22935874  0.00000000

     Dynamical  Matrix in cartesian axes

     q = (    0.125000000  -0.375000000  -0.125000000 ) 

    1    1
  0.22935874  0.00000000   -0.00381545  0.00351711   -0.00328366  0.00000000
 -0.00381545 -0.00351711    0.25791165  0.00000000    0.00381545  0.00351711
 -0.00328366  0.00000000    0.00381545 -0.00351711    0.22935874  0.00000000
    1    2
 -0.15556997 -0.09586633   -0.02551215  0.00992930   -0.04771151  0.06275708
 -0.02551215  0.00992930   -0.16736029 -0.09872511    0.02551215 -0.00992930
 -0.04771151  0.06275708    0.02551215 -0.00992930   -0.15556997 -0.09586633
    2    1
 -0.15556997  0.09586633   -0.02551215 -0.00992930   -0.04771151 -0.06275708
 -0.02551215 -0.00992930   -0.16736029  0.09872511    0.02551215  0.00992930
 -0.04771151 -0.06275708    0.02551215  0.00992930   -0.15556997  0.09586633
    2    2
  0.22935874  0.00000000   -0.00381545 -0.00351711   -0.00328366  0.00000000
 -0.00381545  0.00351711    0.25791165  0.00000000    0.00381545 -0.00351711
 -0.00328366  0.00000000    0.00381545  0.00351711    0.22935874  0.00000000

     Dynamical  Matrix in cartesian axes

     q = (   -0.125000000  -0.375000000   0.125000000 ) 

    1    1
  0.22935874  0.00000000    0.00381545 -0.00351711   -0.00328366  0.00000000
  0.00381545  0.00351711    0.25791165  0.00000000   -0.00381545 -0.00351711
 -0.00328366  0.00000000   -0.00381545  0.00351711    0.22935874  0.00000000
    1    2
 -0.15556997 -0.09586633    0.02551215 -0.00992930   -0.04771151  0.06275708
  0.02551215 -0.00992930   -0.16736029 -0.09872511   -0.02551215  0.00992930
 -0.04771151  0.06275708   -0.02551215  0.00992930   -0.15556997 -0.09586633
    2    1
 -0.15556997  0.09586633    0.02551215  0.00992930   -0.04771151 -0.06275708
  0.02551215  0.00992930   -0.16736029  0.09872511   -0.02551215 -0.00992930
 -0.04771151 -0.06275708   -0.02551215 -0.00992930   -0.15556997  0.09586633
    2    2
  0.22935874  0.00000000    0.00381545  0.00351711   -0.00328366  0.00000000
  0.00381545 -0.00351711    0.25791165  0.00000000   -0.00381545  0.00351711
 -0.00328366  0.00000000   -0.00381545 -0.00351711    0.22935874  0.00000000

     Dynamical  Matrix in cartesian axes

     q = (    0.125000000  -0.125000000  -0.375000000 ) 

    1    1
  0.22935874  0.00000000   -0.00328366  0.00000000   -0.00381545  0.00351711
 -0.00328366  0.00000000    0.22935874  0.00000000    0.00381545 -0.00351711
 -0.00381545 -0.00351711    0.00381545  0.00351711    0.25791165  0.00000000
    1    2
 -0.15556997 -0.09586633   -0.04771151  0.06275708   -0.02551215  0.00992930
 -0.04771151  0.06275708   -0.15556997 -0.09586633    0.02551215 -0.00992930
 -0.02551215  0.00992930    0.02551215 -0.00992930   -0.16736029 -0.09872511
    2    1
 -0.15556997  0.09586633   -0.04771151 -0.06275708   -0.02551215 -0.00992930
 -0.04771151 -0.06275708   -0.15556997  0.09586633    0.02551215  0.00992930
 -0.02551215 -0.00992930    0.02551215  0.00992930   -0.16736029  0.09872511
    2    2
  0.22935874  0.00000000   -0.00328366  0.00000000   -0.00381545 -0.00351711
 -0.00328366  0.00000000    0.22935874  0.00000000    0.00381545  0.00351711
 -0.00381545  0.00351711    0.00381545 -0.00351711    0.25791165  0.00000000

     Dynamical  Matrix in cartesian axes

     q = (    0.375000000  -0.125000000  -0.125000000 ) 

    1    1
  0.25791165  0.00000000   -0.00381545 -0.00351711   -0.00381545 -0.00351711
 -0.00381545  0.00351711    0.22935874  0.00000000    0.00328366  0.00000000
 -0.00381545  0.00351711    0.00328366  0.00000000    0.22935874  0.00000000
    1    2
 -0.18815079  0.04853240   -0.01101874  0.02506089   -0.01101874  0.02506089
 -0.01101874  0.02506089   -0.17779231  0.04221685   -0.01063882 -0.07811308
 -0.01101874  0.02506089   -0.01063882 -0.07811308   -0.17779231  0.04221685
    2    1
 -0.18815079 -0.04853240   -0.01101874 -0.02506089   -0.01101874 -0.02506089
 -0.01101874 -0.02506089   -0.17779231 -0.04221685   -0.01063882  0.07811308
 -0.01101874 -0.02506089   -0.01063882  0.07811308   -0.17779231 -0.04221685
    2    2
  0.25791165  0.00000000   -0.00381545  0.00351711   -0.00381545  0.00351711
 -0.00381545 -0.00351711    0.22935874  0.00000000    0.00328366  0.00000000
 -0.00381545 -0.00351711    0.00328366  0.00000000    0.22935874  0.00000000

     Dynamical  Matrix in cartesian axes

     q = (   -0.375000000  -0.125000000   0.125000000 ) 

    1    1
  0.25791165  0.00000000    0.00381545  0.00351711   -0.00381545 -0.00351711
  0.00381545 -0.00351711    0.22935874  0.00000000   -0.00328366  0.00000000
 -0.00381545  0.00351711   -0.00328366  0.00000000    0.22935874  0.00000000
    1    2
 -0.16736029 -0.09872511    0.02551215 -0.00992930   -0.02551215  0.00992930
  0.02551215 -0.00992930   -0.15556997 -0.09586633   -0.04771151  0.06275708
 -0.02551215  0.00992930   -0.04771151  0.06275708   -0.15556997 -0.09586633
    2    1
 -0.16736029  0.09872511    0.02551215  0.00992930   -0.02551215 -0.00992930
  0.02551215  0.00992930   -0.15556997  0.09586633   -0.04771151 -0.06275708
 -0.02551215 -0.00992930   -0.04771151 -0.06275708   -0.15556997  0.09586633
    2    2
  0.25791165  0.00000000    0.00381545 -0.00351711   -0.00381545  0.00351711
  0.00381545  0.00351711    0.22935874  0.00000000   -0.00328366  0.00000000
 -0.00381545 -0.00351711   -0.00328366  0.00000000    0.22935874  0.00000000

     Dynamical  Matrix in cartesian axes

     q = (    0.375000000   0.125000000   0.125000000 ) 

    1    1
  0.25791165  0.00000000    0.00381545  0.00351711    0.00381545  0.00351711
  0.00381545 -0.00351711    0.22935874  0.00000000    0.00328366  0.00000000
  0.00381545 -0.00351711    0.00328366  0.00000000    0.22935874  0.00000000
    1    2
 -0.09872511  0.16736029   -0.00992930 -0.02551215   -0.00992930 -0.02551215
 -0.00992930 -0.02551215   -0.09586633  0.15556997   -0.06275708 -0.04771151
 -0.00992930 -0.02551215   -0.06275708 -0.04771151   -0.09586633  0.15556997
    2    1
 -0.09872511 -0.16736029   -0.00992930  0.02551215   -0.00992930  0.02551215
 -0.00992930  0.02551215   -0.09586633 -0.15556997   -0.06275708  0.04771151
 -0.00992930  0.02551215   -0.06275708  0.04771151   -0.09586633 -0.15556997
    2    2
  0.25791165  0.00000000    0.00381545 -0.00351711    0.00381545 -0.00351711
  0.00381545  0.00351711    0.22935874  0.00000000    0.00328366  0.00000000
  0.00381545  0.00351711    0.00328366  0.00000000    0.22935874  0.00000000

     Dynamical  Matrix in cartesian axes

     q = (   -0.125000000  -0.125000000   0.375000000 ) 

    1    1
  0.22935874  0.00000000    0.00328366  0.00000000   -0.00381545  0.00351711
  0.00328366  0.00000000    0.22935874  0.00000000   -0.00381545  0.00351711
 -0.00381545 -0.00351711   -0.00381545 -0.00351711    0.25791165  0.00000000
    1    2
 -0.17779231  0.04221685   -0.01063882 -0.07811308   -0.01101874  0.02506089
 -0.01063882 -0.07811308   -0.17779231  0.04221685   -0.01101874  0.02506089
 -0.01101874  0.02506089   -0.01101874  0.02506089   -0.18815079  0.04853240
    2    1
 -0.17779231 -0.04221685   -0.01063882  0.07811308   -0.01101874 -0.02506089
 -0.01063882  0.07811308   -0.17779231 -0.04221685   -0.01101874 -0.02506089
 -0.01101874 -0.02506089   -0.01101874 -0.02506089   -0.18815079 -0.04853240
    2    2
  0.22935874  0.00000000    0.00328366  0.00000000   -0.00381545 -0.00351711
  0.00328366  0.00000000    0.22935874  0.00000000   -0.00381545 -0.00351711
 -0.00381545  0.00351711   -0.00381545  0.00351711    0.25791165  0.00000000

     Dynamical  Matrix in cartesian axes

     q = (    0.125000000   0.125000000   0.375000000 ) 

    1    1
  0.22935874  0.00000000    0.00328366  0.00000000    0.00381545 -0.00351711
  0.00328366  0.00000000    0.22935874  0.00000000    0.00381545 -0.00351711
  0.00381545  0.00351711    0.00381545  0.00351711    0.25791165  0.00000000
    1    2
 -0.09586633  0.15556997   -0.06275708 -0.04771151   -0.00992930 -0.02551215
 -0.06275708 -0.04771151   -0.09586633  0.15556997   -0.00992930 -0.02551215
 -0.00992930 -0.02551215   -0.00992930 -0.02551215   -0.09872511  0.16736029
    2    1
 -0.09586633 -0.15556997   -0.06275708  0.04771151   -0.00992930  0.02551215
 -0.06275708  0.04771151   -0.09586633 -0.15556997   -0.00992930  0.02551215
 -0.00992930  0.02551215   -0.00992930  0.02551215   -0.09872511 -0.16736029
    2    2
  0.22935874  0.00000000    0.00328366  0.00000000    0.00381545  0.00351711
  0.00328366  0.00000000    0.22935874  0.00000000    0.00381545  0.00351711
  0.00381545 -0.00351711    0.00381545 -0.00351711    0.25791165  0.00000000

     Dynamical  Matrix in cartesian axes

     q = (   -0.375000000   0.125000000  -0.125000000 ) 

    1    1
  0.25791165  0.00000000   -0.00381545 -0.00351711    0.00381545  0.00351711
 -0.00381545  0.00351711    0.22935874  0.00000000   -0.00328366  0.00000000
  0.00381545 -0.00351711   -0.00328366  0.00000000    0.22935874  0.00000000
    1    2
 -0.16736029 -0.09872511   -0.02551215  0.00992930    0.02551215 -0.00992930
 -0.02551215  0.00992930   -0.15556997 -0.09586633   -0.04771151  0.06275708
  0.02551215 -0.00992930   -0.04771151  0.06275708   -0.15556997 -0.09586633
    2    1
 -0.16736029  0.09872511   -0.02551215 -0.00992930    0.02551215  0.00992930
 -0.02551215 -0.00992930   -0.15556997  0.09586633   -0.04771151 -0.06275708
  0.02551215  0.00992930   -0.04771151 -0.06275708   -0.15556997  0.09586633
    2    2
  0.25791165  0.00000000   -0.00381545  0.00351711    0.00381545 -0.00351711
 -0.00381545 -0.00351711    0.22935874  0.00000000   -0.00328366  0.00000000
  0.00381545  0.00351711   -0.00328366  0.00000000    0.22935874  0.00000000

     Dynamical  Matrix in cartesian axes

     q = (   -0.125000000   0.125000000  -0.375000000 ) 

    1    1
  0.22935874  0.00000000   -0.00328366  0.00000000    0.00381545 -0.00351711
 -0.00328366  0.00000000    0.22935874  0.00000000   -0.00381545  0.00351711
  0.00381545  0.00351711   -0.00381545 -0.00351711    0.25791165  0.00000000
    1    2
 -0.15556997 -0.09586633   -0.04771151  0.06275708    0.02551215 -0.00992930
 -0.04771151  0.06275708   -0.15556997 -0.09586633   -0.02551215  0.00992930
  0.02551215 -0.00992930   -0.02551215  0.00992930   -0.16736029 -0.09872511
    2    1
 -0.15556997  0.09586633   -0.04771151 -0.06275708    0.02551215  0.00992930
 -0.04771151 -0.06275708   -0.15556997  0.09586633   -0.02551215 -0.00992930
  0.02551215  0.00992930   -0.02551215 -0.00992930   -0.16736029  0.09872511
    2    2
  0.22935874  0.00000000   -0.00328366  0.00000000    0.00381545  0.00351711
 -0.00328366  0.00000000    0.22935874  0.00000000   -0.00381545 -0.00351711
  0.00381545 -0.00351711   -0.00381545  0.00351711    0.25791165  0.00000000

     Dynamical  Matrix in cartesian axes

     q = (   -0.375000000  -0.125000000  -0.125000000 ) 

    1    1
  0.25791165  0.00000000    0.00381545 -0.00351711    0.00381545 -0.00351711
  0.00381545  0.00351711    0.22935874  0.00000000    0.00328366  0.00000000
  0.00381545  0.00351711    0.00328366  0.00000000    0.22935874  0.00000000
    1    2
 -0.09872511 -0.16736029   -0.00992930  0.02551215   -0.00992930  0.02551215
 -0.00992930  0.02551215   -0.09586633 -0.15556997   -0.06275708  0.04771151
 -0.00992930  0.02551215   -0.06275708  0.04771151   -0.09586633 -0.15556997
    2    1
 -0.09872511  0.16736029   -0.00992930 -0.02551215   -0.00992930 -0.02551215
 -0.00992930 -0.02551215   -0.09586633  0.15556997   -0.06275708 -0.04771151
 -0.00992930 -0.02551215   -0.06275708 -0.04771151   -0.09586633  0.15556997
    2    2
  0.25791165  0.00000000    0.00381545  0.00351711    0.00381545  0.00351711
  0.00381545 -0.00351711    0.22935874  0.00000000    0.00328366  0.00000000
  0.00381545 -0.00351711    0.00328366  0.00000000    0.22935874  0.00000000

     Dynamical  Matrix in cartesian axes

     q = (    0.125000000   0.125000000  -0.375000000 ) 

    1    1
  0.22935874  0.00000000    0.00328366  0.00000000   -0.00381545 -0.00351711
  0.00328366  0.00000000    0.22935874  0.00000000   -0.00381545 -0.00351711
 -0.00381545  0.00351711   -0.00381545  0.00351711    0.25791165  0.00000000
    1    2
 -0.17779231 -0.04221685   -0.01063882  0.07811308   -0.01101874 -0.02506089
 -0.01063882  0.07811308   -0.17779231 -0.04221685   -0.01101874 -0.02506089
 -0.01101874 -0.02506089   -0.01101874 -0.02506089   -0.18815079 -0.04853240
    2    1
 -0.17779231  0.04221685   -0.01063882 -0.07811308   -0.01101874  0.02506089
 -0.01063882 -0.07811308   -0.17779231  0.04221685   -0.01101874  0.02506089
 -0.01101874  0.02506089   -0.01101874  0.02506089   -0.18815079  0.04853240
    2    2
  0.22935874  0.00000000    0.00328366  0.00000000   -0.00381545  0.00351711
  0.00328366  0.00000000    0.22935874  0.00000000   -0.00381545  0.00351711
 -0.00381545 -0.00351711   -0.00381545 -0.00351711    0.25791165  0.00000000

     Dynamical  Matrix in cartesian axes

     q = (    0.375000000   0.125000000  -0.125000000 ) 

    1    1
  0.25791165  0.00000000    0.00381545 -0.00351711   -0.00381545  0.00351711
  0.00381545  0.00351711    0.22935874  0.00000000   -0.00328366  0.00000000
 -0.00381545 -0.00351711   -0.00328366  0.00000000    0.22935874  0.00000000
    1    2
 -0.16736029  0.09872511    0.02551215  0.00992930   -0.02551215 -0.00992930
  0.02551215  0.00992930   -0.15556997  0.09586633   -0.04771151 -0.06275708
 -0.02551215 -0.00992930   -0.04771151 -0.06275708   -0.15556997  0.09586633
    2    1
 -0.16736029 -0.09872511    0.02551215 -0.00992930   -0.02551215  0.00992930
  0.02551215 -0.00992930   -0.15556997 -0.09586633   -0.04771151  0.06275708
 -0.02551215  0.00992930   -0.04771151  0.06275708   -0.15556997 -0.09586633
    2    2
  0.25791165  0.00000000    0.00381545  0.00351711   -0.00381545 -0.00351711
  0.00381545 -0.00351711    0.22935874  0.00000000   -0.00328366  0.00000000
 -0.00381545  0.00351711   -0.00328366  0.00000000    0.22935874  0.00000000

     Dynamical  Matrix in cartesian axes

     q = (   -0.125000000  -0.125000000  -0.375000000 ) 

    1    1
  0.22935874  0.00000000    0.00328366  0.00000000    0.00381545  0.00351711
  0.00328366  0.00000000    0.22935874  0.00000000    0.00381545  0.00351711
  0.00381545 -0.00351711    0.00381545 -0.00351711    0.25791165  0.00000000
    1    2
 -0.09586633 -0.15556997   -0.06275708  0.04771151   -0.00992930  0.02551215
 -0.06275708  0.04771151   -0.09586633 -0.15556997   -0.00992930  0.02551215
 -0.00992930  0.02551215   -0.00992930  0.02551215   -0.09872511 -0.16736029
    2    1
 -0.09586633  0.15556997   -0.06275708 -0.04771151   -0.00992930 -0.02551215
 -0.06275708 -0.04771151   -0.09586633  0.15556997   -0.00992930 -0.02551215
 -0.00992930 -0.02551215   -0.00992930 -0.02551215   -0.09872511  0.16736029
    2    2
  0.22935874  0.00000000    0.00328366  0.00000000    0.00381545 -0.00351711
  0.00328366  0.00000000    0.22935874  0.00000000    0.00381545 -0.00351711
  0.00381545  0.00351711    0.00381545  0.00351711    0.25791165  0.00000000

     Dynamical  Matrix in cartesian axes

     q = (   -0.375000000   0.125000000   0.125000000 ) 

    1    1
  0.25791165  0.00000000   -0.00381545  0.00351711   -0.00381545  0.00351711
 -0.00381545 -0.00351711    0.22935874  0.00000000    0.00328366  0.00000000
 -0.00381545 -0.00351711    0.00328366  0.00000000    0.22935874  0.00000000
    1    2
 -0.18815079 -0.04853240   -0.01101874 -0.02506089   -0.01101874 -0.02506089
 -0.01101874 -0.02506089   -0.17779231 -0.04221685   -0.01063882  0.07811308
 -0.01101874 -0.02506089   -0.01063882  0.07811308   -0.17779231 -0.04221685
    2    1
 -0.18815079  0.04853240   -0.01101874  0.02506089   -0.01101874  0.02506089
 -0.01101874  0.02506089   -0.17779231  0.04221685   -0.01063882 -0.07811308
 -0.01101874  0.02506089   -0.01063882 -0.07811308   -0.17779231  0.04221685
    2    2
  0.25791165  0.00000000   -0.00381545 -0.00351711   -0.00381545 -0.00351711
 -0.00381545  0.00351711    0.22935874  0.00000000    0.00328366  0.00000000
 -0.00381545  0.00351711    0.00328366  0.00000000    0.22935874  0.00000000

     Dynamical  Matrix in cartesian axes

     q = (   -0.125000000   0.125000000   0.375000000 ) 

    1    1
  0.22935874  0.00000000   -0.00328366  0.00000000   -0.00381545 -0.00351711
 -0.00328366  0.00000000    0.22935874  0.00000000    0.00381545  0.00351711
 -0.00381545  0.00351711    0.00381545 -0.00351711    0.25791165  0.00000000
    1    2
 -0.15556997  0.09586633   -0.04771151 -0.06275708   -0.02551215 -0.00992930
 -0.04771151 -0.06275708   -0.15556997  0.09586633    0.02551215  0.00992930
 -0.02551215 -0.00992930    0.02551215  0.00992930   -0.16736029  0.09872511
    2    1
 -0.15556997 -0.09586633   -0.04771151  0.06275708   -0.02551215  0.00992930
 -0.04771151  0.06275708   -0.15556997 -0.09586633    0.02551215 -0.00992930
 -0.02551215  0.00992930    0.02551215 -0.00992930   -0.16736029 -0.09872511
    2    2
  0.22935874  0.00000000   -0.00328366  0.00000000   -0.00381545  0.00351711
 -0.00328366  0.00000000    0.22935874  0.00000000    0.00381545 -0.00351711
 -0.00381545 -0.00351711    0.00381545  0.00351711    0.25791165  0.00000000

     Diagonalizing the dynamical matrix

     q = (   -0.125000000   0.375000000  -0.125000000 ) 

 **************************************************************************
     omega( 1) =       1.813724 [THz] =      60.499309 [cm-1]
 ( -0.405791  0.292119  0.000000  0.000000  0.405791 -0.292119 ) 
 ( -0.500000  0.000000  0.000000  0.000000  0.500000  0.000000 ) 
     omega( 2) =       2.059232 [THz] =      68.688586 [cm-1]
 ( -0.423296 -0.027453 -0.366917  0.074196 -0.423296 -0.027453 ) 
 ( -0.424186  0.000000 -0.361346 -0.097787 -0.424186  0.000000 ) 
     omega( 3) =       3.427643 [THz] =     114.333857 [cm-1]
 ( -0.227152 -0.142732  0.584135  0.121845 -0.227152 -0.142732 ) 
 ( -0.268273  0.000000  0.559425  0.207614 -0.268273  0.000000 ) 
     omega( 4) =       8.328045 [THz] =     277.793681 [cm-1]
 (  0.444681  0.119379 -0.264844 -0.076626  0.444681  0.119379 ) 
 ( -0.460427  0.000000  0.275654 -0.005337 -0.460427  0.000000 ) 
     omega( 5) =       8.405651 [THz] =     280.382332 [cm-1]
 (  0.405791 -0.292119  0.000000  0.000000 -0.405791  0.292119 ) 
 ( -0.500000  0.000000  0.000000  0.000000  0.500000  0.000000 ) 
     omega( 6) =       8.666299 [THz] =     289.076621 [cm-1]
 (  0.188156 -0.026469  0.636154 -0.151991  0.188156 -0.026469 ) 
 ( -0.190009  0.000000 -0.651124 -0.061892 -0.190009  0.000000 ) 
 **************************************************************************
