Dynamical matrix file
                                                                           
  1    2  2 10.6000000  0.0000000  0.0000000  0.0000000  0.0000000  0.0000000
           1  'Ge  '    66179.9664212243     
    1    1      0.0000000      0.0000000      0.0000000
    2    1      0.2500000      0.2500000      0.2500000

     Dynamical  Matrix in cartesian axes

     q = (    0.000000000   0.250000000   0.000000000 ) 

    1    1
  0.23363252  0.00000000    0.00000000  0.00000000    0.00000000  0.00000000
  0.00000000  0.00000000    0.25653950  0.00000000    0.00000000  0.00000000
  0.00000000  0.00000000    0.00000000  0.00000000    0.23363252  0.00000000
    1    2
 -0.19914519  0.08248864    0.00000000  0.00000000   -0.01976933 -0.04772740
  0.00000000  0.00000000   -0.21168542  0.08768297    0.00000000  0.00000000
 -0.01976933 -0.04772740    0.00000000  0.00000000   -0.19914519  0.08248864
    2    1
 -0.19914519 -0.08248864    0.00000000  0.00000000   -0.01976933  0.04772740
  0.00000000  0.00000000   -0.21168542 -0.08768297    0.00000000  0.00000000
 -0.01976933  0.04772740    0.00000000  0.00000000   -0.19914519 -0.08248864
    2    2
  0.23363252  0.00000000    0.00000000  0.00000000    0.00000000  0.00000000
  0.00000000  0.00000000    0.25653950  0.00000000    0.00000000  0.00000000
  0.00000000  0.00000000    0.00000000  0.00000000    0.23363252  0.00000000

     Dynamical  Matrix in cartesian axes

     q = (    0.000000000  -0.250000000   0.000000000 ) 

    1    1
  0.23363252  0.00000000    0.00000000  0.00000000    0.00000000  0.00000000
  0.00000000  0.00000000    0.25653950  0.00000000    0.00000000  0.00000000
  0.00000000  0.00000000    0.00000000  0.00000000    0.23363252  0.00000000
    1    2
 -0.19914519 -0.08248864    0.00000000  0.00000000   -0.01976933  0.04772740
  0.00000000  0.00000000   -0.21168542 -0.08768297    0.00000000  0.00000000
 -0.01976933  0.04772740    0.00000000  0.00000000   -0.19914519 -0.08248864
    2    1
 -0.19914519  0.08248864    0.00000000  0.00000000   -0.01976933 -0.04772740
  0.00000000  0.00000000   -0.21168542  0.08768297    0.00000000  0.00000000
 -0.01976933 -0.04772740    0.00000000  0.00000000   -0.19914519  0.08248864
    2    2
  0.23363252  0.00000000    0.00000000  0.00000000    0.00000000  0.00000000
  0.00000000  0.00000000    0.25653950  0.00000000    0.00000000  0.00000000
  0.00000000  0.00000000    0.00000000  0.00000000    0.23363252  0.00000000

     Dynamical  Matrix in cartesian axes

     q = (    0.250000000   0.000000000   0.000000000 ) 

    1    1
  0.25653950  0.00000000    0.00000000  0.00000000    0.00000000  0.00000000
  0.00000000  0.00000000    0.23363252  0.00000000    0.00000000  0.00000000
  0.00000000  0.00000000    0.00000000  0.00000000    0.23363252  0.00000000
    1    2
 -0.21168542  0.08768297    0.00000000  0.00000000    0.00000000  0.00000000
  0.00000000  0.00000000   -0.19914519  0.08248864   -0.01976933 -0.04772740
  0.00000000  0.00000000   -0.01976933 -0.04772740   -0.19914519  0.08248864
    2    1
 -0.21168542 -0.08768297    0.00000000  0.00000000    0.00000000  0.00000000
  0.00000000  0.00000000   -0.19914519 -0.08248864   -0.01976933  0.04772740
  0.00000000  0.00000000   -0.01976933  0.04772740   -0.19914519 -0.08248864
    2    2
  0.25653950  0.00000000    0.00000000  0.00000000    0.00000000  0.00000000
  0.00000000  0.00000000    0.23363252  0.00000000    0.00000000  0.00000000
  0.00000000  0.00000000    0.00000000  0.00000000    0.23363252  0.00000000

     Dynamical  Matrix in cartesian axes

     q = (    0.000000000   0.000000000   0.250000000 ) 

    1    1
  0.23363252  0.00000000    0.00000000  0.00000000    0.00000000  0.00000000
  0.00000000  0.00000000    0.23363252  0.00000000    0.00000000  0.00000000
  0.00000000  0.00000000    0.00000000  0.00000000    0.25653950  0.00000000
    1    2
 -0.19914519  0.08248864   -0.01976933 -0.04772740    0.00000000  0.00000000
 -0.01976933 -0.04772740   -0.19914519  0.08248864    0.00000000  0.00000000
  0.00000000  0.00000000    0.00000000  0.00000000   -0.21168542  0.08768297
    2    1
 -0.19914519 -0.08248864   -0.01976933  0.04772740    0.00000000  0.00000000
 -0.01976933  0.04772740   -0.19914519 -0.08248864    0.00000000  0.00000000
  0.00000000  0.00000000    0.00000000  0.00000000   -0.21168542 -0.08768297
    2    2
  0.23363252  0.00000000    0.00000000  0.00000000    0.00000000  0.00000000
  0.00000000  0.00000000    0.23363252  0.00000000    0.00000000  0.00000000
  0.00000000  0.00000000    0.00000000  0.00000000    0.25653950  0.00000000

     Dynamical  Matrix in cartesian axes

     q = (    0.000000000   0.000000000  -0.250000000 ) 

    1    1
  0.23363252  0.00000000    0.00000000  0.00000000    0.00000000  0.00000000
  0.00000000  0.00000000    0.23363252  0.00000000    0.00000000  0.00000000
  0.00000000  0.00000000    0.00000000  0.00000000    0.25653950  0.00000000
    1    2
 -0.19914519 -0.08248864   -0.01976933  0.04772740    0.00000000  0.00000000
 -0.01976933  0.04772740   -0.19914519 -0.08248864    0.00000000  0.00000000
  0.00000000  0.00000000    0.00000000  0.00000000   -0.21168542 -0.08768297
    2    1
 -0.19914519  0.08248864   -0.01976933 -0.04772740    0.00000000  0.00000000
 -0.01976933 -0.04772740   -0.19914519  0.08248864    0.00000000  0.00000000
  0.00000000  0.00000000    0.00000000  0.00000000   -0.21168542  0.08768297
    2    2
  0.23363252  0.00000000    0.00000000  0.00000000    0.00000000  0.00000000
  0.00000000  0.00000000    0.23363252  0.00000000    0.00000000  0.00000000
  0.00000000  0.00000000    0.00000000  0.00000000    0.25653950  0.00000000

     Dynamical  Matrix in cartesian axes

     q = (   -0.250000000   0.000000000   0.000000000 ) 

    1    1
  0.25653950  0.00000000    0.00000000  0.00000000    0.00000000  0.00000000
  0.00000000  0.00000000    0.23363252  0.00000000    0.00000000  0.00000000
  0.00000000  0.00000000    0.00000000  0.00000000    0.23363252  0.00000000
    1    2
 -0.21168542 -0.08768297    0.00000000  0.00000000    0.00000000  0.00000000
  0.00000000  0.00000000   -0.19914519 -0.08248864   -0.01976933  0.04772740
  0.00000000  0.00000000   -0.01976933  0.04772740   -0.19914519 -0.08248864
    2    1
 -0.21168542  0.08768297    0.00000000  0.00000000    0.00000000  0.00000000
  0.00000000  0.00000000   -0.19914519  0.08248864   -0.01976933 -0.04772740
  0.00000000  0.00000000   -0.01976933 -0.04772740   -0.19914519  0.08248864
    2    2
  0.25653950  0.00000000    0.00000000  0.00000000    0.00000000  0.00000000
  0.00000000  0.00000000    0.23363252  0.00000000    0.00000000  0.00000000
  0.00000000  0.00000000    0.00000000  0.00000000    0.23363252  0.00000000

     Diagonalizing the dynamical matrix

     q = (    0.000000000   0.250000000   0.000000000 ) 

 **************************************************************************
     omega( 1) =       1.399444 [THz] =      46.680424 [cm-1]
 ( -0.166110  0.199739  0.000000  0.000000  0.584374 -0.301694 ) 
 ( -0.236413 -0.035099  0.000000  0.000000  0.665490  0.000000 ) 
     omega( 2) =       1.399444 [THz] =      46.680424 [cm-1]
 (  0.649106 -0.105705  0.000000  0.000000  0.252397  0.061513 ) 
 (  0.658275  0.097732  0.000000  0.000000  0.239004  0.000000 ) 
     omega( 3) =       2.117332 [THz] =      70.626582 [cm-1]
 (  0.000000  0.000000 -0.581068  0.402939  0.000000  0.000000 ) 
 (  0.000000  0.000000 -0.691035  0.149902  0.000000  0.000000 ) 
     omega( 4) =       8.628905 [THz] =     287.829286 [cm-1]
 ( -0.063066 -0.152255  0.000000  0.000000 -0.635291  0.263146 ) 
 (  0.000000  0.000000  0.000000  0.000000  0.707107  0.000000 ) 
     omega( 5) =       8.628905 [THz] =     287.829286 [cm-1]
 (  0.657220  0.202244  0.000000  0.000000 -0.048470  0.157510 ) 
 ( -0.544800 -0.450770  0.000000  0.000000  0.000000  0.000000 ) 
     omega( 6) =       8.912113 [THz] =     297.276091 [cm-1]
 (  0.000000  0.000000  0.581068 -0.402939  0.000000  0.000000 ) 
 (  0.000000  0.000000 -0.691035  0.149902  0.000000  0.000000 ) 
 **************************************************************************
