Dynamical matrix file
                                                                           
  1    2  2 10.6000000  0.0000000  0.0000000  0.0000000  0.0000000  0.0000000
           1  'Ge  '    66179.9664212243     
    1    1      0.0000000      0.0000000      0.0000000
    2    1      0.2500000      0.2500000      0.2500000

     Dynamical  Matrix in cartesian axes

     q = (    0.625000000  -0.125000000   0.875000000 ) 

    1    1
  0.21183087  0.00000000   -0.00240415  0.00163140    0.00195082  0.00023538
 -0.00240415 -0.00163140    0.25537485  0.00000000   -0.00177243 -0.01472996
  0.00195082 -0.00023538   -0.00177243  0.01472996    0.22539054  0.00000000
    1    2
 -0.01499293  0.03702691   -0.06613899  0.05152186   -0.07032355 -0.11400754
 -0.06613899  0.05152186   -0.01115813  0.04818545   -0.01211205  0.02901675
 -0.07032355 -0.11400754   -0.01211205  0.02901675   -0.01733393  0.03942384
    2    1
 -0.01499293 -0.03702691   -0.06613899 -0.05152186   -0.07032355  0.11400754
 -0.06613899 -0.05152186   -0.01115813 -0.04818545   -0.01211205 -0.02901675
 -0.07032355  0.11400754   -0.01211205 -0.02901675   -0.01733393 -0.03942384
    2    2
  0.21183087  0.00000000   -0.00240415 -0.00163140    0.00195082 -0.00023538
 -0.00240415  0.00163140    0.25537485  0.00000000   -0.00177243  0.01472996
  0.00195082  0.00023538   -0.00177243 -0.01472996    0.22539054  0.00000000

     Dynamical  Matrix in cartesian axes

     q = (    0.625000000  -0.125000000  -0.875000000 ) 

    1    1
  0.21183087  0.00000000   -0.00240415 -0.00163140   -0.00195082  0.00023538
 -0.00240415  0.00163140    0.25537485  0.00000000    0.00177243 -0.01472996
 -0.00195082 -0.00023538    0.00177243  0.01472996    0.22539054  0.00000000
    1    2
 -0.03702691  0.01499293   -0.05152186  0.06613899   -0.11400754 -0.07032355
 -0.05152186  0.06613899   -0.04818545  0.01115813    0.02901675 -0.01211205
 -0.11400754 -0.07032355    0.02901675 -0.01211205   -0.03942384  0.01733393
    2    1
 -0.03702691 -0.01499293   -0.05152186 -0.06613899   -0.11400754  0.07032355
 -0.05152186 -0.06613899   -0.04818545 -0.01115813    0.02901675  0.01211205
 -0.11400754  0.07032355    0.02901675  0.01211205   -0.03942384 -0.01733393
    2    2
  0.21183087  0.00000000   -0.00240415  0.00163140   -0.00195082 -0.00023538
 -0.00240415 -0.00163140    0.25537485  0.00000000    0.00177243  0.01472996
 -0.00195082  0.00023538    0.00177243 -0.01472996    0.22539054  0.00000000

     Dynamical  Matrix in cartesian axes

     q = (    0.875000000   0.125000000   0.625000000 ) 

    1    1
  0.22539054  0.00000000    0.00177243  0.01472996    0.00195082  0.00023538
  0.00177243 -0.01472996    0.25537485  0.00000000    0.00240415 -0.00163140
  0.00195082 -0.00023538    0.00240415  0.00163140    0.21183087  0.00000000
    1    2
  0.03942384 -0.01733393   -0.02901675  0.01211205   -0.11400754 -0.07032355
 -0.02901675  0.01211205    0.04818545 -0.01115813   -0.05152186  0.06613899
 -0.11400754 -0.07032355   -0.05152186  0.06613899    0.03702691 -0.01499293
    2    1
  0.03942384  0.01733393   -0.02901675 -0.01211205   -0.11400754  0.07032355
 -0.02901675 -0.01211205    0.04818545  0.01115813   -0.05152186 -0.06613899
 -0.11400754  0.07032355   -0.05152186 -0.06613899    0.03702691  0.01499293
    2    2
  0.22539054  0.00000000    0.00177243 -0.01472996    0.00195082 -0.00023538
  0.00177243  0.01472996    0.25537485  0.00000000    0.00240415  0.00163140
  0.00195082  0.00023538    0.00240415 -0.00163140    0.21183087  0.00000000

     Dynamical  Matrix in cartesian axes

     q = (    0.625000000   0.125000000   0.875000000 ) 

    1    1
  0.21183087  0.00000000    0.00240415  0.00163140    0.00195082 -0.00023538
  0.00240415 -0.00163140    0.25537485  0.00000000    0.00177243 -0.01472996
  0.00195082  0.00023538    0.00177243  0.01472996    0.22539054  0.00000000
    1    2
  0.03702691 -0.01499293   -0.05152186  0.06613899   -0.11400754 -0.07032355
 -0.05152186  0.06613899    0.04818545 -0.01115813   -0.02901675  0.01211205
 -0.11400754 -0.07032355   -0.02901675  0.01211205    0.03942384 -0.01733393
    2    1
  0.03702691  0.01499293   -0.05152186 -0.06613899   -0.11400754  0.07032355
 -0.05152186 -0.06613899    0.04818545  0.01115813   -0.02901675 -0.01211205
 -0.11400754  0.07032355   -0.02901675 -0.01211205    0.03942384  0.01733393
    2    2
  0.21183087  0.00000000    0.00240415 -0.00163140    0.00195082  0.00023538
  0.00240415  0.00163140    0.25537485  0.00000000    0.00177243  0.01472996
  0.00195082 -0.00023538    0.00177243 -0.01472996    0.22539054  0.00000000

     Dynamical  Matrix in cartesian axes

     q = (    0.875000000  -0.125000000  -0.625000000 ) 

    1    1
  0.22539054  0.00000000   -0.00177243 -0.01472996   -0.00195082 -0.00023538
 -0.00177243  0.01472996    0.25537485  0.00000000    0.00240415 -0.00163140
 -0.00195082  0.00023538    0.00240415  0.00163140    0.21183087  0.00000000
    1    2
 -0.01561992  0.04013380   -0.01195343  0.02908245   -0.13034176  0.03088925
 -0.01195343  0.02908245   -0.02618226  0.04196225   -0.01033588 -0.08319879
 -0.13034176  0.03088925   -0.01033588 -0.08319879   -0.01558038  0.03678359
    2    1
 -0.01561992 -0.04013380   -0.01195343 -0.02908245   -0.13034176 -0.03088925
 -0.01195343 -0.02908245   -0.02618226 -0.04196225   -0.01033588  0.08319879
 -0.13034176 -0.03088925   -0.01033588  0.08319879   -0.01558038 -0.03678359
    2    2
  0.22539054  0.00000000   -0.00177243  0.01472996   -0.00195082  0.00023538
 -0.00177243 -0.01472996    0.25537485  0.00000000    0.00240415  0.00163140
 -0.00195082 -0.00023538    0.00240415 -0.00163140    0.21183087  0.00000000

     Dynamical  Matrix in cartesian axes

     q = (    0.875000000  -0.125000000   0.625000000 ) 

    1    1
  0.22539054  0.00000000   -0.00177243  0.01472996    0.00195082 -0.00023538
 -0.00177243 -0.01472996    0.25537485  0.00000000   -0.00240415 -0.00163140
  0.00195082  0.00023538   -0.00240415  0.00163140    0.21183087  0.00000000
    1    2
 -0.01733393  0.03942384   -0.01211205  0.02901675   -0.07032355 -0.11400754
 -0.01211205  0.02901675   -0.01115813  0.04818545   -0.06613899  0.05152186
 -0.07032355 -0.11400754   -0.06613899  0.05152186   -0.01499293  0.03702691
    2    1
 -0.01733393 -0.03942384   -0.01211205 -0.02901675   -0.07032355  0.11400754
 -0.01211205 -0.02901675   -0.01115813 -0.04818545   -0.06613899 -0.05152186
 -0.07032355  0.11400754   -0.06613899 -0.05152186   -0.01499293 -0.03702691
    2    2
  0.22539054  0.00000000   -0.00177243 -0.01472996    0.00195082  0.00023538
 -0.00177243  0.01472996    0.25537485  0.00000000   -0.00240415  0.00163140
  0.00195082 -0.00023538   -0.00240415 -0.00163140    0.21183087  0.00000000

     Dynamical  Matrix in cartesian axes

     q = (   -0.875000000  -0.125000000   0.625000000 ) 

    1    1
  0.22539054  0.00000000    0.00177243  0.01472996   -0.00195082 -0.00023538
  0.00177243 -0.01472996    0.25537485  0.00000000   -0.00240415  0.00163140
 -0.00195082  0.00023538   -0.00240415 -0.00163140    0.21183087  0.00000000
    1    2
 -0.03942384  0.01733393    0.02901675 -0.01211205   -0.11400754 -0.07032355
  0.02901675 -0.01211205   -0.04818545  0.01115813   -0.05152186  0.06613899
 -0.11400754 -0.07032355   -0.05152186  0.06613899   -0.03702691  0.01499293
    2    1
 -0.03942384 -0.01733393    0.02901675  0.01211205   -0.11400754  0.07032355
  0.02901675  0.01211205   -0.04818545 -0.01115813   -0.05152186 -0.06613899
 -0.11400754  0.07032355   -0.05152186 -0.06613899   -0.03702691 -0.01499293
    2    2
  0.22539054  0.00000000    0.00177243 -0.01472996   -0.00195082  0.00023538
  0.00177243  0.01472996    0.25537485  0.00000000   -0.00240415 -0.00163140
 -0.00195082 -0.00023538   -0.00240415  0.00163140    0.21183087  0.00000000

     Dynamical  Matrix in cartesian axes

     q = (   -0.625000000  -0.125000000  -0.875000000 ) 

    1    1
  0.21183087  0.00000000    0.00240415 -0.00163140    0.00195082  0.00023538
  0.00240415  0.00163140    0.25537485  0.00000000    0.00177243  0.01472996
  0.00195082 -0.00023538    0.00177243 -0.01472996    0.22539054  0.00000000
    1    2
  0.03702691  0.01499293   -0.05152186 -0.06613899   -0.11400754  0.07032355
 -0.05152186 -0.06613899    0.04818545  0.01115813   -0.02901675 -0.01211205
 -0.11400754  0.07032355   -0.02901675 -0.01211205    0.03942384  0.01733393
    2    1
  0.03702691 -0.01499293   -0.05152186  0.06613899   -0.11400754 -0.07032355
 -0.05152186  0.06613899    0.04818545 -0.01115813   -0.02901675  0.01211205
 -0.11400754 -0.07032355   -0.02901675  0.01211205    0.03942384 -0.01733393
    2    2
  0.21183087  0.00000000    0.00240415  0.00163140    0.00195082 -0.00023538
  0.00240415 -0.00163140    0.25537485  0.00000000    0.00177243 -0.01472996
  0.00195082  0.00023538    0.00177243  0.01472996    0.22539054  0.00000000

     Dynamical  Matrix in cartesian axes

     q = (   -0.875000000   0.125000000  -0.625000000 ) 

    1    1
  0.22539054  0.00000000   -0.00177243 -0.01472996    0.00195082  0.00023538
 -0.00177243  0.01472996    0.25537485  0.00000000   -0.00240415  0.00163140
  0.00195082 -0.00023538   -0.00240415 -0.00163140    0.21183087  0.00000000
    1    2
 -0.01733393 -0.03942384   -0.01211205 -0.02901675   -0.07032355  0.11400754
 -0.01211205 -0.02901675   -0.01115813 -0.04818545   -0.06613899 -0.05152186
 -0.07032355  0.11400754   -0.06613899 -0.05152186   -0.01499293 -0.03702691
    2    1
 -0.01733393  0.03942384   -0.01211205  0.02901675   -0.07032355 -0.11400754
 -0.01211205  0.02901675   -0.01115813  0.04818545   -0.06613899  0.05152186
 -0.07032355 -0.11400754   -0.06613899  0.05152186   -0.01499293  0.03702691
    2    2
  0.22539054  0.00000000   -0.00177243  0.01472996    0.00195082 -0.00023538
 -0.00177243 -0.01472996    0.25537485  0.00000000   -0.00240415 -0.00163140
  0.00195082  0.00023538   -0.00240415  0.00163140    0.21183087  0.00000000

     Dynamical  Matrix in cartesian axes

     q = (   -0.625000000  -0.125000000   0.875000000 ) 

    1    1
  0.21183087  0.00000000    0.00240415  0.00163140   -0.00195082  0.00023538
  0.00240415 -0.00163140    0.25537485  0.00000000   -0.00177243  0.01472996
 -0.00195082 -0.00023538   -0.00177243 -0.01472996    0.22539054  0.00000000
    1    2
 -0.01558038  0.03678359   -0.01033588 -0.08319879   -0.13034176  0.03088925
 -0.01033588 -0.08319879   -0.02618226  0.04196225   -0.01195343  0.02908245
 -0.13034176  0.03088925   -0.01195343  0.02908245   -0.01561992  0.04013380
    2    1
 -0.01558038 -0.03678359   -0.01033588  0.08319879   -0.13034176 -0.03088925
 -0.01033588  0.08319879   -0.02618226 -0.04196225   -0.01195343 -0.02908245
 -0.13034176 -0.03088925   -0.01195343 -0.02908245   -0.01561992 -0.04013380
    2    2
  0.21183087  0.00000000    0.00240415 -0.00163140   -0.00195082 -0.00023538
  0.00240415  0.00163140    0.25537485  0.00000000   -0.00177243 -0.01472996
 -0.00195082  0.00023538   -0.00177243  0.01472996    0.22539054  0.00000000

     Dynamical  Matrix in cartesian axes

     q = (   -0.875000000   0.125000000   0.625000000 ) 

    1    1
  0.22539054  0.00000000   -0.00177243  0.01472996   -0.00195082  0.00023538
 -0.00177243 -0.01472996    0.25537485  0.00000000    0.00240415  0.00163140
 -0.00195082 -0.00023538    0.00240415 -0.00163140    0.21183087  0.00000000
    1    2
 -0.01561992 -0.04013380   -0.01195343 -0.02908245   -0.13034176 -0.03088925
 -0.01195343 -0.02908245   -0.02618226 -0.04196225   -0.01033588  0.08319879
 -0.13034176 -0.03088925   -0.01033588  0.08319879   -0.01558038 -0.03678359
    2    1
 -0.01561992  0.04013380   -0.01195343  0.02908245   -0.13034176  0.03088925
 -0.01195343  0.02908245   -0.02618226  0.04196225   -0.01033588 -0.08319879
 -0.13034176  0.03088925   -0.01033588 -0.08319879   -0.01558038  0.03678359
    2    2
  0.22539054  0.00000000   -0.00177243 -0.01472996   -0.00195082 -0.00023538
 -0.00177243  0.01472996    0.25537485  0.00000000    0.00240415 -0.00163140
 -0.00195082  0.00023538    0.00240415  0.00163140    0.21183087  0.00000000

     Dynamical  Matrix in cartesian axes

     q = (    0.875000000   0.125000000  -0.625000000 ) 

    1    1
  0.22539054  0.00000000    0.00177243 -0.01472996   -0.00195082  0.00023538
  0.00177243  0.01472996    0.25537485  0.00000000   -0.00240415 -0.00163140
 -0.00195082 -0.00023538   -0.00240415  0.00163140    0.21183087  0.00000000
    1    2
 -0.03942384 -0.01733393    0.02901675  0.01211205   -0.11400754  0.07032355
  0.02901675  0.01211205   -0.04818545 -0.01115813   -0.05152186 -0.06613899
 -0.11400754  0.07032355   -0.05152186 -0.06613899   -0.03702691 -0.01499293
    2    1
 -0.03942384  0.01733393    0.02901675 -0.01211205   -0.11400754 -0.07032355
  0.02901675 -0.01211205   -0.04818545  0.01115813   -0.05152186  0.06613899
 -0.11400754 -0.07032355   -0.05152186  0.06613899   -0.03702691  0.01499293
    2    2
  0.22539054  0.00000000    0.00177243  0.01472996   -0.00195082 -0.00023538
  0.00177243 -0.01472996    0.25537485  0.00000000   -0.00240415  0.00163140
 -0.00195082  0.00023538   -0.00240415 -0.00163140    0.21183087  0.00000000

     Dynamical  Matrix in cartesian axes

     q = (   -0.625000000   0.125000000   0.875000000 ) 

    1    1
  0.21183087  0.00000000   -0.00240415  0.00163140   -0.00195082 -0.00023538
 -0.00240415 -0.00163140    0.25537485  0.00000000    0.00177243  0.01472996
 -0.00195082  0.00023538    0.00177243 -0.01472996    0.22539054  0.00000000
    1    2
 -0.03702691 -0.01499293   -0.05152186 -0.06613899   -0.11400754  0.07032355
 -0.05152186 -0.06613899   -0.04818545 -0.01115813    0.02901675  0.01211205
 -0.11400754  0.07032355    0.02901675  0.01211205   -0.03942384 -0.01733393
    2    1
 -0.03702691  0.01499293   -0.05152186  0.06613899   -0.11400754 -0.07032355
 -0.05152186  0.06613899   -0.04818545  0.01115813    0.02901675 -0.01211205
 -0.11400754 -0.07032355    0.02901675 -0.01211205   -0.03942384  0.01733393
    2    2
  0.21183087  0.00000000   -0.00240415 -0.00163140   -0.00195082  0.00023538
 -0.00240415  0.00163140    0.25537485  0.00000000    0.00177243 -0.01472996
 -0.00195082 -0.00023538    0.00177243  0.01472996    0.22539054  0.00000000

     Dynamical  Matrix in cartesian axes

     q = (   -0.875000000  -0.125000000  -0.625000000 ) 

    1    1
  0.22539054  0.00000000    0.00177243 -0.01472996    0.00195082 -0.00023538
  0.00177243  0.01472996    0.25537485  0.00000000    0.00240415  0.00163140
  0.00195082  0.00023538    0.00240415 -0.00163140    0.21183087  0.00000000
    1    2
  0.03942384  0.01733393   -0.02901675 -0.01211205   -0.11400754  0.07032355
 -0.02901675 -0.01211205    0.04818545  0.01115813   -0.05152186 -0.06613899
 -0.11400754  0.07032355   -0.05152186 -0.06613899    0.03702691  0.01499293
    2    1
  0.03942384 -0.01733393   -0.02901675  0.01211205   -0.11400754 -0.07032355
 -0.02901675  0.01211205    0.04818545 -0.01115813   -0.05152186  0.06613899
 -0.11400754 -0.07032355   -0.05152186  0.06613899    0.03702691 -0.01499293
    2    2
  0.22539054  0.00000000    0.00177243  0.01472996    0.00195082  0.00023538
  0.00177243 -0.01472996    0.25537485  0.00000000    0.00240415 -0.00163140
  0.00195082 -0.00023538    0.00240415  0.00163140    0.21183087  0.00000000

     Dynamical  Matrix in cartesian axes

     q = (    0.625000000   0.125000000  -0.875000000 ) 

    1    1
  0.21183087  0.00000000    0.00240415 -0.00163140   -0.00195082 -0.00023538
  0.00240415  0.00163140    0.25537485  0.00000000   -0.00177243 -0.01472996
 -0.00195082  0.00023538   -0.00177243  0.01472996    0.22539054  0.00000000
    1    2
 -0.01558038 -0.03678359   -0.01033588  0.08319879   -0.13034176 -0.03088925
 -0.01033588  0.08319879   -0.02618226 -0.04196225   -0.01195343 -0.02908245
 -0.13034176 -0.03088925   -0.01195343 -0.02908245   -0.01561992 -0.04013380
    2    1
 -0.01558038  0.03678359   -0.01033588 -0.08319879   -0.13034176  0.03088925
 -0.01033588 -0.08319879   -0.02618226  0.04196225   -0.01195343  0.02908245
 -0.13034176  0.03088925   -0.01195343  0.02908245   -0.01561992  0.04013380
    2    2
  0.21183087  0.00000000    0.00240415  0.00163140   -0.00195082  0.00023538
  0.00240415 -0.00163140    0.25537485  0.00000000   -0.00177243  0.01472996
 -0.00195082 -0.00023538   -0.00177243 -0.01472996    0.22539054  0.00000000

     Dynamical  Matrix in cartesian axes

     q = (   -0.625000000   0.125000000  -0.875000000 ) 

    1    1
  0.21183087  0.00000000   -0.00240415 -0.00163140    0.00195082 -0.00023538
 -0.00240415  0.00163140    0.25537485  0.00000000   -0.00177243  0.01472996
  0.00195082  0.00023538   -0.00177243 -0.01472996    0.22539054  0.00000000
    1    2
 -0.01499293 -0.03702691   -0.06613899 -0.05152186   -0.07032355  0.11400754
 -0.06613899 -0.05152186   -0.01115813 -0.04818545   -0.01211205 -0.02901675
 -0.07032355  0.11400754   -0.01211205 -0.02901675   -0.01733393 -0.03942384
    2    1
 -0.01499293  0.03702691   -0.06613899  0.05152186   -0.07032355 -0.11400754
 -0.06613899  0.05152186   -0.01115813  0.04818545   -0.01211205  0.02901675
 -0.07032355 -0.11400754   -0.01211205  0.02901675   -0.01733393  0.03942384
    2    2
  0.21183087  0.00000000   -0.00240415  0.00163140    0.00195082  0.00023538
 -0.00240415 -0.00163140    0.25537485  0.00000000   -0.00177243 -0.01472996
  0.00195082 -0.00023538   -0.00177243  0.01472996    0.22539054  0.00000000

     Dynamical  Matrix in cartesian axes

     q = (   -0.125000000   0.875000000   0.625000000 ) 

    1    1
  0.25537485  0.00000000   -0.00177243 -0.01472996   -0.00240415 -0.00163140
 -0.00177243  0.01472996    0.22539054  0.00000000    0.00195082 -0.00023538
 -0.00240415  0.00163140    0.00195082  0.00023538    0.21183087  0.00000000
    1    2
 -0.01115813  0.04818545   -0.01211205  0.02901675   -0.06613899  0.05152186
 -0.01211205  0.02901675   -0.01733393  0.03942384   -0.07032355 -0.11400754
 -0.06613899  0.05152186   -0.07032355 -0.11400754   -0.01499293  0.03702691
    2    1
 -0.01115813 -0.04818545   -0.01211205 -0.02901675   -0.06613899 -0.05152186
 -0.01211205 -0.02901675   -0.01733393 -0.03942384   -0.07032355  0.11400754
 -0.06613899 -0.05152186   -0.07032355  0.11400754   -0.01499293 -0.03702691
    2    2
  0.25537485  0.00000000   -0.00177243  0.01472996   -0.00240415  0.00163140
 -0.00177243 -0.01472996    0.22539054  0.00000000    0.00195082  0.00023538
 -0.00240415 -0.00163140    0.00195082 -0.00023538    0.21183087  0.00000000

     Dynamical  Matrix in cartesian axes

     q = (    0.125000000   0.875000000  -0.625000000 ) 

    1    1
  0.25537485  0.00000000    0.00177243  0.01472996   -0.00240415 -0.00163140
  0.00177243 -0.01472996    0.22539054  0.00000000   -0.00195082  0.00023538
 -0.00240415  0.00163140   -0.00195082 -0.00023538    0.21183087  0.00000000
    1    2
 -0.04818545 -0.01115813    0.02901675  0.01211205   -0.05152186 -0.06613899
  0.02901675  0.01211205   -0.03942384 -0.01733393   -0.11400754  0.07032355
 -0.05152186 -0.06613899   -0.11400754  0.07032355   -0.03702691 -0.01499293
    2    1
 -0.04818545  0.01115813    0.02901675 -0.01211205   -0.05152186  0.06613899
  0.02901675 -0.01211205   -0.03942384  0.01733393   -0.11400754 -0.07032355
 -0.05152186  0.06613899   -0.11400754 -0.07032355   -0.03702691  0.01499293
    2    2
  0.25537485  0.00000000    0.00177243 -0.01472996   -0.00240415  0.00163140
  0.00177243  0.01472996    0.22539054  0.00000000   -0.00195082 -0.00023538
 -0.00240415 -0.00163140   -0.00195082  0.00023538    0.21183087  0.00000000

     Dynamical  Matrix in cartesian axes

     q = (   -0.125000000  -0.875000000  -0.625000000 ) 

    1    1
  0.25537485  0.00000000    0.00177243  0.01472996    0.00240415  0.00163140
  0.00177243 -0.01472996    0.22539054  0.00000000    0.00195082 -0.00023538
  0.00240415 -0.00163140    0.00195082  0.00023538    0.21183087  0.00000000
    1    2
  0.04818545  0.01115813   -0.02901675 -0.01211205   -0.05152186 -0.06613899
 -0.02901675 -0.01211205    0.03942384  0.01733393   -0.11400754  0.07032355
 -0.05152186 -0.06613899   -0.11400754  0.07032355    0.03702691  0.01499293
    2    1
  0.04818545 -0.01115813   -0.02901675  0.01211205   -0.05152186  0.06613899
 -0.02901675  0.01211205    0.03942384 -0.01733393   -0.11400754 -0.07032355
 -0.05152186  0.06613899   -0.11400754 -0.07032355    0.03702691 -0.01499293
    2    2
  0.25537485  0.00000000    0.00177243 -0.01472996    0.00240415 -0.00163140
  0.00177243  0.01472996    0.22539054  0.00000000    0.00195082  0.00023538
  0.00240415  0.00163140    0.00195082 -0.00023538    0.21183087  0.00000000

     Dynamical  Matrix in cartesian axes

     q = (   -0.125000000   0.625000000  -0.875000000 ) 

    1    1
  0.25537485  0.00000000   -0.00240415  0.00163140    0.00177243 -0.01472996
 -0.00240415 -0.00163140    0.21183087  0.00000000   -0.00195082  0.00023538
  0.00177243  0.01472996   -0.00195082 -0.00023538    0.22539054  0.00000000
    1    2
 -0.04818545  0.01115813   -0.05152186  0.06613899    0.02901675 -0.01211205
 -0.05152186  0.06613899   -0.03702691  0.01499293   -0.11400754 -0.07032355
  0.02901675 -0.01211205   -0.11400754 -0.07032355   -0.03942384  0.01733393
    2    1
 -0.04818545 -0.01115813   -0.05152186 -0.06613899    0.02901675  0.01211205
 -0.05152186 -0.06613899   -0.03702691 -0.01499293   -0.11400754  0.07032355
  0.02901675  0.01211205   -0.11400754  0.07032355   -0.03942384 -0.01733393
    2    2
  0.25537485  0.00000000   -0.00240415 -0.00163140    0.00177243  0.01472996
 -0.00240415  0.00163140    0.21183087  0.00000000   -0.00195082 -0.00023538
  0.00177243 -0.01472996   -0.00195082  0.00023538    0.22539054  0.00000000

     Dynamical  Matrix in cartesian axes

     q = (    0.875000000   0.625000000  -0.125000000 ) 

    1    1
  0.22539054  0.00000000    0.00195082 -0.00023538   -0.00177243  0.01472996
  0.00195082  0.00023538    0.21183087  0.00000000   -0.00240415  0.00163140
 -0.00177243 -0.01472996   -0.00240415 -0.00163140    0.25537485  0.00000000
    1    2
 -0.01733393  0.03942384   -0.07032355 -0.11400754   -0.01211205  0.02901675
 -0.07032355 -0.11400754   -0.01499293  0.03702691   -0.06613899  0.05152186
 -0.01211205  0.02901675   -0.06613899  0.05152186   -0.01115813  0.04818545
    2    1
 -0.01733393 -0.03942384   -0.07032355  0.11400754   -0.01211205 -0.02901675
 -0.07032355  0.11400754   -0.01499293 -0.03702691   -0.06613899 -0.05152186
 -0.01211205 -0.02901675   -0.06613899 -0.05152186   -0.01115813 -0.04818545
    2    2
  0.22539054  0.00000000    0.00195082  0.00023538   -0.00177243 -0.01472996
  0.00195082 -0.00023538    0.21183087  0.00000000   -0.00240415 -0.00163140
 -0.00177243  0.01472996   -0.00240415  0.00163140    0.25537485  0.00000000

     Dynamical  Matrix in cartesian axes

     q = (   -0.125000000   0.875000000  -0.625000000 ) 

    1    1
  0.25537485  0.00000000   -0.00177243  0.01472996    0.00240415 -0.00163140
 -0.00177243 -0.01472996    0.22539054  0.00000000   -0.00195082 -0.00023538
  0.00240415  0.00163140   -0.00195082  0.00023538    0.21183087  0.00000000
    1    2
 -0.02618226  0.04196225   -0.01195343  0.02908245   -0.01033588 -0.08319879
 -0.01195343  0.02908245   -0.01561992  0.04013380   -0.13034176  0.03088925
 -0.01033588 -0.08319879   -0.13034176  0.03088925   -0.01558038  0.03678359
    2    1
 -0.02618226 -0.04196225   -0.01195343 -0.02908245   -0.01033588  0.08319879
 -0.01195343 -0.02908245   -0.01561992 -0.04013380   -0.13034176 -0.03088925
 -0.01033588  0.08319879   -0.13034176 -0.03088925   -0.01558038 -0.03678359
    2    2
  0.25537485  0.00000000   -0.00177243 -0.01472996    0.00240415  0.00163140
 -0.00177243  0.01472996    0.22539054  0.00000000   -0.00195082  0.00023538
  0.00240415 -0.00163140   -0.00195082 -0.00023538    0.21183087  0.00000000

     Dynamical  Matrix in cartesian axes

     q = (   -0.875000000  -0.625000000  -0.125000000 ) 

    1    1
  0.22539054  0.00000000    0.00195082 -0.00023538    0.00177243 -0.01472996
  0.00195082  0.00023538    0.21183087  0.00000000    0.00240415 -0.00163140
  0.00177243  0.01472996    0.00240415  0.00163140    0.25537485  0.00000000
    1    2
  0.03942384  0.01733393   -0.11400754  0.07032355   -0.02901675 -0.01211205
 -0.11400754  0.07032355    0.03702691  0.01499293   -0.05152186 -0.06613899
 -0.02901675 -0.01211205   -0.05152186 -0.06613899    0.04818545  0.01115813
    2    1
  0.03942384 -0.01733393   -0.11400754 -0.07032355   -0.02901675  0.01211205
 -0.11400754 -0.07032355    0.03702691 -0.01499293   -0.05152186  0.06613899
 -0.02901675  0.01211205   -0.05152186  0.06613899    0.04818545 -0.01115813
    2    2
  0.22539054  0.00000000    0.00195082  0.00023538    0.00177243  0.01472996
  0.00195082 -0.00023538    0.21183087  0.00000000    0.00240415  0.00163140
  0.00177243 -0.01472996    0.00240415 -0.00163140    0.25537485  0.00000000

     Dynamical  Matrix in cartesian axes

     q = (   -0.875000000   0.625000000   0.125000000 ) 

    1    1
  0.22539054  0.00000000   -0.00195082  0.00023538   -0.00177243  0.01472996
 -0.00195082 -0.00023538    0.21183087  0.00000000    0.00240415 -0.00163140
 -0.00177243 -0.01472996    0.00240415  0.00163140    0.25537485  0.00000000
    1    2
 -0.01561992 -0.04013380   -0.13034176 -0.03088925   -0.01195343 -0.02908245
 -0.13034176 -0.03088925   -0.01558038 -0.03678359   -0.01033588  0.08319879
 -0.01195343 -0.02908245   -0.01033588  0.08319879   -0.02618226 -0.04196225
    2    1
 -0.01561992  0.04013380   -0.13034176  0.03088925   -0.01195343  0.02908245
 -0.13034176  0.03088925   -0.01558038  0.03678359   -0.01033588 -0.08319879
 -0.01195343  0.02908245   -0.01033588 -0.08319879   -0.02618226  0.04196225
    2    2
  0.22539054  0.00000000   -0.00195082 -0.00023538   -0.00177243 -0.01472996
 -0.00195082  0.00023538    0.21183087  0.00000000    0.00240415  0.00163140
 -0.00177243  0.01472996    0.00240415 -0.00163140    0.25537485  0.00000000

     Dynamical  Matrix in cartesian axes

     q = (    0.125000000  -0.625000000   0.875000000 ) 

    1    1
  0.25537485  0.00000000   -0.00240415 -0.00163140    0.00177243  0.01472996
 -0.00240415  0.00163140    0.21183087  0.00000000   -0.00195082 -0.00023538
  0.00177243 -0.01472996   -0.00195082  0.00023538    0.22539054  0.00000000
    1    2
 -0.04818545 -0.01115813   -0.05152186 -0.06613899    0.02901675  0.01211205
 -0.05152186 -0.06613899   -0.03702691 -0.01499293   -0.11400754  0.07032355
  0.02901675  0.01211205   -0.11400754  0.07032355   -0.03942384 -0.01733393
    2    1
 -0.04818545  0.01115813   -0.05152186  0.06613899    0.02901675 -0.01211205
 -0.05152186  0.06613899   -0.03702691  0.01499293   -0.11400754 -0.07032355
  0.02901675 -0.01211205   -0.11400754 -0.07032355   -0.03942384  0.01733393
    2    2
  0.25537485  0.00000000   -0.00240415  0.00163140    0.00177243 -0.01472996
 -0.00240415 -0.00163140    0.21183087  0.00000000   -0.00195082  0.00023538
  0.00177243  0.01472996   -0.00195082 -0.00023538    0.22539054  0.00000000

     Dynamical  Matrix in cartesian axes

     q = (    0.125000000  -0.875000000   0.625000000 ) 

    1    1
  0.25537485  0.00000000   -0.00177243 -0.01472996    0.00240415  0.00163140
 -0.00177243  0.01472996    0.22539054  0.00000000   -0.00195082  0.00023538
  0.00240415 -0.00163140   -0.00195082 -0.00023538    0.21183087  0.00000000
    1    2
 -0.02618226 -0.04196225   -0.01195343 -0.02908245   -0.01033588  0.08319879
 -0.01195343 -0.02908245   -0.01561992 -0.04013380   -0.13034176 -0.03088925
 -0.01033588  0.08319879   -0.13034176 -0.03088925   -0.01558038 -0.03678359
    2    1
 -0.02618226  0.04196225   -0.01195343  0.02908245   -0.01033588 -0.08319879
 -0.01195343  0.02908245   -0.01561992  0.04013380   -0.13034176  0.03088925
 -0.01033588 -0.08319879   -0.13034176  0.03088925   -0.01558038  0.03678359
    2    2
  0.25537485  0.00000000   -0.00177243  0.01472996    0.00240415 -0.00163140
 -0.00177243 -0.01472996    0.22539054  0.00000000   -0.00195082 -0.00023538
  0.00240415  0.00163140   -0.00195082  0.00023538    0.21183087  0.00000000

     Dynamical  Matrix in cartesian axes

     q = (    0.625000000  -0.875000000   0.125000000 ) 

    1    1
  0.21183087  0.00000000   -0.00195082 -0.00023538    0.00240415 -0.00163140
 -0.00195082  0.00023538    0.22539054  0.00000000   -0.00177243  0.01472996
  0.00240415  0.00163140   -0.00177243 -0.01472996    0.25537485  0.00000000
    1    2
 -0.01558038 -0.03678359   -0.13034176 -0.03088925   -0.01033588  0.08319879
 -0.13034176 -0.03088925   -0.01561992 -0.04013380   -0.01195343 -0.02908245
 -0.01033588  0.08319879   -0.01195343 -0.02908245   -0.02618226 -0.04196225
    2    1
 -0.01558038  0.03678359   -0.13034176  0.03088925   -0.01033588 -0.08319879
 -0.13034176  0.03088925   -0.01561992  0.04013380   -0.01195343  0.02908245
 -0.01033588 -0.08319879   -0.01195343  0.02908245   -0.02618226  0.04196225
    2    2
  0.21183087  0.00000000   -0.00195082  0.00023538    0.00240415  0.00163140
 -0.00195082 -0.00023538    0.22539054  0.00000000   -0.00177243 -0.01472996
  0.00240415 -0.00163140   -0.00177243  0.01472996    0.25537485  0.00000000

     Dynamical  Matrix in cartesian axes

     q = (   -0.875000000   0.625000000  -0.125000000 ) 

    1    1
  0.22539054  0.00000000   -0.00195082 -0.00023538    0.00177243  0.01472996
 -0.00195082  0.00023538    0.21183087  0.00000000   -0.00240415 -0.00163140
  0.00177243 -0.01472996   -0.00240415  0.00163140    0.25537485  0.00000000
    1    2
 -0.03942384  0.01733393   -0.11400754 -0.07032355    0.02901675 -0.01211205
 -0.11400754 -0.07032355   -0.03702691  0.01499293   -0.05152186  0.06613899
  0.02901675 -0.01211205   -0.05152186  0.06613899   -0.04818545  0.01115813
    2    1
 -0.03942384 -0.01733393   -0.11400754  0.07032355    0.02901675  0.01211205
 -0.11400754  0.07032355   -0.03702691 -0.01499293   -0.05152186 -0.06613899
  0.02901675  0.01211205   -0.05152186 -0.06613899   -0.04818545 -0.01115813
    2    2
  0.22539054  0.00000000   -0.00195082  0.00023538    0.00177243 -0.01472996
 -0.00195082 -0.00023538    0.21183087  0.00000000   -0.00240415  0.00163140
  0.00177243  0.01472996   -0.00240415 -0.00163140    0.25537485  0.00000000

     Dynamical  Matrix in cartesian axes

     q = (    0.125000000   0.625000000   0.875000000 ) 

    1    1
  0.25537485  0.00000000    0.00240415 -0.00163140    0.00177243 -0.01472996
  0.00240415  0.00163140    0.21183087  0.00000000    0.00195082 -0.00023538
  0.00177243  0.01472996    0.00195082  0.00023538    0.22539054  0.00000000
    1    2
  0.04818545 -0.01115813   -0.05152186  0.06613899   -0.02901675  0.01211205
 -0.05152186  0.06613899    0.03702691 -0.01499293   -0.11400754 -0.07032355
 -0.02901675  0.01211205   -0.11400754 -0.07032355    0.03942384 -0.01733393
    2    1
  0.04818545  0.01115813   -0.05152186 -0.06613899   -0.02901675 -0.01211205
 -0.05152186 -0.06613899    0.03702691  0.01499293   -0.11400754  0.07032355
 -0.02901675 -0.01211205   -0.11400754  0.07032355    0.03942384  0.01733393
    2    2
  0.25537485  0.00000000    0.00240415  0.00163140    0.00177243  0.01472996
  0.00240415 -0.00163140    0.21183087  0.00000000    0.00195082  0.00023538
  0.00177243 -0.01472996    0.00195082 -0.00023538    0.22539054  0.00000000

     Dynamical  Matrix in cartesian axes

     q = (   -0.125000000   0.625000000   0.875000000 ) 

    1    1
  0.25537485  0.00000000   -0.00240415 -0.00163140   -0.00177243 -0.01472996
 -0.00240415  0.00163140    0.21183087  0.00000000    0.00195082  0.00023538
 -0.00177243  0.01472996    0.00195082 -0.00023538    0.22539054  0.00000000
    1    2
 -0.01115813  0.04818545   -0.06613899  0.05152186   -0.01211205  0.02901675
 -0.06613899  0.05152186   -0.01499293  0.03702691   -0.07032355 -0.11400754
 -0.01211205  0.02901675   -0.07032355 -0.11400754   -0.01733393  0.03942384
    2    1
 -0.01115813 -0.04818545   -0.06613899 -0.05152186   -0.01211205 -0.02901675
 -0.06613899 -0.05152186   -0.01499293 -0.03702691   -0.07032355  0.11400754
 -0.01211205 -0.02901675   -0.07032355  0.11400754   -0.01733393 -0.03942384
    2    2
  0.25537485  0.00000000   -0.00240415  0.00163140   -0.00177243  0.01472996
 -0.00240415 -0.00163140    0.21183087  0.00000000    0.00195082 -0.00023538
 -0.00177243 -0.01472996    0.00195082  0.00023538    0.22539054  0.00000000

     Dynamical  Matrix in cartesian axes

     q = (    0.125000000   0.625000000  -0.875000000 ) 

    1    1
  0.25537485  0.00000000    0.00240415  0.00163140   -0.00177243 -0.01472996
  0.00240415 -0.00163140    0.21183087  0.00000000   -0.00195082 -0.00023538
 -0.00177243  0.01472996   -0.00195082  0.00023538    0.22539054  0.00000000
    1    2
 -0.02618226 -0.04196225   -0.01033588  0.08319879   -0.01195343 -0.02908245
 -0.01033588  0.08319879   -0.01558038 -0.03678359   -0.13034176 -0.03088925
 -0.01195343 -0.02908245   -0.13034176 -0.03088925   -0.01561992 -0.04013380
    2    1
 -0.02618226  0.04196225   -0.01033588 -0.08319879   -0.01195343  0.02908245
 -0.01033588 -0.08319879   -0.01558038  0.03678359   -0.13034176  0.03088925
 -0.01195343  0.02908245   -0.13034176  0.03088925   -0.01561992  0.04013380
    2    2
  0.25537485  0.00000000    0.00240415 -0.00163140   -0.00177243  0.01472996
  0.00240415  0.00163140    0.21183087  0.00000000   -0.00195082  0.00023538
 -0.00177243 -0.01472996   -0.00195082 -0.00023538    0.22539054  0.00000000

     Dynamical  Matrix in cartesian axes

     q = (   -0.125000000  -0.625000000  -0.875000000 ) 

    1    1
  0.25537485  0.00000000    0.00240415  0.00163140    0.00177243  0.01472996
  0.00240415 -0.00163140    0.21183087  0.00000000    0.00195082  0.00023538
  0.00177243 -0.01472996    0.00195082 -0.00023538    0.22539054  0.00000000
    1    2
  0.04818545  0.01115813   -0.05152186 -0.06613899   -0.02901675 -0.01211205
 -0.05152186 -0.06613899    0.03702691  0.01499293   -0.11400754  0.07032355
 -0.02901675 -0.01211205   -0.11400754  0.07032355    0.03942384  0.01733393
    2    1
  0.04818545 -0.01115813   -0.05152186  0.06613899   -0.02901675  0.01211205
 -0.05152186  0.06613899    0.03702691 -0.01499293   -0.11400754 -0.07032355
 -0.02901675  0.01211205   -0.11400754 -0.07032355    0.03942384 -0.01733393
    2    2
  0.25537485  0.00000000    0.00240415 -0.00163140    0.00177243 -0.01472996
  0.00240415  0.00163140    0.21183087  0.00000000    0.00195082 -0.00023538
  0.00177243  0.01472996    0.00195082  0.00023538    0.22539054  0.00000000

     Dynamical  Matrix in cartesian axes

     q = (   -0.625000000  -0.875000000   0.125000000 ) 

    1    1
  0.21183087  0.00000000    0.00195082 -0.00023538   -0.00240415 -0.00163140
  0.00195082  0.00023538    0.22539054  0.00000000   -0.00177243 -0.01472996
 -0.00240415  0.00163140   -0.00177243  0.01472996    0.25537485  0.00000000
    1    2
 -0.01499293 -0.03702691   -0.07032355  0.11400754   -0.06613899 -0.05152186
 -0.07032355  0.11400754   -0.01733393 -0.03942384   -0.01211205 -0.02901675
 -0.06613899 -0.05152186   -0.01211205 -0.02901675   -0.01115813 -0.04818545
    2    1
 -0.01499293  0.03702691   -0.07032355 -0.11400754   -0.06613899  0.05152186
 -0.07032355 -0.11400754   -0.01733393  0.03942384   -0.01211205  0.02901675
 -0.06613899  0.05152186   -0.01211205  0.02901675   -0.01115813  0.04818545
    2    2
  0.21183087  0.00000000    0.00195082  0.00023538   -0.00240415  0.00163140
  0.00195082 -0.00023538    0.22539054  0.00000000   -0.00177243  0.01472996
 -0.00240415 -0.00163140   -0.00177243 -0.01472996    0.25537485  0.00000000

     Dynamical  Matrix in cartesian axes

     q = (   -0.125000000  -0.625000000   0.875000000 ) 

    1    1
  0.25537485  0.00000000    0.00240415 -0.00163140   -0.00177243  0.01472996
  0.00240415  0.00163140    0.21183087  0.00000000   -0.00195082  0.00023538
 -0.00177243 -0.01472996   -0.00195082 -0.00023538    0.22539054  0.00000000
    1    2
 -0.02618226  0.04196225   -0.01033588 -0.08319879   -0.01195343  0.02908245
 -0.01033588 -0.08319879   -0.01558038  0.03678359   -0.13034176  0.03088925
 -0.01195343  0.02908245   -0.13034176  0.03088925   -0.01561992  0.04013380
    2    1
 -0.02618226 -0.04196225   -0.01033588  0.08319879   -0.01195343 -0.02908245
 -0.01033588  0.08319879   -0.01558038 -0.03678359   -0.13034176 -0.03088925
 -0.01195343 -0.02908245   -0.13034176 -0.03088925   -0.01561992 -0.04013380
    2    2
  0.25537485  0.00000000    0.00240415  0.00163140   -0.00177243 -0.01472996
  0.00240415 -0.00163140    0.21183087  0.00000000   -0.00195082 -0.00023538
 -0.00177243  0.01472996   -0.00195082  0.00023538    0.22539054  0.00000000

     Dynamical  Matrix in cartesian axes

     q = (    0.875000000  -0.625000000   0.125000000 ) 

    1    1
  0.22539054  0.00000000   -0.00195082  0.00023538    0.00177243 -0.01472996
 -0.00195082 -0.00023538    0.21183087  0.00000000   -0.00240415  0.00163140
  0.00177243  0.01472996   -0.00240415 -0.00163140    0.25537485  0.00000000
    1    2
 -0.03942384 -0.01733393   -0.11400754  0.07032355    0.02901675  0.01211205
 -0.11400754  0.07032355   -0.03702691 -0.01499293   -0.05152186 -0.06613899
  0.02901675  0.01211205   -0.05152186 -0.06613899   -0.04818545 -0.01115813
    2    1
 -0.03942384  0.01733393   -0.11400754 -0.07032355    0.02901675 -0.01211205
 -0.11400754 -0.07032355   -0.03702691  0.01499293   -0.05152186  0.06613899
  0.02901675 -0.01211205   -0.05152186  0.06613899   -0.04818545  0.01115813
    2    2
  0.22539054  0.00000000   -0.00195082 -0.00023538    0.00177243  0.01472996
 -0.00195082  0.00023538    0.21183087  0.00000000   -0.00240415 -0.00163140
  0.00177243 -0.01472996   -0.00240415  0.00163140    0.25537485  0.00000000

     Dynamical  Matrix in cartesian axes

     q = (    0.625000000   0.875000000   0.125000000 ) 

    1    1
  0.21183087  0.00000000    0.00195082 -0.00023538    0.00240415  0.00163140
  0.00195082  0.00023538    0.22539054  0.00000000    0.00177243  0.01472996
  0.00240415 -0.00163140    0.00177243 -0.01472996    0.25537485  0.00000000
    1    2
  0.03702691 -0.01499293   -0.11400754 -0.07032355   -0.05152186  0.06613899
 -0.11400754 -0.07032355    0.03942384 -0.01733393   -0.02901675  0.01211205
 -0.05152186  0.06613899   -0.02901675  0.01211205    0.04818545 -0.01115813
    2    1
  0.03702691  0.01499293   -0.11400754  0.07032355   -0.05152186 -0.06613899
 -0.11400754  0.07032355    0.03942384  0.01733393   -0.02901675 -0.01211205
 -0.05152186 -0.06613899   -0.02901675 -0.01211205    0.04818545  0.01115813
    2    2
  0.21183087  0.00000000    0.00195082  0.00023538    0.00240415 -0.00163140
  0.00195082 -0.00023538    0.22539054  0.00000000    0.00177243 -0.01472996
  0.00240415  0.00163140    0.00177243  0.01472996    0.25537485  0.00000000

     Dynamical  Matrix in cartesian axes

     q = (    0.125000000  -0.625000000  -0.875000000 ) 

    1    1
  0.25537485  0.00000000   -0.00240415  0.00163140   -0.00177243  0.01472996
 -0.00240415 -0.00163140    0.21183087  0.00000000    0.00195082 -0.00023538
 -0.00177243 -0.01472996    0.00195082  0.00023538    0.22539054  0.00000000
    1    2
 -0.01115813 -0.04818545   -0.06613899 -0.05152186   -0.01211205 -0.02901675
 -0.06613899 -0.05152186   -0.01499293 -0.03702691   -0.07032355  0.11400754
 -0.01211205 -0.02901675   -0.07032355  0.11400754   -0.01733393 -0.03942384
    2    1
 -0.01115813  0.04818545   -0.06613899  0.05152186   -0.01211205  0.02901675
 -0.06613899  0.05152186   -0.01499293  0.03702691   -0.07032355 -0.11400754
 -0.01211205  0.02901675   -0.07032355 -0.11400754   -0.01733393  0.03942384
    2    2
  0.25537485  0.00000000   -0.00240415 -0.00163140   -0.00177243 -0.01472996
 -0.00240415  0.00163140    0.21183087  0.00000000    0.00195082  0.00023538
 -0.00177243  0.01472996    0.00195082 -0.00023538    0.22539054  0.00000000

     Dynamical  Matrix in cartesian axes

     q = (    0.625000000   0.875000000  -0.125000000 ) 

    1    1
