Dynamical matrix file
                                                                           
  1    2  2 10.6000000  0.0000000  0.0000000  0.0000000  0.0000000  0.0000000
           1  'Ge  '    66179.9664212243     
    1    1      0.0000000      0.0000000      0.0000000
    2    1      0.2500000      0.2500000      0.2500000

     Dynamical  Matrix in cartesian axes

     q = (    0.750000000   0.000000000   0.750000000 ) 

    1    1
  0.21542399  0.00000000    0.00000000  0.00821720    0.00336528  0.00000000
  0.00000000 -0.00821720    0.27139404  0.00000000    0.00000000 -0.00821720
  0.00336528  0.00000000    0.00000000  0.00821720    0.21542399  0.00000000
    1    2
  0.02203759  0.02203759   -0.03919502  0.03919502   -0.10303551 -0.10303551
 -0.03919502  0.03919502    0.03853233  0.03853233   -0.03919502  0.03919502
 -0.10303551 -0.10303551   -0.03919502  0.03919502    0.02203759  0.02203759
    2    1
  0.02203759 -0.02203759   -0.03919502 -0.03919502   -0.10303551  0.10303551
 -0.03919502 -0.03919502    0.03853233 -0.03853233   -0.03919502 -0.03919502
 -0.10303551  0.10303551   -0.03919502 -0.03919502    0.02203759 -0.02203759
    2    2
  0.21542399  0.00000000    0.00000000 -0.00821720    0.00336528  0.00000000
  0.00000000  0.00821720    0.27139404  0.00000000    0.00000000  0.00821720
  0.00336528  0.00000000    0.00000000 -0.00821720    0.21542399  0.00000000

     Dynamical  Matrix in cartesian axes

     q = (    0.750000000   0.000000000  -0.750000000 ) 

    1    1
  0.21542399  0.00000000    0.00000000 -0.00821720   -0.00336528  0.00000000
  0.00000000  0.00821720    0.27139404  0.00000000    0.00000000 -0.00821720
 -0.00336528  0.00000000    0.00000000  0.00821720    0.21542399  0.00000000
    1    2
 -0.03116586  0.00000000    0.00000000  0.05543012   -0.14571421  0.00000000
  0.00000000  0.05543012   -0.05449295  0.00000000    0.00000000 -0.05543012
 -0.14571421  0.00000000    0.00000000 -0.05543012   -0.03116586  0.00000000
    2    1
 -0.03116586  0.00000000    0.00000000 -0.05543012   -0.14571421  0.00000000
  0.00000000 -0.05543012   -0.05449295  0.00000000    0.00000000  0.05543012
 -0.14571421  0.00000000    0.00000000  0.05543012   -0.03116586  0.00000000
    2    2
  0.21542399  0.00000000    0.00000000  0.00821720   -0.00336528  0.00000000
  0.00000000 -0.00821720    0.27139404  0.00000000    0.00000000  0.00821720
 -0.00336528  0.00000000    0.00000000 -0.00821720    0.21542399  0.00000000

     Dynamical  Matrix in cartesian axes

     q = (   -0.750000000   0.000000000   0.750000000 ) 

    1    1
  0.21542399  0.00000000    0.00000000  0.00821720   -0.00336528  0.00000000
  0.00000000 -0.00821720    0.27139404  0.00000000    0.00000000  0.00821720
 -0.00336528  0.00000000    0.00000000 -0.00821720    0.21542399  0.00000000
    1    2
 -0.03116586  0.00000000    0.00000000 -0.05543012   -0.14571421  0.00000000
  0.00000000 -0.05543012   -0.05449295  0.00000000    0.00000000  0.05543012
 -0.14571421  0.00000000    0.00000000  0.05543012   -0.03116586  0.00000000
    2    1
 -0.03116586  0.00000000    0.00000000  0.05543012   -0.14571421  0.00000000
  0.00000000  0.05543012   -0.05449295  0.00000000    0.00000000 -0.05543012
 -0.14571421  0.00000000    0.00000000 -0.05543012   -0.03116586  0.00000000
    2    2
  0.21542399  0.00000000    0.00000000 -0.00821720   -0.00336528  0.00000000
  0.00000000  0.00821720    0.27139404  0.00000000    0.00000000 -0.00821720
 -0.00336528  0.00000000    0.00000000  0.00821720    0.21542399  0.00000000

     Dynamical  Matrix in cartesian axes

     q = (   -0.750000000   0.000000000  -0.750000000 ) 

    1    1
  0.21542399  0.00000000    0.00000000 -0.00821720    0.00336528  0.00000000
  0.00000000  0.00821720    0.27139404  0.00000000    0.00000000  0.00821720
  0.00336528  0.00000000    0.00000000 -0.00821720    0.21542399  0.00000000
    1    2
  0.02203759 -0.02203759   -0.03919502 -0.03919502   -0.10303551  0.10303551
 -0.03919502 -0.03919502    0.03853233 -0.03853233   -0.03919502 -0.03919502
 -0.10303551  0.10303551   -0.03919502 -0.03919502    0.02203759 -0.02203759
    2    1
  0.02203759  0.02203759   -0.03919502  0.03919502   -0.10303551 -0.10303551
 -0.03919502  0.03919502    0.03853233  0.03853233   -0.03919502  0.03919502
 -0.10303551 -0.10303551   -0.03919502  0.03919502    0.02203759  0.02203759
    2    2
  0.21542399  0.00000000    0.00000000  0.00821720    0.00336528  0.00000000
  0.00000000 -0.00821720    0.27139404  0.00000000    0.00000000 -0.00821720
  0.00336528  0.00000000    0.00000000  0.00821720    0.21542399  0.00000000

     Dynamical  Matrix in cartesian axes

     q = (    0.000000000   0.750000000  -0.750000000 ) 

    1    1
  0.27139404  0.00000000    0.00000000  0.00821720    0.00000000 -0.00821720
  0.00000000 -0.00821720    0.21542399  0.00000000   -0.00336528  0.00000000
  0.00000000  0.00821720   -0.00336528  0.00000000    0.21542399  0.00000000
    1    2
 -0.05449295  0.00000000    0.00000000  0.05543012    0.00000000 -0.05543012
  0.00000000  0.05543012   -0.03116586  0.00000000   -0.14571421  0.00000000
  0.00000000 -0.05543012   -0.14571421  0.00000000   -0.03116586  0.00000000
    2    1
 -0.05449295  0.00000000    0.00000000 -0.05543012    0.00000000  0.05543012
  0.00000000 -0.05543012   -0.03116586  0.00000000   -0.14571421  0.00000000
  0.00000000  0.05543012   -0.14571421  0.00000000   -0.03116586  0.00000000
    2    2
  0.27139404  0.00000000    0.00000000 -0.00821720    0.00000000  0.00821720
  0.00000000  0.00821720    0.21542399  0.00000000   -0.00336528  0.00000000
  0.00000000 -0.00821720   -0.00336528  0.00000000    0.21542399  0.00000000

     Dynamical  Matrix in cartesian axes

     q = (   -0.750000000   0.750000000   0.000000000 ) 

    1    1
  0.21542399  0.00000000   -0.00336528  0.00000000    0.00000000  0.00821720
 -0.00336528  0.00000000    0.21542399  0.00000000    0.00000000 -0.00821720
  0.00000000 -0.00821720    0.00000000  0.00821720    0.27139404  0.00000000
    1    2
 -0.03116586  0.00000000   -0.14571421  0.00000000    0.00000000 -0.05543012
 -0.14571421  0.00000000   -0.03116586  0.00000000    0.00000000  0.05543012
  0.00000000 -0.05543012    0.00000000  0.05543012   -0.05449295  0.00000000
    2    1
 -0.03116586  0.00000000   -0.14571421  0.00000000    0.00000000  0.05543012
 -0.14571421  0.00000000   -0.03116586  0.00000000    0.00000000 -0.05543012
  0.00000000  0.05543012    0.00000000 -0.05543012   -0.05449295  0.00000000
    2    2
  0.21542399  0.00000000   -0.00336528  0.00000000    0.00000000 -0.00821720
 -0.00336528  0.00000000    0.21542399  0.00000000    0.00000000  0.00821720
  0.00000000  0.00821720    0.00000000 -0.00821720    0.27139404  0.00000000

     Dynamical  Matrix in cartesian axes

     q = (    0.000000000   0.750000000   0.750000000 ) 

    1    1
  0.27139404  0.00000000    0.00000000 -0.00821720    0.00000000 -0.00821720
  0.00000000  0.00821720    0.21542399  0.00000000    0.00336528  0.00000000
  0.00000000  0.00821720    0.00336528  0.00000000    0.21542399  0.00000000
    1    2
  0.03853233  0.03853233   -0.03919502  0.03919502   -0.03919502  0.03919502
 -0.03919502  0.03919502    0.02203759  0.02203759   -0.10303551 -0.10303551
 -0.03919502  0.03919502   -0.10303551 -0.10303551    0.02203759  0.02203759
    2    1
  0.03853233 -0.03853233   -0.03919502 -0.03919502   -0.03919502 -0.03919502
 -0.03919502 -0.03919502    0.02203759 -0.02203759   -0.10303551  0.10303551
 -0.03919502 -0.03919502   -0.10303551  0.10303551    0.02203759 -0.02203759
    2    2
  0.27139404  0.00000000    0.00000000  0.00821720    0.00000000  0.00821720
  0.00000000 -0.00821720    0.21542399  0.00000000    0.00336528  0.00000000
  0.00000000 -0.00821720    0.00336528  0.00000000    0.21542399  0.00000000

     Dynamical  Matrix in cartesian axes

     q = (    0.000000000  -0.750000000  -0.750000000 ) 

    1    1
  0.27139404  0.00000000    0.00000000  0.00821720    0.00000000  0.00821720
  0.00000000 -0.00821720    0.21542399  0.00000000    0.00336528  0.00000000
  0.00000000 -0.00821720    0.00336528  0.00000000    0.21542399  0.00000000
    1    2
  0.03853233 -0.03853233   -0.03919502 -0.03919502   -0.03919502 -0.03919502
 -0.03919502 -0.03919502    0.02203759 -0.02203759   -0.10303551  0.10303551
 -0.03919502 -0.03919502   -0.10303551  0.10303551    0.02203759 -0.02203759
    2    1
  0.03853233  0.03853233   -0.03919502  0.03919502   -0.03919502  0.03919502
 -0.03919502  0.03919502    0.02203759  0.02203759   -0.10303551 -0.10303551
 -0.03919502  0.03919502   -0.10303551 -0.10303551    0.02203759  0.02203759
    2    2
  0.27139404  0.00000000    0.00000000 -0.00821720    0.00000000 -0.00821720
  0.00000000  0.00821720    0.21542399  0.00000000    0.00336528  0.00000000
  0.00000000  0.00821720    0.00336528  0.00000000    0.21542399  0.00000000

     Dynamical  Matrix in cartesian axes

     q = (    0.750000000   0.750000000   0.000000000 ) 

    1    1
  0.21542399  0.00000000    0.00336528  0.00000000    0.00000000  0.00821720
  0.00336528  0.00000000    0.21542399  0.00000000    0.00000000  0.00821720
  0.00000000 -0.00821720    0.00000000 -0.00821720    0.27139404  0.00000000
    1    2
  0.02203759  0.02203759   -0.10303551 -0.10303551   -0.03919502  0.03919502
 -0.10303551 -0.10303551    0.02203759  0.02203759   -0.03919502  0.03919502
 -0.03919502  0.03919502   -0.03919502  0.03919502    0.03853233  0.03853233
    2    1
  0.02203759 -0.02203759   -0.10303551  0.10303551   -0.03919502 -0.03919502
 -0.10303551  0.10303551    0.02203759 -0.02203759   -0.03919502 -0.03919502
 -0.03919502 -0.03919502   -0.03919502 -0.03919502    0.03853233 -0.03853233
    2    2
  0.21542399  0.00000000    0.00336528  0.00000000    0.00000000 -0.00821720
  0.00336528  0.00000000    0.21542399  0.00000000    0.00000000 -0.00821720
  0.00000000  0.00821720    0.00000000  0.00821720    0.27139404  0.00000000

     Dynamical  Matrix in cartesian axes

     q = (   -0.750000000  -0.750000000   0.000000000 ) 

    1    1
  0.21542399  0.00000000    0.00336528  0.00000000    0.00000000 -0.00821720
  0.00336528  0.00000000    0.21542399  0.00000000    0.00000000 -0.00821720
  0.00000000  0.00821720    0.00000000  0.00821720    0.27139404  0.00000000
    1    2
  0.02203759 -0.02203759   -0.10303551  0.10303551   -0.03919502 -0.03919502
 -0.10303551  0.10303551    0.02203759 -0.02203759   -0.03919502 -0.03919502
 -0.03919502 -0.03919502   -0.03919502 -0.03919502    0.03853233 -0.03853233
    2    1
  0.02203759  0.02203759   -0.10303551 -0.10303551   -0.03919502  0.03919502
 -0.10303551 -0.10303551    0.02203759  0.02203759   -0.03919502  0.03919502
 -0.03919502  0.03919502   -0.03919502  0.03919502    0.03853233  0.03853233
    2    2
  0.21542399  0.00000000    0.00336528  0.00000000    0.00000000  0.00821720
  0.00336528  0.00000000    0.21542399  0.00000000    0.00000000  0.00821720
  0.00000000 -0.00821720    0.00000000 -0.00821720    0.27139404  0.00000000

     Dynamical  Matrix in cartesian axes

     q = (    0.000000000  -0.750000000   0.750000000 ) 

    1    1
  0.27139404  0.00000000    0.00000000 -0.00821720    0.00000000  0.00821720
  0.00000000  0.00821720    0.21542399  0.00000000   -0.00336528  0.00000000
  0.00000000 -0.00821720   -0.00336528  0.00000000    0.21542399  0.00000000
    1    2
 -0.05449295  0.00000000    0.00000000 -0.05543012    0.00000000  0.05543012
  0.00000000 -0.05543012   -0.03116586  0.00000000   -0.14571421  0.00000000
  0.00000000  0.05543012   -0.14571421  0.00000000   -0.03116586  0.00000000
    2    1
 -0.05449295  0.00000000    0.00000000  0.05543012    0.00000000 -0.05543012
  0.00000000  0.05543012   -0.03116586  0.00000000   -0.14571421  0.00000000
  0.00000000 -0.05543012   -0.14571421  0.00000000   -0.03116586  0.00000000
    2    2
  0.27139404  0.00000000    0.00000000  0.00821720    0.00000000 -0.00821720
  0.00000000 -0.00821720    0.21542399  0.00000000   -0.00336528  0.00000000
  0.00000000  0.00821720   -0.00336528  0.00000000    0.21542399  0.00000000

     Dynamical  Matrix in cartesian axes

     q = (    0.750000000  -0.750000000   0.000000000 ) 

    1    1
  0.21542399  0.00000000   -0.00336528  0.00000000    0.00000000 -0.00821720
 -0.00336528  0.00000000    0.21542399  0.00000000    0.00000000  0.00821720
  0.00000000  0.00821720    0.00000000 -0.00821720    0.27139404  0.00000000
    1    2
 -0.03116586  0.00000000   -0.14571421  0.00000000    0.00000000  0.05543012
 -0.14571421  0.00000000   -0.03116586  0.00000000    0.00000000 -0.05543012
  0.00000000  0.05543012    0.00000000 -0.05543012   -0.05449295  0.00000000
    2    1
 -0.03116586  0.00000000   -0.14571421  0.00000000    0.00000000 -0.05543012
 -0.14571421  0.00000000   -0.03116586  0.00000000    0.00000000  0.05543012
  0.00000000 -0.05543012    0.00000000  0.05543012   -0.05449295  0.00000000
    2    2
  0.21542399  0.00000000   -0.00336528  0.00000000    0.00000000  0.00821720
 -0.00336528  0.00000000    0.21542399  0.00000000    0.00000000 -0.00821720
  0.00000000 -0.00821720    0.00000000  0.00821720    0.27139404  0.00000000

     Diagonalizing the dynamical matrix

     q = (    0.750000000   0.000000000   0.750000000 ) 

 **************************************************************************
     omega( 1) =       2.398564 [THz] =      80.007477 [cm-1]
 (  0.353553  0.353553  0.000000  0.000000 -0.353553 -0.353553 ) 
 ( -0.500000  0.000000  0.000000  0.000000  0.500000  0.000000 ) 
     omega( 2) =       3.460267 [THz] =     115.422090 [cm-1]
 ( -0.320627 -0.320627 -0.210705  0.210705 -0.320627 -0.320627 ) 
 ( -0.453435  0.000000  0.000000 -0.297981 -0.453435  0.000000 ) 
     omega( 3) =       6.258735 [THz] =     208.768935 [cm-1]
 ( -0.244776 -0.244776  0.360789 -0.360789 -0.244776 -0.244776 ) 
 (  0.346166  0.000000  0.000000 -0.510233  0.346166  0.000000 ) 
     omega( 4) =       6.367579 [THz] =     212.399562 [cm-1]
 ( -0.148991 -0.148991  0.453435 -0.453435 -0.148991 -0.148991 ) 
 ( -0.210705  0.000000  0.000000  0.641254 -0.210705  0.000000 ) 
     omega( 5) =       7.975398 [THz] =     266.030656 [cm-1]
 ( -0.353553 -0.353553  0.000000  0.000000  0.353553  0.353553 ) 
 ( -0.500000  0.000000  0.000000  0.000000  0.500000  0.000000 ) 
     omega( 6) =       8.284788 [THz] =     276.350775 [cm-1]
 ( -0.255117 -0.255117 -0.346166  0.346166 -0.255117 -0.255117 ) 
 (  0.360789  0.000000  0.000000  0.489553  0.360789  0.000000 ) 
 **************************************************************************
