Dynamical matrix file
                                                                           
  1    2  2 10.6000000  0.0000000  0.0000000  0.0000000  0.0000000  0.0000000
           1  'Ge  '    66179.9664212243     
    1    1      0.0000000      0.0000000      0.0000000
    2    1      0.2500000      0.2500000      0.2500000

     Dynamical  Matrix in cartesian axes

     q = (    0.625000000  -0.125000000   0.625000000 ) 

    1    1
  0.22277839  0.00000000   -0.00398305  0.00792725    0.00584011  0.00000000
 -0.00398305 -0.00792725    0.25586706  0.00000000   -0.00398305 -0.00792725
  0.00584011  0.00000000   -0.00398305  0.00792725    0.22277839  0.00000000
    1    2
 -0.01793961  0.07001111   -0.06817786  0.02945805   -0.00926294 -0.11229690
 -0.06817786  0.02945805   -0.01566132  0.09369217   -0.06817786  0.02945805
 -0.00926294 -0.11229690   -0.06817786  0.02945805   -0.01793961  0.07001111
    2    1
 -0.01793961 -0.07001111   -0.06817786 -0.02945805   -0.00926294  0.11229690
 -0.06817786 -0.02945805   -0.01566132 -0.09369217   -0.06817786 -0.02945805
 -0.00926294  0.11229690   -0.06817786 -0.02945805   -0.01793961 -0.07001111
    2    2
  0.22277839  0.00000000   -0.00398305 -0.00792725    0.00584011  0.00000000
 -0.00398305  0.00792725    0.25586706  0.00000000   -0.00398305  0.00792725
  0.00584011  0.00000000   -0.00398305 -0.00792725    0.22277839  0.00000000

     Dynamical  Matrix in cartesian axes

     q = (   -0.625000000  -0.125000000   0.625000000 ) 

    1    1
  0.22277839  0.00000000    0.00398305  0.00792725   -0.00584011  0.00000000
  0.00398305 -0.00792725    0.25586706  0.00000000   -0.00398305  0.00792725
 -0.00584011  0.00000000   -0.00398305 -0.00792725    0.22277839  0.00000000
    1    2
 -0.07001111  0.01793961    0.02945805 -0.06817786   -0.11229690 -0.00926294
  0.02945805 -0.06817786   -0.09369217  0.01566132   -0.02945805  0.06817786
 -0.11229690 -0.00926294   -0.02945805  0.06817786   -0.07001111  0.01793961
    2    1
 -0.07001111 -0.01793961    0.02945805  0.06817786   -0.11229690  0.00926294
  0.02945805  0.06817786   -0.09369217 -0.01566132   -0.02945805 -0.06817786
 -0.11229690  0.00926294   -0.02945805 -0.06817786   -0.07001111 -0.01793961
    2    2
  0.22277839  0.00000000    0.00398305 -0.00792725   -0.00584011  0.00000000
  0.00398305  0.00792725    0.25586706  0.00000000   -0.00398305 -0.00792725
 -0.00584011  0.00000000   -0.00398305  0.00792725    0.22277839  0.00000000

     Dynamical  Matrix in cartesian axes

     q = (   -0.625000000  -0.125000000  -0.625000000 ) 

    1    1
  0.22277839  0.00000000    0.00398305 -0.00792725    0.00584011  0.00000000
  0.00398305  0.00792725    0.25586706  0.00000000    0.00398305  0.00792725
  0.00584011  0.00000000    0.00398305 -0.00792725    0.22277839  0.00000000
    1    2
  0.06219055 -0.03682011   -0.06903902 -0.02737904   -0.07285601  0.08595579
 -0.06903902 -0.02737904    0.07732459 -0.05517614   -0.06903902 -0.02737904
 -0.07285601  0.08595579   -0.06903902 -0.02737904    0.06219055 -0.03682011
    2    1
  0.06219055  0.03682011   -0.06903902  0.02737904   -0.07285601 -0.08595579
 -0.06903902  0.02737904    0.07732459  0.05517614   -0.06903902  0.02737904
 -0.07285601 -0.08595579   -0.06903902  0.02737904    0.06219055  0.03682011
    2    2
  0.22277839  0.00000000    0.00398305  0.00792725    0.00584011  0.00000000
  0.00398305 -0.00792725    0.25586706  0.00000000    0.00398305 -0.00792725
  0.00584011  0.00000000    0.00398305  0.00792725    0.22277839  0.00000000

     Dynamical  Matrix in cartesian axes

     q = (    0.625000000  -0.125000000  -0.625000000 ) 

    1    1
  0.22277839  0.00000000   -0.00398305 -0.00792725   -0.00584011  0.00000000
 -0.00398305  0.00792725    0.25586706  0.00000000    0.00398305 -0.00792725
 -0.00584011  0.00000000    0.00398305  0.00792725    0.22277839  0.00000000
    1    2
 -0.07001111  0.01793961   -0.02945805  0.06817786   -0.11229690 -0.00926294
 -0.02945805  0.06817786   -0.09369217  0.01566132    0.02945805 -0.06817786
 -0.11229690 -0.00926294    0.02945805 -0.06817786   -0.07001111  0.01793961
    2    1
 -0.07001111 -0.01793961   -0.02945805 -0.06817786   -0.11229690  0.00926294
 -0.02945805 -0.06817786   -0.09369217 -0.01566132    0.02945805  0.06817786
 -0.11229690  0.00926294    0.02945805  0.06817786   -0.07001111 -0.01793961
    2    2
  0.22277839  0.00000000   -0.00398305  0.00792725   -0.00584011  0.00000000
 -0.00398305 -0.00792725    0.25586706  0.00000000    0.00398305  0.00792725
 -0.00584011  0.00000000    0.00398305 -0.00792725    0.22277839  0.00000000

     Dynamical  Matrix in cartesian axes

     q = (   -0.625000000   0.125000000  -0.625000000 ) 

    1    1
  0.22277839  0.00000000   -0.00398305 -0.00792725    0.00584011  0.00000000
 -0.00398305  0.00792725    0.25586706  0.00000000   -0.00398305  0.00792725
  0.00584011  0.00000000   -0.00398305 -0.00792725    0.22277839  0.00000000
    1    2
 -0.01793961 -0.07001111   -0.06817786 -0.02945805   -0.00926294  0.11229690
 -0.06817786 -0.02945805   -0.01566132 -0.09369217   -0.06817786 -0.02945805
 -0.00926294  0.11229690   -0.06817786 -0.02945805   -0.01793961 -0.07001111
    2    1
 -0.01793961  0.07001111   -0.06817786  0.02945805   -0.00926294 -0.11229690
 -0.06817786  0.02945805   -0.01566132  0.09369217   -0.06817786  0.02945805
 -0.00926294 -0.11229690   -0.06817786  0.02945805   -0.01793961  0.07001111
    2    2
  0.22277839  0.00000000   -0.00398305  0.00792725    0.00584011  0.00000000
 -0.00398305 -0.00792725    0.25586706  0.00000000   -0.00398305 -0.00792725
  0.00584011  0.00000000   -0.00398305  0.00792725    0.22277839  0.00000000

     Dynamical  Matrix in cartesian axes

     q = (   -0.125000000   0.625000000  -0.625000000 ) 

    1    1
  0.25586706  0.00000000   -0.00398305  0.00792725    0.00398305 -0.00792725
 -0.00398305 -0.00792725    0.22277839  0.00000000   -0.00584011  0.00000000
  0.00398305  0.00792725   -0.00584011  0.00000000    0.22277839  0.00000000
    1    2
 -0.09369217  0.01566132   -0.02945805  0.06817786    0.02945805 -0.06817786
 -0.02945805  0.06817786   -0.07001111  0.01793961   -0.11229690 -0.00926294
  0.02945805 -0.06817786   -0.11229690 -0.00926294   -0.07001111  0.01793961
    2    1
 -0.09369217 -0.01566132   -0.02945805 -0.06817786    0.02945805  0.06817786
 -0.02945805 -0.06817786   -0.07001111 -0.01793961   -0.11229690  0.00926294
  0.02945805  0.06817786   -0.11229690  0.00926294   -0.07001111 -0.01793961
    2    2
  0.25586706  0.00000000   -0.00398305 -0.00792725    0.00398305  0.00792725
 -0.00398305  0.00792725    0.22277839  0.00000000   -0.00584011  0.00000000
  0.00398305 -0.00792725   -0.00584011  0.00000000    0.22277839  0.00000000

     Dynamical  Matrix in cartesian axes

     q = (   -0.625000000   0.625000000  -0.125000000 ) 

    1    1
  0.22277839  0.00000000   -0.00584011  0.00000000    0.00398305  0.00792725
 -0.00584011  0.00000000    0.22277839  0.00000000   -0.00398305 -0.00792725
  0.00398305 -0.00792725   -0.00398305  0.00792725    0.25586706  0.00000000
    1    2
 -0.07001111  0.01793961   -0.11229690 -0.00926294    0.02945805 -0.06817786
 -0.11229690 -0.00926294   -0.07001111  0.01793961   -0.02945805  0.06817786
  0.02945805 -0.06817786   -0.02945805  0.06817786   -0.09369217  0.01566132
    2    1
 -0.07001111 -0.01793961   -0.11229690  0.00926294    0.02945805  0.06817786
 -0.11229690  0.00926294   -0.07001111 -0.01793961   -0.02945805 -0.06817786
  0.02945805  0.06817786   -0.02945805 -0.06817786   -0.09369217 -0.01566132
    2    2
  0.22277839  0.00000000   -0.00584011  0.00000000    0.00398305 -0.00792725
 -0.00584011  0.00000000    0.22277839  0.00000000   -0.00398305  0.00792725
  0.00398305  0.00792725   -0.00398305 -0.00792725    0.25586706  0.00000000

     Dynamical  Matrix in cartesian axes

     q = (    0.625000000   0.125000000   0.625000000 ) 

    1    1
  0.22277839  0.00000000    0.00398305  0.00792725    0.00584011  0.00000000
  0.00398305 -0.00792725    0.25586706  0.00000000    0.00398305 -0.00792725
  0.00584011  0.00000000    0.00398305  0.00792725    0.22277839  0.00000000
    1    2
  0.06219055  0.03682011   -0.06903902  0.02737904   -0.07285601 -0.08595579
 -0.06903902  0.02737904    0.07732459  0.05517614   -0.06903902  0.02737904
 -0.07285601 -0.08595579   -0.06903902  0.02737904    0.06219055  0.03682011
    2    1
  0.06219055 -0.03682011   -0.06903902 -0.02737904   -0.07285601  0.08595579
 -0.06903902 -0.02737904    0.07732459 -0.05517614   -0.06903902 -0.02737904
 -0.07285601  0.08595579   -0.06903902 -0.02737904    0.06219055 -0.03682011
    2    2
  0.22277839  0.00000000    0.00398305 -0.00792725    0.00584011  0.00000000
  0.00398305  0.00792725    0.25586706  0.00000000    0.00398305  0.00792725
  0.00584011  0.00000000    0.00398305 -0.00792725    0.22277839  0.00000000

     Dynamical  Matrix in cartesian axes

     q = (   -0.625000000   0.125000000   0.625000000 ) 

    1    1
  0.22277839  0.00000000   -0.00398305  0.00792725   -0.00584011  0.00000000
 -0.00398305 -0.00792725    0.25586706  0.00000000    0.00398305  0.00792725
 -0.00584011  0.00000000    0.00398305 -0.00792725    0.22277839  0.00000000
    1    2
 -0.07001111 -0.01793961   -0.02945805 -0.06817786   -0.11229690  0.00926294
 -0.02945805 -0.06817786   -0.09369217 -0.01566132    0.02945805  0.06817786
 -0.11229690  0.00926294    0.02945805  0.06817786   -0.07001111 -0.01793961
    2    1
 -0.07001111  0.01793961   -0.02945805  0.06817786   -0.11229690 -0.00926294
 -0.02945805  0.06817786   -0.09369217  0.01566132    0.02945805 -0.06817786
 -0.11229690 -0.00926294    0.02945805 -0.06817786   -0.07001111  0.01793961
    2    2
  0.22277839  0.00000000   -0.00398305 -0.00792725   -0.00584011  0.00000000
 -0.00398305  0.00792725    0.25586706  0.00000000    0.00398305 -0.00792725
 -0.00584011  0.00000000    0.00398305  0.00792725    0.22277839  0.00000000

     Dynamical  Matrix in cartesian axes

     q = (    0.625000000   0.125000000  -0.625000000 ) 

    1    1
  0.22277839  0.00000000    0.00398305 -0.00792725   -0.00584011  0.00000000
  0.00398305  0.00792725    0.25586706  0.00000000   -0.00398305 -0.00792725
 -0.00584011  0.00000000   -0.00398305  0.00792725    0.22277839  0.00000000
    1    2
 -0.07001111 -0.01793961    0.02945805  0.06817786   -0.11229690  0.00926294
  0.02945805  0.06817786   -0.09369217 -0.01566132   -0.02945805 -0.06817786
 -0.11229690  0.00926294   -0.02945805 -0.06817786   -0.07001111 -0.01793961
    2    1
 -0.07001111  0.01793961    0.02945805 -0.06817786   -0.11229690 -0.00926294
  0.02945805 -0.06817786   -0.09369217  0.01566132   -0.02945805  0.06817786
 -0.11229690 -0.00926294   -0.02945805  0.06817786   -0.07001111  0.01793961
    2    2
  0.22277839  0.00000000    0.00398305  0.00792725   -0.00584011  0.00000000
  0.00398305 -0.00792725    0.25586706  0.00000000   -0.00398305  0.00792725
 -0.00584011  0.00000000   -0.00398305 -0.00792725    0.22277839  0.00000000

     Dynamical  Matrix in cartesian axes

     q = (   -0.625000000   0.625000000   0.125000000 ) 

    1    1
  0.22277839  0.00000000   -0.00584011  0.00000000   -0.00398305  0.00792725
 -0.00584011  0.00000000    0.22277839  0.00000000    0.00398305 -0.00792725
 -0.00398305 -0.00792725    0.00398305  0.00792725    0.25586706  0.00000000
    1    2
 -0.07001111 -0.01793961   -0.11229690  0.00926294   -0.02945805 -0.06817786
 -0.11229690  0.00926294   -0.07001111 -0.01793961    0.02945805  0.06817786
 -0.02945805 -0.06817786    0.02945805  0.06817786   -0.09369217 -0.01566132
    2    1
 -0.07001111  0.01793961   -0.11229690 -0.00926294   -0.02945805  0.06817786
 -0.11229690 -0.00926294   -0.07001111  0.01793961    0.02945805 -0.06817786
 -0.02945805  0.06817786    0.02945805 -0.06817786   -0.09369217  0.01566132
    2    2
  0.22277839  0.00000000   -0.00584011  0.00000000   -0.00398305 -0.00792725
 -0.00584011  0.00000000    0.22277839  0.00000000    0.00398305  0.00792725
 -0.00398305  0.00792725    0.00398305 -0.00792725    0.25586706  0.00000000

     Dynamical  Matrix in cartesian axes

     q = (   -0.125000000   0.625000000   0.625000000 ) 

    1    1
  0.25586706  0.00000000   -0.00398305 -0.00792725   -0.00398305 -0.00792725
 -0.00398305  0.00792725    0.22277839  0.00000000    0.00584011  0.00000000
 -0.00398305  0.00792725    0.00584011  0.00000000    0.22277839  0.00000000
    1    2
 -0.01566132  0.09369217   -0.06817786  0.02945805   -0.06817786  0.02945805
 -0.06817786  0.02945805   -0.01793961  0.07001111   -0.00926294 -0.11229690
 -0.06817786  0.02945805   -0.00926294 -0.11229690   -0.01793961  0.07001111
    2    1
 -0.01566132 -0.09369217   -0.06817786 -0.02945805   -0.06817786 -0.02945805
 -0.06817786 -0.02945805   -0.01793961 -0.07001111   -0.00926294  0.11229690
 -0.06817786 -0.02945805   -0.00926294  0.11229690   -0.01793961 -0.07001111
    2    2
  0.25586706  0.00000000   -0.00398305  0.00792725   -0.00398305  0.00792725
 -0.00398305 -0.00792725    0.22277839  0.00000000    0.00584011  0.00000000
 -0.00398305 -0.00792725    0.00584011  0.00000000    0.22277839  0.00000000

     Dynamical  Matrix in cartesian axes

     q = (    0.125000000   0.625000000  -0.625000000 ) 

    1    1
  0.25586706  0.00000000    0.00398305  0.00792725   -0.00398305 -0.00792725
  0.00398305 -0.00792725    0.22277839  0.00000000   -0.00584011  0.00000000
 -0.00398305  0.00792725   -0.00584011  0.00000000    0.22277839  0.00000000
    1    2
 -0.09369217 -0.01566132    0.02945805  0.06817786   -0.02945805 -0.06817786
  0.02945805  0.06817786   -0.07001111 -0.01793961   -0.11229690  0.00926294
 -0.02945805 -0.06817786   -0.11229690  0.00926294   -0.07001111 -0.01793961
    2    1
 -0.09369217  0.01566132    0.02945805 -0.06817786   -0.02945805  0.06817786
  0.02945805 -0.06817786   -0.07001111  0.01793961   -0.11229690 -0.00926294
 -0.02945805  0.06817786   -0.11229690 -0.00926294   -0.07001111  0.01793961
    2    2
  0.25586706  0.00000000    0.00398305 -0.00792725   -0.00398305  0.00792725
  0.00398305  0.00792725    0.22277839  0.00000000   -0.00584011  0.00000000
 -0.00398305 -0.00792725   -0.00584011  0.00000000    0.22277839  0.00000000

     Dynamical  Matrix in cartesian axes

     q = (   -0.125000000  -0.625000000  -0.625000000 ) 

    1    1
  0.25586706  0.00000000    0.00398305  0.00792725    0.00398305  0.00792725
  0.00398305 -0.00792725    0.22277839  0.00000000    0.00584011  0.00000000
  0.00398305 -0.00792725    0.00584011  0.00000000    0.22277839  0.00000000
    1    2
  0.07732459 -0.05517614   -0.06903902 -0.02737904   -0.06903902 -0.02737904
 -0.06903902 -0.02737904    0.06219055 -0.03682011   -0.07285601  0.08595579
 -0.06903902 -0.02737904   -0.07285601  0.08595579    0.06219055 -0.03682011
    2    1
  0.07732459  0.05517614   -0.06903902  0.02737904   -0.06903902  0.02737904
 -0.06903902  0.02737904    0.06219055  0.03682011   -0.07285601 -0.08595579
 -0.06903902  0.02737904   -0.07285601 -0.08595579    0.06219055  0.03682011
    2    2
  0.25586706  0.00000000    0.00398305 -0.00792725    0.00398305 -0.00792725
  0.00398305  0.00792725    0.22277839  0.00000000    0.00584011  0.00000000
  0.00398305  0.00792725    0.00584011  0.00000000    0.22277839  0.00000000

     Dynamical  Matrix in cartesian axes

     q = (    0.625000000   0.625000000  -0.125000000 ) 

    1    1
  0.22277839  0.00000000    0.00584011  0.00000000   -0.00398305  0.00792725
  0.00584011  0.00000000    0.22277839  0.00000000   -0.00398305  0.00792725
 -0.00398305 -0.00792725   -0.00398305 -0.00792725    0.25586706  0.00000000
    1    2
 -0.01793961  0.07001111   -0.00926294 -0.11229690   -0.06817786  0.02945805
 -0.00926294 -0.11229690   -0.01793961  0.07001111   -0.06817786  0.02945805
 -0.06817786  0.02945805   -0.06817786  0.02945805   -0.01566132  0.09369217
    2    1
 -0.01793961 -0.07001111   -0.00926294  0.11229690   -0.06817786 -0.02945805
 -0.00926294  0.11229690   -0.01793961 -0.07001111   -0.06817786 -0.02945805
 -0.06817786 -0.02945805   -0.06817786 -0.02945805   -0.01566132 -0.09369217
    2    2
  0.22277839  0.00000000    0.00584011  0.00000000   -0.00398305 -0.00792725
  0.00584011  0.00000000    0.22277839  0.00000000   -0.00398305 -0.00792725
 -0.00398305  0.00792725   -0.00398305  0.00792725    0.25586706  0.00000000

     Dynamical  Matrix in cartesian axes

     q = (   -0.625000000  -0.625000000  -0.125000000 ) 

    1    1
  0.22277839  0.00000000    0.00584011  0.00000000    0.00398305 -0.00792725
  0.00584011  0.00000000    0.22277839  0.00000000    0.00398305 -0.00792725
  0.00398305  0.00792725    0.00398305  0.00792725    0.25586706  0.00000000
    1    2
  0.06219055 -0.03682011   -0.07285601  0.08595579   -0.06903902 -0.02737904
 -0.07285601  0.08595579    0.06219055 -0.03682011   -0.06903902 -0.02737904
 -0.06903902 -0.02737904   -0.06903902 -0.02737904    0.07732459 -0.05517614
    2    1
  0.06219055  0.03682011   -0.07285601 -0.08595579   -0.06903902  0.02737904
 -0.07285601 -0.08595579    0.06219055  0.03682011   -0.06903902  0.02737904
 -0.06903902  0.02737904   -0.06903902  0.02737904    0.07732459  0.05517614
    2    2
  0.22277839  0.00000000    0.00584011  0.00000000    0.00398305  0.00792725
  0.00584011  0.00000000    0.22277839  0.00000000    0.00398305  0.00792725
  0.00398305 -0.00792725    0.00398305 -0.00792725    0.25586706  0.00000000

     Dynamical  Matrix in cartesian axes

     q = (    0.125000000  -0.625000000   0.625000000 ) 

    1    1
  0.25586706  0.00000000   -0.00398305 -0.00792725    0.00398305  0.00792725
 -0.00398305  0.00792725    0.22277839  0.00000000   -0.00584011  0.00000000
  0.00398305 -0.00792725   -0.00584011  0.00000000    0.22277839  0.00000000
    1    2
 -0.09369217 -0.01566132   -0.02945805 -0.06817786    0.02945805  0.06817786
 -0.02945805 -0.06817786   -0.07001111 -0.01793961   -0.11229690  0.00926294
  0.02945805  0.06817786   -0.11229690  0.00926294   -0.07001111 -0.01793961
    2    1
 -0.09369217  0.01566132   -0.02945805  0.06817786    0.02945805 -0.06817786
 -0.02945805  0.06817786   -0.07001111  0.01793961   -0.11229690 -0.00926294
  0.02945805 -0.06817786   -0.11229690 -0.00926294   -0.07001111  0.01793961
    2    2
  0.25586706  0.00000000   -0.00398305  0.00792725    0.00398305 -0.00792725
 -0.00398305 -0.00792725    0.22277839  0.00000000   -0.00584011  0.00000000
  0.00398305  0.00792725   -0.00584011  0.00000000    0.22277839  0.00000000

     Dynamical  Matrix in cartesian axes

     q = (    0.625000000  -0.625000000   0.125000000 ) 

    1    1
  0.22277839  0.00000000   -0.00584011  0.00000000    0.00398305 -0.00792725
 -0.00584011  0.00000000    0.22277839  0.00000000   -0.00398305  0.00792725
  0.00398305  0.00792725   -0.00398305 -0.00792725    0.25586706  0.00000000
    1    2
 -0.07001111 -0.01793961   -0.11229690  0.00926294    0.02945805  0.06817786
 -0.11229690  0.00926294   -0.07001111 -0.01793961   -0.02945805 -0.06817786
  0.02945805  0.06817786   -0.02945805 -0.06817786   -0.09369217 -0.01566132
    2    1
 -0.07001111  0.01793961   -0.11229690 -0.00926294    0.02945805 -0.06817786
 -0.11229690 -0.00926294   -0.07001111  0.01793961   -0.02945805  0.06817786
  0.02945805 -0.06817786   -0.02945805  0.06817786   -0.09369217  0.01566132
    2    2
  0.22277839  0.00000000   -0.00584011  0.00000000    0.00398305  0.00792725
 -0.00584011  0.00000000    0.22277839  0.00000000   -0.00398305 -0.00792725
  0.00398305 -0.00792725   -0.00398305  0.00792725    0.25586706  0.00000000

     Dynamical  Matrix in cartesian axes

     q = (    0.125000000   0.625000000   0.625000000 ) 

    1    1
  0.25586706  0.00000000    0.00398305 -0.00792725    0.00398305 -0.00792725
  0.00398305  0.00792725    0.22277839  0.00000000    0.00584011  0.00000000
  0.00398305  0.00792725    0.00584011  0.00000000    0.22277839  0.00000000
    1    2
  0.07732459  0.05517614   -0.06903902  0.02737904   -0.06903902  0.02737904
 -0.06903902  0.02737904    0.06219055  0.03682011   -0.07285601 -0.08595579
 -0.06903902  0.02737904   -0.07285601 -0.08595579    0.06219055  0.03682011
    2    1
  0.07732459 -0.05517614   -0.06903902 -0.02737904   -0.06903902 -0.02737904
 -0.06903902 -0.02737904    0.06219055 -0.03682011   -0.07285601  0.08595579
 -0.06903902 -0.02737904   -0.07285601  0.08595579    0.06219055 -0.03682011
    2    2
  0.25586706  0.00000000    0.00398305  0.00792725    0.00398305  0.00792725
  0.00398305 -0.00792725    0.22277839  0.00000000    0.00584011  0.00000000
  0.00398305 -0.00792725    0.00584011  0.00000000    0.22277839  0.00000000

     Dynamical  Matrix in cartesian axes

     q = (   -0.625000000  -0.625000000   0.125000000 ) 

    1    1
  0.22277839  0.00000000    0.00584011  0.00000000   -0.00398305 -0.00792725
  0.00584011  0.00000000    0.22277839  0.00000000   -0.00398305 -0.00792725
 -0.00398305  0.00792725   -0.00398305  0.00792725    0.25586706  0.00000000
    1    2
 -0.01793961 -0.07001111   -0.00926294  0.11229690   -0.06817786 -0.02945805
 -0.00926294  0.11229690   -0.01793961 -0.07001111   -0.06817786 -0.02945805
 -0.06817786 -0.02945805   -0.06817786 -0.02945805   -0.01566132 -0.09369217
    2    1
 -0.01793961  0.07001111   -0.00926294 -0.11229690   -0.06817786  0.02945805
 -0.00926294 -0.11229690   -0.01793961  0.07001111   -0.06817786  0.02945805
 -0.06817786  0.02945805   -0.06817786  0.02945805   -0.01566132  0.09369217
    2    2
  0.22277839  0.00000000    0.00584011  0.00000000   -0.00398305  0.00792725
  0.00584011  0.00000000    0.22277839  0.00000000   -0.00398305  0.00792725
 -0.00398305 -0.00792725   -0.00398305 -0.00792725    0.25586706  0.00000000

     Dynamical  Matrix in cartesian axes

     q = (   -0.125000000  -0.625000000   0.625000000 ) 

    1    1
  0.25586706  0.00000000    0.00398305 -0.00792725   -0.00398305  0.00792725
  0.00398305  0.00792725    0.22277839  0.00000000   -0.00584011  0.00000000
 -0.00398305 -0.00792725   -0.00584011  0.00000000    0.22277839  0.00000000
    1    2
 -0.09369217  0.01566132    0.02945805 -0.06817786   -0.02945805  0.06817786
  0.02945805 -0.06817786   -0.07001111  0.01793961   -0.11229690 -0.00926294
 -0.02945805  0.06817786   -0.11229690 -0.00926294   -0.07001111  0.01793961
    2    1
 -0.09369217 -0.01566132    0.02945805  0.06817786   -0.02945805 -0.06817786
  0.02945805  0.06817786   -0.07001111 -0.01793961   -0.11229690  0.00926294
 -0.02945805 -0.06817786   -0.11229690  0.00926294   -0.07001111 -0.01793961
    2    2
  0.25586706  0.00000000    0.00398305  0.00792725   -0.00398305 -0.00792725
  0.00398305 -0.00792725    0.22277839  0.00000000   -0.00584011  0.00000000
 -0.00398305  0.00792725   -0.00584011  0.00000000    0.22277839  0.00000000

     Dynamical  Matrix in cartesian axes

     q = (    0.625000000   0.625000000   0.125000000 ) 

    1    1
  0.22277839  0.00000000    0.00584011  0.00000000    0.00398305  0.00792725
  0.00584011  0.00000000    0.22277839  0.00000000    0.00398305  0.00792725
  0.00398305 -0.00792725    0.00398305 -0.00792725    0.25586706  0.00000000
    1    2
  0.06219055  0.03682011   -0.07285601 -0.08595579   -0.06903902  0.02737904
 -0.07285601 -0.08595579    0.06219055  0.03682011   -0.06903902  0.02737904
 -0.06903902  0.02737904   -0.06903902  0.02737904    0.07732459  0.05517614
    2    1
  0.06219055 -0.03682011   -0.07285601  0.08595579   -0.06903902 -0.02737904
 -0.07285601  0.08595579    0.06219055 -0.03682011   -0.06903902 -0.02737904
 -0.06903902 -0.02737904   -0.06903902 -0.02737904    0.07732459 -0.05517614
    2    2
  0.22277839  0.00000000    0.00584011  0.00000000    0.00398305 -0.00792725
  0.00584011  0.00000000    0.22277839  0.00000000    0.00398305 -0.00792725
  0.00398305  0.00792725    0.00398305  0.00792725    0.25586706  0.00000000

     Dynamical  Matrix in cartesian axes

     q = (    0.125000000  -0.625000000  -0.625000000 ) 

    1    1
  0.25586706  0.00000000   -0.00398305  0.00792725   -0.00398305  0.00792725
 -0.00398305 -0.00792725    0.22277839  0.00000000    0.00584011  0.00000000
 -0.00398305 -0.00792725    0.00584011  0.00000000    0.22277839  0.00000000
    1    2
 -0.01566132 -0.09369217   -0.06817786 -0.02945805   -0.06817786 -0.02945805
 -0.06817786 -0.02945805   -0.01793961 -0.07001111   -0.00926294  0.11229690
 -0.06817786 -0.02945805   -0.00926294  0.11229690   -0.01793961 -0.07001111
    2    1
 -0.01566132  0.09369217   -0.06817786  0.02945805   -0.06817786  0.02945805
 -0.06817786  0.02945805   -0.01793961  0.07001111   -0.00926294 -0.11229690
 -0.06817786  0.02945805   -0.00926294 -0.11229690   -0.01793961  0.07001111
    2    2
  0.25586706  0.00000000   -0.00398305 -0.00792725   -0.00398305 -0.00792725
 -0.00398305  0.00792725    0.22277839  0.00000000    0.00584011  0.00000000
 -0.00398305  0.00792725    0.00584011  0.00000000    0.22277839  0.00000000

     Dynamical  Matrix in cartesian axes

     q = (    0.625000000  -0.625000000  -0.125000000 ) 

    1    1
  0.22277839  0.00000000   -0.00584011  0.00000000   -0.00398305 -0.00792725
 -0.00584011  0.00000000    0.22277839  0.00000000    0.00398305  0.00792725
 -0.00398305  0.00792725    0.00398305 -0.00792725    0.25586706  0.00000000
    1    2
 -0.07001111  0.01793961   -0.11229690 -0.00926294   -0.02945805  0.06817786
 -0.11229690 -0.00926294   -0.07001111  0.01793961    0.02945805 -0.06817786
 -0.02945805  0.06817786    0.02945805 -0.06817786   -0.09369217  0.01566132
    2    1
 -0.07001111 -0.01793961   -0.11229690  0.00926294   -0.02945805 -0.06817786
 -0.11229690  0.00926294   -0.07001111 -0.01793961    0.02945805  0.06817786
 -0.02945805 -0.06817786    0.02945805  0.06817786   -0.09369217 -0.01566132
    2    2
  0.22277839  0.00000000   -0.00584011  0.00000000   -0.00398305  0.00792725
 -0.00584011  0.00000000    0.22277839  0.00000000    0.00398305 -0.00792725
 -0.00398305 -0.00792725    0.00398305  0.00792725    0.25586706  0.00000000

     Diagonalizing the dynamical matrix

     q = (    0.625000000  -0.125000000   0.625000000 ) 

 **************************************************************************
     omega( 1) =       2.372695 [THz] =      79.144575 [cm-1]
 (  0.023770 -0.499435  0.000000  0.000000 -0.023770  0.499435 ) 
 (  0.500000  0.000000  0.000000  0.000000 -0.500000  0.000000 ) 
     omega( 2) =       3.436185 [THz] =     114.618798 [cm-1]
 ( -0.269176 -0.198876 -0.492053  0.184034 -0.269176 -0.198876 ) 
 ( -0.334675  0.000000 -0.286394 -0.440413 -0.334675  0.000000 ) 
     omega( 3) =       5.614708 [THz] =     187.286515 [cm-1]
 (  0.393616  0.113291 -0.292309  0.281102  0.393616  0.113291 ) 
 ( -0.409596  0.000000  0.203154  0.350986 -0.409596  0.000000 ) 
     omega( 4) =       6.656414 [THz] =     222.034079 [cm-1]
 ( -0.336000 -0.140171  0.339184 -0.346218 -0.336000 -0.140171 ) 
 ( -0.364065  0.000000  0.179737  0.450119 -0.364065  0.000000 ) 
     omega( 5) =       8.082476 [THz] =     269.602378 [cm-1]
 (  0.023770 -0.499435  0.000000  0.000000 -0.023770  0.499435 ) 
 ( -0.500000  0.000000  0.000000  0.000000  0.500000  0.000000 ) 
     omega( 6) =       8.415771 [THz] =     280.719897 [cm-1]
 ( -0.172872 -0.240407 -0.543453  0.171167 -0.172872 -0.240407 ) 
 (  0.296109  0.000000  0.178307  0.541152  0.296109  0.000000 ) 
 **************************************************************************
