Dynamical matrix file
                                                                           
  1    2  2 10.6000000  0.0000000  0.0000000  0.0000000  0.0000000  0.0000000
           1  'Ge  '    66179.9664212243     
    1    1      0.0000000      0.0000000      0.0000000
    2    1      0.2500000      0.2500000      0.2500000

     Dynamical  Matrix in cartesian axes

     q = (    0.500000000  -0.250000000   0.750000000 ) 

    1    1
  0.21906226  0.00000000   -0.00565985  0.00183279    0.00565985  0.00183279
 -0.00565985 -0.00183279    0.24072633  0.00000000   -0.00675758 -0.01265469
  0.00565985 -0.00183279   -0.00675758  0.01265469    0.24072633  0.00000000
    1    2
 -0.05478942  0.05478942   -0.09703589  0.02025926    0.02025926 -0.09703589
 -0.09703589  0.02025926   -0.05829784  0.06593641   -0.04074989  0.04074989
  0.02025926 -0.09703589   -0.04074989  0.04074989   -0.06593641  0.05829784
    2    1
 -0.05478942 -0.05478942   -0.09703589 -0.02025926    0.02025926  0.09703589
 -0.09703589 -0.02025926   -0.05829784 -0.06593641   -0.04074989 -0.04074989
  0.02025926  0.09703589   -0.04074989 -0.04074989   -0.06593641 -0.05829784
    2    2
  0.21906226  0.00000000   -0.00565985 -0.00183279    0.00565985 -0.00183279
 -0.00565985  0.00183279    0.24072633  0.00000000   -0.00675758  0.01265469
  0.00565985  0.00183279   -0.00675758 -0.01265469    0.24072633  0.00000000

     Dynamical  Matrix in cartesian axes

     q = (    0.750000000   0.250000000   0.500000000 ) 

    1    1
  0.24072633  0.00000000    0.00675758  0.01265469    0.00565985  0.00183279
  0.00675758 -0.01265469    0.24072633  0.00000000    0.00565985 -0.00183279
  0.00565985 -0.00183279    0.00565985  0.00183279    0.21906226  0.00000000
    1    2
  0.08784688 -0.00540128   -0.05762904  0.00000000   -0.08294020 -0.05428928
 -0.05762904  0.00000000    0.08784688  0.00540128   -0.08294020  0.05428928
 -0.08294020 -0.05428928   -0.08294020  0.05428928    0.07748394  0.00000000
    2    1
  0.08784688  0.00540128   -0.05762904  0.00000000   -0.08294020  0.05428928
 -0.05762904  0.00000000    0.08784688 -0.00540128   -0.08294020 -0.05428928
 -0.08294020  0.05428928   -0.08294020 -0.05428928    0.07748394  0.00000000
    2    2
  0.24072633  0.00000000    0.00675758 -0.01265469    0.00565985 -0.00183279
  0.00675758  0.01265469    0.24072633  0.00000000    0.00565985  0.00183279
  0.00565985  0.00183279    0.00565985 -0.00183279    0.21906226  0.00000000

     Dynamical  Matrix in cartesian axes

     q = (    0.500000000   0.250000000   0.750000000 ) 

    1    1
  0.21906226  0.00000000    0.00565985  0.00183279    0.00565985 -0.00183279
  0.00565985 -0.00183279    0.24072633  0.00000000    0.00675758 -0.01265469
  0.00565985  0.00183279    0.00675758  0.01265469    0.24072633  0.00000000
    1    2
  0.07748394  0.00000000   -0.08294020  0.05428928   -0.08294020 -0.05428928
 -0.08294020  0.05428928    0.08784688  0.00540128   -0.05762904  0.00000000
 -0.08294020 -0.05428928   -0.05762904  0.00000000    0.08784688 -0.00540128
    2    1
  0.07748394  0.00000000   -0.08294020 -0.05428928   -0.08294020  0.05428928
 -0.08294020 -0.05428928    0.08784688 -0.00540128   -0.05762904  0.00000000
 -0.08294020  0.05428928   -0.05762904  0.00000000    0.08784688  0.00540128
    2    2
  0.21906226  0.00000000    0.00565985 -0.00183279    0.00565985  0.00183279
  0.00565985  0.00183279    0.24072633  0.00000000    0.00675758  0.01265469
  0.00565985 -0.00183279    0.00675758 -0.01265469    0.24072633  0.00000000

     Dynamical  Matrix in cartesian axes

     q = (    0.750000000  -0.250000000  -0.500000000 ) 

    1    1
  0.24072633  0.00000000   -0.00675758 -0.01265469   -0.00565985 -0.00183279
 -0.00675758  0.01265469    0.24072633  0.00000000    0.00565985 -0.00183279
 -0.00565985  0.00183279    0.00565985  0.00183279    0.21906226  0.00000000
    1    2
 -0.05829784  0.06593641   -0.04074989  0.04074989   -0.09703589  0.02025926
 -0.04074989  0.04074989   -0.06593641  0.05829784    0.02025926 -0.09703589
 -0.09703589  0.02025926    0.02025926 -0.09703589   -0.05478942  0.05478942
    2    1
 -0.05829784 -0.06593641   -0.04074989 -0.04074989   -0.09703589 -0.02025926
 -0.04074989 -0.04074989   -0.06593641 -0.05829784    0.02025926  0.09703589
 -0.09703589 -0.02025926    0.02025926  0.09703589   -0.05478942 -0.05478942
    2    2
  0.24072633  0.00000000   -0.00675758  0.01265469   -0.00565985  0.00183279
 -0.00675758 -0.01265469    0.24072633  0.00000000    0.00565985  0.00183279
 -0.00565985 -0.00183279    0.00565985 -0.00183279    0.21906226  0.00000000

     Dynamical  Matrix in cartesian axes

     q = (    0.750000000  -0.250000000   0.500000000 ) 

    1    1
  0.24072633  0.00000000   -0.00675758  0.01265469    0.00565985 -0.00183279
 -0.00675758 -0.01265469    0.24072633  0.00000000   -0.00565985 -0.00183279
  0.00565985  0.00183279   -0.00565985  0.00183279    0.21906226  0.00000000
    1    2
 -0.06593641  0.05829784   -0.04074989  0.04074989    0.02025926 -0.09703589
 -0.04074989  0.04074989   -0.05829784  0.06593641   -0.09703589  0.02025926
  0.02025926 -0.09703589   -0.09703589  0.02025926   -0.05478942  0.05478942
    2    1
 -0.06593641 -0.05829784   -0.04074989 -0.04074989    0.02025926  0.09703589
 -0.04074989 -0.04074989   -0.05829784 -0.06593641   -0.09703589 -0.02025926
  0.02025926  0.09703589   -0.09703589 -0.02025926   -0.05478942 -0.05478942
    2    2
  0.24072633  0.00000000   -0.00675758 -0.01265469    0.00565985  0.00183279
 -0.00675758  0.01265469    0.24072633  0.00000000   -0.00565985  0.00183279
  0.00565985 -0.00183279   -0.00565985 -0.00183279    0.21906226  0.00000000

     Dynamical  Matrix in cartesian axes

     q = (   -0.750000000  -0.250000000   0.500000000 ) 

    1    1
  0.24072633  0.00000000    0.00675758  0.01265469   -0.00565985 -0.00183279
  0.00675758 -0.01265469    0.24072633  0.00000000   -0.00565985  0.00183279
 -0.00565985  0.00183279   -0.00565985 -0.00183279    0.21906226  0.00000000
    1    2
 -0.08784688  0.00540128    0.05762904  0.00000000   -0.08294020 -0.05428928
  0.05762904  0.00000000   -0.08784688 -0.00540128   -0.08294020  0.05428928
 -0.08294020 -0.05428928   -0.08294020  0.05428928   -0.07748394  0.00000000
    2    1
 -0.08784688 -0.00540128    0.05762904  0.00000000   -0.08294020  0.05428928
  0.05762904  0.00000000   -0.08784688  0.00540128   -0.08294020 -0.05428928
 -0.08294020  0.05428928   -0.08294020 -0.05428928   -0.07748394  0.00000000
    2    2
  0.24072633  0.00000000    0.00675758 -0.01265469   -0.00565985  0.00183279
  0.00675758  0.01265469    0.24072633  0.00000000   -0.00565985 -0.00183279
 -0.00565985 -0.00183279   -0.00565985  0.00183279    0.21906226  0.00000000

     Dynamical  Matrix in cartesian axes

     q = (   -0.500000000  -0.250000000  -0.750000000 ) 

    1    1
  0.21906226  0.00000000    0.00565985 -0.00183279    0.00565985  0.00183279
  0.00565985  0.00183279    0.24072633  0.00000000    0.00675758  0.01265469
  0.00565985 -0.00183279    0.00675758 -0.01265469    0.24072633  0.00000000
    1    2
  0.07748394  0.00000000   -0.08294020 -0.05428928   -0.08294020  0.05428928
 -0.08294020 -0.05428928    0.08784688 -0.00540128   -0.05762904  0.00000000
 -0.08294020  0.05428928   -0.05762904  0.00000000    0.08784688  0.00540128
    2    1
  0.07748394  0.00000000   -0.08294020  0.05428928   -0.08294020 -0.05428928
 -0.08294020  0.05428928    0.08784688  0.00540128   -0.05762904  0.00000000
 -0.08294020 -0.05428928   -0.05762904  0.00000000    0.08784688 -0.00540128
    2    2
  0.21906226  0.00000000    0.00565985  0.00183279    0.00565985 -0.00183279
  0.00565985 -0.00183279    0.24072633  0.00000000    0.00675758 -0.01265469
  0.00565985  0.00183279    0.00675758  0.01265469    0.24072633  0.00000000

     Dynamical  Matrix in cartesian axes

     q = (   -0.750000000   0.250000000  -0.500000000 ) 

    1    1
  0.24072633  0.00000000   -0.00675758 -0.01265469    0.00565985  0.00183279
 -0.00675758  0.01265469    0.24072633  0.00000000   -0.00565985  0.00183279
  0.00565985 -0.00183279   -0.00565985 -0.00183279    0.21906226  0.00000000
    1    2
 -0.06593641 -0.05829784   -0.04074989 -0.04074989    0.02025926  0.09703589
 -0.04074989 -0.04074989   -0.05829784 -0.06593641   -0.09703589 -0.02025926
  0.02025926  0.09703589   -0.09703589 -0.02025926   -0.05478942 -0.05478942
    2    1
 -0.06593641  0.05829784   -0.04074989  0.04074989    0.02025926 -0.09703589
 -0.04074989  0.04074989   -0.05829784  0.06593641   -0.09703589  0.02025926
  0.02025926 -0.09703589   -0.09703589  0.02025926   -0.05478942  0.05478942
    2    2
  0.24072633  0.00000000   -0.00675758  0.01265469    0.00565985 -0.00183279
 -0.00675758 -0.01265469    0.24072633  0.00000000   -0.00565985 -0.00183279
  0.00565985  0.00183279   -0.00565985  0.00183279    0.21906226  0.00000000

     Dynamical  Matrix in cartesian axes

     q = (   -0.500000000  -0.250000000   0.750000000 ) 

    1    1
  0.21906226  0.00000000    0.00565985  0.00183279   -0.00565985  0.00183279
  0.00565985 -0.00183279    0.24072633  0.00000000   -0.00675758  0.01265469
 -0.00565985 -0.00183279   -0.00675758 -0.01265469    0.24072633  0.00000000
    1    2
 -0.05478942  0.05478942    0.02025926 -0.09703589   -0.09703589  0.02025926
  0.02025926 -0.09703589   -0.06593641  0.05829784   -0.04074989  0.04074989
 -0.09703589  0.02025926   -0.04074989  0.04074989   -0.05829784  0.06593641
    2    1
 -0.05478942 -0.05478942    0.02025926  0.09703589   -0.09703589 -0.02025926
  0.02025926  0.09703589   -0.06593641 -0.05829784   -0.04074989 -0.04074989
 -0.09703589 -0.02025926   -0.04074989 -0.04074989   -0.05829784 -0.06593641
    2    2
  0.21906226  0.00000000    0.00565985 -0.00183279   -0.00565985 -0.00183279
  0.00565985  0.00183279    0.24072633  0.00000000   -0.00675758 -0.01265469
 -0.00565985  0.00183279   -0.00675758  0.01265469    0.24072633  0.00000000

     Dynamical  Matrix in cartesian axes

     q = (   -0.750000000   0.250000000   0.500000000 ) 

    1    1
  0.24072633  0.00000000   -0.00675758  0.01265469   -0.00565985  0.00183279
 -0.00675758 -0.01265469    0.24072633  0.00000000    0.00565985  0.00183279
 -0.00565985 -0.00183279    0.00565985 -0.00183279    0.21906226  0.00000000
    1    2
 -0.05829784 -0.06593641   -0.04074989 -0.04074989   -0.09703589 -0.02025926
 -0.04074989 -0.04074989   -0.06593641 -0.05829784    0.02025926  0.09703589
 -0.09703589 -0.02025926    0.02025926  0.09703589   -0.05478942 -0.05478942
    2    1
 -0.05829784  0.06593641   -0.04074989  0.04074989   -0.09703589  0.02025926
 -0.04074989  0.04074989   -0.06593641  0.05829784    0.02025926 -0.09703589
 -0.09703589  0.02025926    0.02025926 -0.09703589   -0.05478942  0.05478942
    2    2
  0.24072633  0.00000000   -0.00675758 -0.01265469   -0.00565985 -0.00183279
 -0.00675758  0.01265469    0.24072633  0.00000000    0.00565985 -0.00183279
 -0.00565985  0.00183279    0.00565985  0.00183279    0.21906226  0.00000000

     Dynamical  Matrix in cartesian axes

     q = (    0.750000000   0.250000000  -0.500000000 ) 

    1    1
  0.24072633  0.00000000    0.00675758 -0.01265469   -0.00565985  0.00183279
  0.00675758  0.01265469    0.24072633  0.00000000   -0.00565985 -0.00183279
 -0.00565985 -0.00183279   -0.00565985  0.00183279    0.21906226  0.00000000
    1    2
 -0.08784688 -0.00540128    0.05762904  0.00000000   -0.08294020  0.05428928
  0.05762904  0.00000000   -0.08784688  0.00540128   -0.08294020 -0.05428928
 -0.08294020  0.05428928   -0.08294020 -0.05428928   -0.07748394  0.00000000
    2    1
 -0.08784688  0.00540128    0.05762904  0.00000000   -0.08294020 -0.05428928
  0.05762904  0.00000000   -0.08784688 -0.00540128   -0.08294020  0.05428928
 -0.08294020 -0.05428928   -0.08294020  0.05428928   -0.07748394  0.00000000
    2    2
  0.24072633  0.00000000    0.00675758  0.01265469   -0.00565985 -0.00183279
  0.00675758 -0.01265469    0.24072633  0.00000000   -0.00565985  0.00183279
 -0.00565985  0.00183279   -0.00565985 -0.00183279    0.21906226  0.00000000

     Dynamical  Matrix in cartesian axes

     q = (   -0.500000000   0.250000000   0.750000000 ) 

    1    1
  0.21906226  0.00000000   -0.00565985  0.00183279   -0.00565985 -0.00183279
 -0.00565985 -0.00183279    0.24072633  0.00000000    0.00675758  0.01265469
 -0.00565985  0.00183279    0.00675758 -0.01265469    0.24072633  0.00000000
    1    2
 -0.07748394  0.00000000   -0.08294020 -0.05428928   -0.08294020  0.05428928
 -0.08294020 -0.05428928   -0.08784688  0.00540128    0.05762904  0.00000000
 -0.08294020  0.05428928    0.05762904  0.00000000   -0.08784688 -0.00540128
    2    1
 -0.07748394  0.00000000   -0.08294020  0.05428928   -0.08294020 -0.05428928
 -0.08294020  0.05428928   -0.08784688 -0.00540128    0.05762904  0.00000000
 -0.08294020 -0.05428928    0.05762904  0.00000000   -0.08784688  0.00540128
    2    2
  0.21906226  0.00000000   -0.00565985 -0.00183279   -0.00565985  0.00183279
 -0.00565985  0.00183279    0.24072633  0.00000000    0.00675758 -0.01265469
 -0.00565985 -0.00183279    0.00675758  0.01265469    0.24072633  0.00000000

     Dynamical  Matrix in cartesian axes

     q = (   -0.750000000  -0.250000000  -0.500000000 ) 

    1    1
  0.24072633  0.00000000    0.00675758 -0.01265469    0.00565985 -0.00183279
  0.00675758  0.01265469    0.24072633  0.00000000    0.00565985  0.00183279
  0.00565985  0.00183279    0.00565985 -0.00183279    0.21906226  0.00000000
    1    2
  0.08784688  0.00540128   -0.05762904  0.00000000   -0.08294020  0.05428928
 -0.05762904  0.00000000    0.08784688 -0.00540128   -0.08294020 -0.05428928
 -0.08294020  0.05428928   -0.08294020 -0.05428928    0.07748394  0.00000000
    2    1
  0.08784688 -0.00540128   -0.05762904  0.00000000   -0.08294020 -0.05428928
 -0.05762904  0.00000000    0.08784688  0.00540128   -0.08294020  0.05428928
 -0.08294020 -0.05428928   -0.08294020  0.05428928    0.07748394  0.00000000
    2    2
  0.24072633  0.00000000    0.00675758  0.01265469    0.00565985  0.00183279
  0.00675758 -0.01265469    0.24072633  0.00000000    0.00565985 -0.00183279
  0.00565985 -0.00183279    0.00565985  0.00183279    0.21906226  0.00000000

     Dynamical  Matrix in cartesian axes

     q = (    0.500000000   0.250000000  -0.750000000 ) 

    1    1
  0.21906226  0.00000000    0.00565985 -0.00183279   -0.00565985 -0.00183279
  0.00565985  0.00183279    0.24072633  0.00000000   -0.00675758 -0.01265469
 -0.00565985  0.00183279   -0.00675758  0.01265469    0.24072633  0.00000000
    1    2
 -0.05478942 -0.05478942    0.02025926  0.09703589   -0.09703589 -0.02025926
  0.02025926  0.09703589   -0.06593641 -0.05829784   -0.04074989 -0.04074989
 -0.09703589 -0.02025926   -0.04074989 -0.04074989   -0.05829784 -0.06593641
    2    1
 -0.05478942  0.05478942    0.02025926 -0.09703589   -0.09703589  0.02025926
  0.02025926 -0.09703589   -0.06593641  0.05829784   -0.04074989  0.04074989
 -0.09703589  0.02025926   -0.04074989  0.04074989   -0.05829784  0.06593641
    2    2
  0.21906226  0.00000000    0.00565985  0.00183279   -0.00565985  0.00183279
  0.00565985 -0.00183279    0.24072633  0.00000000   -0.00675758  0.01265469
 -0.00565985 -0.00183279   -0.00675758 -0.01265469    0.24072633  0.00000000

     Dynamical  Matrix in cartesian axes

     q = (   -0.500000000   0.250000000  -0.750000000 ) 

    1    1
  0.21906226  0.00000000   -0.00565985 -0.00183279    0.00565985 -0.00183279
 -0.00565985  0.00183279    0.24072633  0.00000000   -0.00675758  0.01265469
  0.00565985  0.00183279   -0.00675758 -0.01265469    0.24072633  0.00000000
    1    2
 -0.05478942 -0.05478942   -0.09703589 -0.02025926    0.02025926  0.09703589
 -0.09703589 -0.02025926   -0.05829784 -0.06593641   -0.04074989 -0.04074989
  0.02025926  0.09703589   -0.04074989 -0.04074989   -0.06593641 -0.05829784
    2    1
 -0.05478942  0.05478942   -0.09703589  0.02025926    0.02025926 -0.09703589
 -0.09703589  0.02025926   -0.05829784  0.06593641   -0.04074989  0.04074989
  0.02025926 -0.09703589   -0.04074989  0.04074989   -0.06593641  0.05829784
    2    2
  0.21906226  0.00000000   -0.00565985  0.00183279    0.00565985  0.00183279
 -0.00565985 -0.00183279    0.24072633  0.00000000   -0.00675758 -0.01265469
  0.00565985 -0.00183279   -0.00675758  0.01265469    0.24072633  0.00000000

     Dynamical  Matrix in cartesian axes

     q = (   -0.250000000   0.500000000  -0.750000000 ) 

    1    1
  0.24072633  0.00000000   -0.00565985  0.00183279    0.00675758 -0.01265469
 -0.00565985 -0.00183279    0.21906226  0.00000000   -0.00565985  0.00183279
  0.00675758  0.01265469   -0.00565985 -0.00183279    0.24072633  0.00000000
    1    2
 -0.08784688 -0.00540128   -0.08294020  0.05428928    0.05762904  0.00000000
 -0.08294020  0.05428928   -0.07748394  0.00000000   -0.08294020 -0.05428928
  0.05762904  0.00000000   -0.08294020 -0.05428928   -0.08784688  0.00540128
    2    1
 -0.08784688  0.00540128   -0.08294020 -0.05428928    0.05762904  0.00000000
 -0.08294020 -0.05428928   -0.07748394  0.00000000   -0.08294020  0.05428928
  0.05762904  0.00000000   -0.08294020  0.05428928   -0.08784688 -0.00540128
    2    2
  0.24072633  0.00000000   -0.00565985 -0.00183279    0.00675758  0.01265469
 -0.00565985  0.00183279    0.21906226  0.00000000   -0.00565985 -0.00183279
  0.00675758 -0.01265469   -0.00565985  0.00183279    0.24072633  0.00000000

     Dynamical  Matrix in cartesian axes

     q = (    0.750000000   0.500000000  -0.250000000 ) 

    1    1
  0.24072633  0.00000000    0.00565985 -0.00183279   -0.00675758  0.01265469
  0.00565985  0.00183279    0.21906226  0.00000000   -0.00565985  0.00183279
 -0.00675758 -0.01265469   -0.00565985 -0.00183279    0.24072633  0.00000000
    1    2
 -0.06593641  0.05829784    0.02025926 -0.09703589   -0.04074989  0.04074989
  0.02025926 -0.09703589   -0.05478942  0.05478942   -0.09703589  0.02025926
 -0.04074989  0.04074989   -0.09703589  0.02025926   -0.05829784  0.06593641
    2    1
 -0.06593641 -0.05829784    0.02025926  0.09703589   -0.04074989 -0.04074989
  0.02025926  0.09703589   -0.05478942 -0.05478942   -0.09703589 -0.02025926
 -0.04074989 -0.04074989   -0.09703589 -0.02025926   -0.05829784 -0.06593641
    2    2
  0.24072633  0.00000000    0.00565985  0.00183279   -0.00675758 -0.01265469
  0.00565985 -0.00183279    0.21906226  0.00000000   -0.00565985 -0.00183279
 -0.00675758  0.01265469   -0.00565985  0.00183279    0.24072633  0.00000000

     Dynamical  Matrix in cartesian axes

     q = (   -0.750000000  -0.500000000  -0.250000000 ) 

    1    1
  0.24072633  0.00000000    0.00565985 -0.00183279    0.00675758 -0.01265469
  0.00565985  0.00183279    0.21906226  0.00000000    0.00565985 -0.00183279
  0.00675758  0.01265469    0.00565985  0.00183279    0.24072633  0.00000000
    1    2
  0.08784688  0.00540128   -0.08294020  0.05428928   -0.05762904  0.00000000
 -0.08294020  0.05428928    0.07748394  0.00000000   -0.08294020 -0.05428928
 -0.05762904  0.00000000   -0.08294020 -0.05428928    0.08784688 -0.00540128
    2    1
  0.08784688 -0.00540128   -0.08294020 -0.05428928   -0.05762904  0.00000000
 -0.08294020 -0.05428928    0.07748394  0.00000000   -0.08294020  0.05428928
 -0.05762904  0.00000000   -0.08294020  0.05428928    0.08784688  0.00540128
    2    2
  0.24072633  0.00000000    0.00565985  0.00183279    0.00675758  0.01265469
  0.00565985 -0.00183279    0.21906226  0.00000000    0.00565985  0.00183279
  0.00675758 -0.01265469    0.00565985 -0.00183279    0.24072633  0.00000000

     Dynamical  Matrix in cartesian axes

     q = (   -0.750000000   0.500000000   0.250000000 ) 

    1    1
  0.24072633  0.00000000   -0.00565985  0.00183279   -0.00675758  0.01265469
 -0.00565985 -0.00183279    0.21906226  0.00000000    0.00565985 -0.00183279
 -0.00675758 -0.01265469    0.00565985  0.00183279    0.24072633  0.00000000
    1    2
 -0.05829784 -0.06593641   -0.09703589 -0.02025926   -0.04074989 -0.04074989
 -0.09703589 -0.02025926   -0.05478942 -0.05478942    0.02025926  0.09703589
 -0.04074989 -0.04074989    0.02025926  0.09703589   -0.06593641 -0.05829784
    2    1
 -0.05829784  0.06593641   -0.09703589  0.02025926   -0.04074989  0.04074989
 -0.09703589  0.02025926   -0.05478942  0.05478942    0.02025926 -0.09703589
 -0.04074989  0.04074989    0.02025926 -0.09703589   -0.06593641  0.05829784
    2    2
  0.24072633  0.00000000   -0.00565985 -0.00183279   -0.00675758 -0.01265469
 -0.00565985  0.00183279    0.21906226  0.00000000    0.00565985  0.00183279
 -0.00675758  0.01265469    0.00565985 -0.00183279    0.24072633  0.00000000

     Dynamical  Matrix in cartesian axes

     q = (    0.250000000  -0.500000000   0.750000000 ) 

    1    1
  0.24072633  0.00000000   -0.00565985 -0.00183279    0.00675758  0.01265469
 -0.00565985  0.00183279    0.21906226  0.00000000   -0.00565985 -0.00183279
  0.00675758 -0.01265469   -0.00565985  0.00183279    0.24072633  0.00000000
    1    2
 -0.08784688  0.00540128   -0.08294020 -0.05428928    0.05762904  0.00000000
 -0.08294020 -0.05428928   -0.07748394  0.00000000   -0.08294020  0.05428928
  0.05762904  0.00000000   -0.08294020  0.05428928   -0.08784688 -0.00540128
    2    1
 -0.08784688 -0.00540128   -0.08294020  0.05428928    0.05762904  0.00000000
 -0.08294020  0.05428928   -0.07748394  0.00000000   -0.08294020 -0.05428928
  0.05762904  0.00000000   -0.08294020 -0.05428928   -0.08784688  0.00540128
    2    2
  0.24072633  0.00000000   -0.00565985  0.00183279    0.00675758 -0.01265469
 -0.00565985 -0.00183279    0.21906226  0.00000000   -0.00565985  0.00183279
  0.00675758  0.01265469   -0.00565985 -0.00183279    0.24072633  0.00000000

     Dynamical  Matrix in cartesian axes

     q = (   -0.250000000   0.500000000   0.750000000 ) 

    1    1
  0.24072633  0.00000000   -0.00565985 -0.00183279   -0.00675758 -0.01265469
 -0.00565985  0.00183279    0.21906226  0.00000000    0.00565985  0.00183279
 -0.00675758  0.01265469    0.00565985 -0.00183279    0.24072633  0.00000000
    1    2
 -0.05829784  0.06593641   -0.09703589  0.02025926   -0.04074989  0.04074989
 -0.09703589  0.02025926   -0.05478942  0.05478942    0.02025926 -0.09703589
 -0.04074989  0.04074989    0.02025926 -0.09703589   -0.06593641  0.05829784
    2    1
 -0.05829784 -0.06593641   -0.09703589 -0.02025926   -0.04074989 -0.04074989
 -0.09703589 -0.02025926   -0.05478942 -0.05478942    0.02025926  0.09703589
 -0.04074989 -0.04074989    0.02025926  0.09703589   -0.06593641 -0.05829784
    2    2
  0.24072633  0.00000000   -0.00565985  0.00183279   -0.00675758  0.01265469
 -0.00565985 -0.00183279    0.21906226  0.00000000    0.00565985 -0.00183279
 -0.00675758 -0.01265469    0.00565985  0.00183279    0.24072633  0.00000000

     Dynamical  Matrix in cartesian axes

     q = (    0.250000000   0.500000000  -0.750000000 ) 

    1    1
  0.24072633  0.00000000    0.00565985  0.00183279   -0.00675758 -0.01265469
  0.00565985 -0.00183279    0.21906226  0.00000000   -0.00565985 -0.00183279
 -0.00675758  0.01265469   -0.00565985  0.00183279    0.24072633  0.00000000
    1    2
 -0.06593641 -0.05829784    0.02025926  0.09703589   -0.04074989 -0.04074989
  0.02025926  0.09703589   -0.05478942 -0.05478942   -0.09703589 -0.02025926
 -0.04074989 -0.04074989   -0.09703589 -0.02025926   -0.05829784 -0.06593641
    2    1
 -0.06593641  0.05829784    0.02025926 -0.09703589   -0.04074989  0.04074989
  0.02025926 -0.09703589   -0.05478942  0.05478942   -0.09703589  0.02025926
 -0.04074989  0.04074989   -0.09703589  0.02025926   -0.05829784  0.06593641
    2    2
  0.24072633  0.00000000    0.00565985 -0.00183279   -0.00675758  0.01265469
  0.00565985  0.00183279    0.21906226  0.00000000   -0.00565985  0.00183279
 -0.00675758 -0.01265469   -0.00565985 -0.00183279    0.24072633  0.00000000

     Dynamical  Matrix in cartesian axes

     q = (   -0.250000000  -0.500000000  -0.750000000 ) 

    1    1
  0.24072633  0.00000000    0.00565985  0.00183279    0.00675758  0.01265469
  0.00565985 -0.00183279    0.21906226  0.00000000    0.00565985  0.00183279
  0.00675758 -0.01265469    0.00565985 -0.00183279    0.24072633  0.00000000
    1    2
  0.08784688 -0.00540128   -0.08294020 -0.05428928   -0.05762904  0.00000000
 -0.08294020 -0.05428928    0.07748394  0.00000000   -0.08294020  0.05428928
 -0.05762904  0.00000000   -0.08294020  0.05428928    0.08784688  0.00540128
    2    1
  0.08784688  0.00540128   -0.08294020  0.05428928   -0.05762904  0.00000000
 -0.08294020  0.05428928    0.07748394  0.00000000   -0.08294020 -0.05428928
 -0.05762904  0.00000000   -0.08294020 -0.05428928    0.08784688 -0.00540128
    2    2
  0.24072633  0.00000000    0.00565985 -0.00183279    0.00675758 -0.01265469
  0.00565985  0.00183279    0.21906226  0.00000000    0.00565985 -0.00183279
  0.00675758  0.01265469    0.00565985  0.00183279    0.24072633  0.00000000

     Dynamical  Matrix in cartesian axes

     q = (    0.500000000  -0.250000000  -0.750000000 ) 

    1    1
  0.21906226  0.00000000   -0.00565985 -0.00183279   -0.00565985  0.00183279
 -0.00565985  0.00183279    0.24072633  0.00000000    0.00675758 -0.01265469
 -0.00565985 -0.00183279    0.00675758  0.01265469    0.24072633  0.00000000
    1    2
 -0.07748394  0.00000000   -0.08294020  0.05428928   -0.08294020 -0.05428928
 -0.08294020  0.05428928   -0.08784688 -0.00540128    0.05762904  0.00000000
 -0.08294020 -0.05428928    0.05762904  0.00000000   -0.08784688  0.00540128
    2    1
 -0.07748394  0.00000000   -0.08294020 -0.05428928   -0.08294020  0.05428928
 -0.08294020 -0.05428928   -0.08784688  0.00540128    0.05762904  0.00000000
 -0.08294020  0.05428928    0.05762904  0.00000000   -0.08784688 -0.00540128
    2    2
  0.21906226  0.00000000   -0.00565985  0.00183279   -0.00565985 -0.00183279
 -0.00565985 -0.00183279    0.24072633  0.00000000    0.00675758  0.01265469
 -0.00565985  0.00183279    0.00675758 -0.01265469    0.24072633  0.00000000

     Diagonalizing the dynamical matrix

     q = (    0.500000000  -0.250000000   0.750000000 ) 

 **************************************************************************
     omega( 1) =       2.554914 [THz] =      85.222772 [cm-1]
 ( -0.278678  0.503434 -0.205482  0.205482  0.065043 -0.283223 ) 
 ( -0.553037  0.158926 -0.246262  0.154277  0.290596  0.000000 ) 
     omega( 2) =       3.151483 [THz] =     105.122151 [cm-1]
 (  0.148414  0.206266  0.329935 -0.329935  0.417675 -0.207993 ) 
 (  0.040907 -0.250797  0.442414  0.148268  0.466598  0.000000 ) 
     omega( 3) =       5.629489 [THz] =     187.779526 [cm-1]
 (  0.369131 -0.139653 -0.293360  0.293360  0.414075  0.025715 ) 
 ( -0.359765 -0.162265  0.274612  0.310979 -0.414873  0.000000 ) 
     omega( 4) =       6.730606 [THz] =     224.508835 [cm-1]
 (  0.298443 -0.071328 -0.318529  0.318529  0.428136  0.140077 ) 
 (  0.261468  0.160595 -0.203689 -0.401787  0.450469  0.000000 ) 
     omega( 5) =       8.170773 [THz] =     272.547637 [cm-1]
 ( -0.252755  0.464524 -0.234698  0.234698  0.069590 -0.324536 ) 
 (  0.507192 -0.149743  0.278689 -0.180274 -0.331913  0.000000 ) 
     omega( 6) =       8.301267 [THz] =     276.900446 [cm-1]
 ( -0.115928 -0.247582 -0.326061  0.326061 -0.459236  0.041645 ) 
 (  0.093094 -0.257040  0.354177  0.295281  0.461120  0.000000 ) 
 **************************************************************************
