Dynamical matrix file
                                                                           
  1    2  2 10.6000000  0.0000000  0.0000000  0.0000000  0.0000000  0.0000000
           1  'Ge  '    66179.9664212243     
    1    1      0.0000000      0.0000000      0.0000000
    2    1      0.2500000      0.2500000      0.2500000

     Dynamical  Matrix in cartesian axes

     q = (   -0.250000000   0.500000000  -0.250000000 ) 

    1    1
  0.23120205  0.00000000   -0.00936269  0.00591658    0.00742212  0.00000000
 -0.00936269 -0.00591658    0.25556002  0.00000000   -0.00936269 -0.00591658
  0.00742212  0.00000000   -0.00936269  0.00591658    0.23120205  0.00000000
    1    2
 -0.13903057  0.02844110   -0.03803119  0.03867431    0.01899368 -0.09321864
 -0.03803119  0.03867431   -0.14528601  0.03861043   -0.03803119  0.03867431
  0.01899368 -0.09321864   -0.03803119  0.03867431   -0.13903057  0.02844110
    2    1
 -0.13903057 -0.02844110   -0.03803119 -0.03867431    0.01899368  0.09321864
 -0.03803119 -0.03867431   -0.14528601 -0.03861043   -0.03803119 -0.03867431
  0.01899368  0.09321864   -0.03803119 -0.03867431   -0.13903057 -0.02844110
    2    2
  0.23120205  0.00000000   -0.00936269 -0.00591658    0.00742212  0.00000000
 -0.00936269  0.00591658    0.25556002  0.00000000   -0.00936269  0.00591658
  0.00742212  0.00000000   -0.00936269 -0.00591658    0.23120205  0.00000000

     Dynamical  Matrix in cartesian axes

     q = (   -0.250000000   0.500000000   0.250000000 ) 

    1    1
  0.23120205  0.00000000   -0.00936269 -0.00591658   -0.00742212  0.00000000
 -0.00936269  0.00591658    0.25556002  0.00000000    0.00936269 -0.00591658
 -0.00742212  0.00000000    0.00936269  0.00591658    0.23120205  0.00000000
    1    2
 -0.11842035  0.07819856   -0.05423898 -0.00045475   -0.07934609 -0.05248497
 -0.05423898 -0.00045475   -0.13003441  0.07543103    0.05423898  0.00045475
 -0.07934609 -0.05248497    0.05423898  0.00045475   -0.11842035  0.07819856
    2    1
 -0.11842035 -0.07819856   -0.05423898  0.00045475   -0.07934609  0.05248497
 -0.05423898  0.00045475   -0.13003441 -0.07543103    0.05423898 -0.00045475
 -0.07934609  0.05248497    0.05423898 -0.00045475   -0.11842035 -0.07819856
    2    2
  0.23120205  0.00000000   -0.00936269  0.00591658   -0.00742212  0.00000000
 -0.00936269 -0.00591658    0.25556002  0.00000000    0.00936269  0.00591658
 -0.00742212  0.00000000    0.00936269 -0.00591658    0.23120205  0.00000000

     Dynamical  Matrix in cartesian axes

     q = (    0.250000000   0.500000000  -0.250000000 ) 

    1    1
  0.23120205  0.00000000    0.00936269  0.00591658   -0.00742212  0.00000000
  0.00936269 -0.00591658    0.25556002  0.00000000   -0.00936269  0.00591658
 -0.00742212  0.00000000   -0.00936269 -0.00591658    0.23120205  0.00000000
    1    2
 -0.11842035  0.07819856    0.05423898  0.00045475   -0.07934609 -0.05248497
  0.05423898  0.00045475   -0.13003441  0.07543103   -0.05423898 -0.00045475
 -0.07934609 -0.05248497   -0.05423898 -0.00045475   -0.11842035  0.07819856
    2    1
 -0.11842035 -0.07819856    0.05423898 -0.00045475   -0.07934609  0.05248497
  0.05423898 -0.00045475   -0.13003441 -0.07543103   -0.05423898  0.00045475
 -0.07934609  0.05248497   -0.05423898  0.00045475   -0.11842035 -0.07819856
    2    2
  0.23120205  0.00000000    0.00936269 -0.00591658   -0.00742212  0.00000000
  0.00936269  0.00591658    0.25556002  0.00000000   -0.00936269 -0.00591658
 -0.00742212  0.00000000   -0.00936269  0.00591658    0.23120205  0.00000000

     Dynamical  Matrix in cartesian axes

     q = (    0.250000000   0.500000000   0.250000000 ) 

    1    1
  0.23120205  0.00000000    0.00936269 -0.00591658    0.00742212  0.00000000
  0.00936269  0.00591658    0.25556002  0.00000000    0.00936269  0.00591658
  0.00742212  0.00000000    0.00936269 -0.00591658    0.23120205  0.00000000
    1    2
  0.02844110  0.13903057   -0.03867431 -0.03803119   -0.09321864 -0.01899368
 -0.03867431 -0.03803119    0.03861043  0.14528601   -0.03867431 -0.03803119
 -0.09321864 -0.01899368   -0.03867431 -0.03803119    0.02844110  0.13903057
    2    1
  0.02844110 -0.13903057   -0.03867431  0.03803119   -0.09321864  0.01899368
 -0.03867431  0.03803119    0.03861043 -0.14528601   -0.03867431  0.03803119
 -0.09321864  0.01899368   -0.03867431  0.03803119    0.02844110 -0.13903057
    2    2
  0.23120205  0.00000000    0.00936269  0.00591658    0.00742212  0.00000000
  0.00936269 -0.00591658    0.25556002  0.00000000    0.00936269 -0.00591658
  0.00742212  0.00000000    0.00936269  0.00591658    0.23120205  0.00000000

     Dynamical  Matrix in cartesian axes

     q = (    0.250000000  -0.500000000   0.250000000 ) 

    1    1
  0.23120205  0.00000000   -0.00936269 -0.00591658    0.00742212  0.00000000
 -0.00936269  0.00591658    0.25556002  0.00000000   -0.00936269  0.00591658
  0.00742212  0.00000000   -0.00936269 -0.00591658    0.23120205  0.00000000
    1    2
 -0.13903057 -0.02844110   -0.03803119 -0.03867431    0.01899368  0.09321864
 -0.03803119 -0.03867431   -0.14528601 -0.03861043   -0.03803119 -0.03867431
  0.01899368  0.09321864   -0.03803119 -0.03867431   -0.13903057 -0.02844110
    2    1
 -0.13903057  0.02844110   -0.03803119  0.03867431    0.01899368 -0.09321864
 -0.03803119  0.03867431   -0.14528601  0.03861043   -0.03803119  0.03867431
  0.01899368 -0.09321864   -0.03803119  0.03867431   -0.13903057  0.02844110
    2    2
  0.23120205  0.00000000   -0.00936269  0.00591658    0.00742212  0.00000000
 -0.00936269 -0.00591658    0.25556002  0.00000000   -0.00936269 -0.00591658
  0.00742212  0.00000000   -0.00936269  0.00591658    0.23120205  0.00000000

     Dynamical  Matrix in cartesian axes

     q = (    0.500000000  -0.250000000   0.250000000 ) 

    1    1
  0.25556002  0.00000000   -0.00936269  0.00591658    0.00936269 -0.00591658
 -0.00936269 -0.00591658    0.23120205  0.00000000   -0.00742212  0.00000000
  0.00936269  0.00591658   -0.00742212  0.00000000    0.23120205  0.00000000
    1    2
 -0.13003441  0.07543103   -0.05423898 -0.00045475    0.05423898  0.00045475
 -0.05423898 -0.00045475   -0.11842035  0.07819856   -0.07934609 -0.05248497
  0.05423898  0.00045475   -0.07934609 -0.05248497   -0.11842035  0.07819856
    2    1
 -0.13003441 -0.07543103   -0.05423898  0.00045475    0.05423898 -0.00045475
 -0.05423898  0.00045475   -0.11842035 -0.07819856   -0.07934609  0.05248497
  0.05423898 -0.00045475   -0.07934609  0.05248497   -0.11842035 -0.07819856
    2    2
  0.25556002  0.00000000   -0.00936269 -0.00591658    0.00936269  0.00591658
 -0.00936269  0.00591658    0.23120205  0.00000000   -0.00742212  0.00000000
  0.00936269 -0.00591658   -0.00742212  0.00000000    0.23120205  0.00000000

     Dynamical  Matrix in cartesian axes

     q = (    0.250000000  -0.250000000   0.500000000 ) 

    1    1
  0.23120205  0.00000000   -0.00742212  0.00000000    0.00936269  0.00591658
 -0.00742212  0.00000000    0.23120205  0.00000000   -0.00936269 -0.00591658
  0.00936269 -0.00591658   -0.00936269  0.00591658    0.25556002  0.00000000
    1    2
 -0.11842035  0.07819856   -0.07934609 -0.05248497    0.05423898  0.00045475
 -0.07934609 -0.05248497   -0.11842035  0.07819856   -0.05423898 -0.00045475
  0.05423898  0.00045475   -0.05423898 -0.00045475   -0.13003441  0.07543103
    2    1
 -0.11842035 -0.07819856   -0.07934609  0.05248497    0.05423898 -0.00045475
 -0.07934609  0.05248497   -0.11842035 -0.07819856   -0.05423898  0.00045475
  0.05423898 -0.00045475   -0.05423898  0.00045475   -0.13003441 -0.07543103
    2    2
  0.23120205  0.00000000   -0.00742212  0.00000000    0.00936269 -0.00591658
 -0.00742212  0.00000000    0.23120205  0.00000000   -0.00936269  0.00591658
  0.00936269  0.00591658   -0.00936269 -0.00591658    0.25556002  0.00000000

     Dynamical  Matrix in cartesian axes

     q = (   -0.250000000  -0.500000000  -0.250000000 ) 

    1    1
  0.23120205  0.00000000    0.00936269  0.00591658    0.00742212  0.00000000
  0.00936269 -0.00591658    0.25556002  0.00000000    0.00936269 -0.00591658
  0.00742212  0.00000000    0.00936269  0.00591658    0.23120205  0.00000000
    1    2
  0.02844110 -0.13903057   -0.03867431  0.03803119   -0.09321864  0.01899368
 -0.03867431  0.03803119    0.03861043 -0.14528601   -0.03867431  0.03803119
 -0.09321864  0.01899368   -0.03867431  0.03803119    0.02844110 -0.13903057
    2    1
  0.02844110  0.13903057   -0.03867431 -0.03803119   -0.09321864 -0.01899368
 -0.03867431 -0.03803119    0.03861043  0.14528601   -0.03867431 -0.03803119
 -0.09321864 -0.01899368   -0.03867431 -0.03803119    0.02844110  0.13903057
    2    2
  0.23120205  0.00000000    0.00936269 -0.00591658    0.00742212  0.00000000
  0.00936269  0.00591658    0.25556002  0.00000000    0.00936269  0.00591658
  0.00742212  0.00000000    0.00936269 -0.00591658    0.23120205  0.00000000

     Dynamical  Matrix in cartesian axes

     q = (    0.250000000  -0.500000000  -0.250000000 ) 

    1    1
  0.23120205  0.00000000   -0.00936269  0.00591658   -0.00742212  0.00000000
 -0.00936269 -0.00591658    0.25556002  0.00000000    0.00936269  0.00591658
 -0.00742212  0.00000000    0.00936269 -0.00591658    0.23120205  0.00000000
    1    2
 -0.11842035 -0.07819856   -0.05423898  0.00045475   -0.07934609  0.05248497
 -0.05423898  0.00045475   -0.13003441 -0.07543103    0.05423898 -0.00045475
 -0.07934609  0.05248497    0.05423898 -0.00045475   -0.11842035 -0.07819856
    2    1
 -0.11842035  0.07819856   -0.05423898 -0.00045475   -0.07934609 -0.05248497
 -0.05423898 -0.00045475   -0.13003441  0.07543103    0.05423898  0.00045475
 -0.07934609 -0.05248497    0.05423898  0.00045475   -0.11842035  0.07819856
    2    2
  0.23120205  0.00000000   -0.00936269 -0.00591658   -0.00742212  0.00000000
 -0.00936269  0.00591658    0.25556002  0.00000000    0.00936269 -0.00591658
 -0.00742212  0.00000000    0.00936269  0.00591658    0.23120205  0.00000000

     Dynamical  Matrix in cartesian axes

     q = (   -0.250000000  -0.500000000   0.250000000 ) 

    1    1
  0.23120205  0.00000000    0.00936269 -0.00591658   -0.00742212  0.00000000
  0.00936269  0.00591658    0.25556002  0.00000000   -0.00936269 -0.00591658
 -0.00742212  0.00000000   -0.00936269  0.00591658    0.23120205  0.00000000
    1    2
 -0.11842035 -0.07819856    0.05423898 -0.00045475   -0.07934609  0.05248497
  0.05423898 -0.00045475   -0.13003441 -0.07543103   -0.05423898  0.00045475
 -0.07934609  0.05248497   -0.05423898  0.00045475   -0.11842035 -0.07819856
    2    1
 -0.11842035  0.07819856    0.05423898  0.00045475   -0.07934609 -0.05248497
  0.05423898  0.00045475   -0.13003441  0.07543103   -0.05423898 -0.00045475
 -0.07934609 -0.05248497   -0.05423898 -0.00045475   -0.11842035  0.07819856
    2    2
  0.23120205  0.00000000    0.00936269  0.00591658   -0.00742212  0.00000000
  0.00936269 -0.00591658    0.25556002  0.00000000   -0.00936269  0.00591658
 -0.00742212  0.00000000   -0.00936269 -0.00591658    0.23120205  0.00000000

     Dynamical  Matrix in cartesian axes

     q = (    0.250000000  -0.250000000  -0.500000000 ) 

    1    1
  0.23120205  0.00000000   -0.00742212  0.00000000   -0.00936269  0.00591658
 -0.00742212  0.00000000    0.23120205  0.00000000    0.00936269 -0.00591658
 -0.00936269 -0.00591658    0.00936269  0.00591658    0.25556002  0.00000000
    1    2
 -0.11842035 -0.07819856   -0.07934609  0.05248497   -0.05423898  0.00045475
 -0.07934609  0.05248497   -0.11842035 -0.07819856    0.05423898 -0.00045475
 -0.05423898  0.00045475    0.05423898 -0.00045475   -0.13003441 -0.07543103
    2    1
 -0.11842035  0.07819856   -0.07934609 -0.05248497   -0.05423898 -0.00045475
 -0.07934609 -0.05248497   -0.11842035  0.07819856    0.05423898  0.00045475
 -0.05423898 -0.00045475    0.05423898  0.00045475   -0.13003441  0.07543103
    2    2
  0.23120205  0.00000000   -0.00742212  0.00000000   -0.00936269 -0.00591658
 -0.00742212  0.00000000    0.23120205  0.00000000    0.00936269  0.00591658
 -0.00936269  0.00591658    0.00936269 -0.00591658    0.25556002  0.00000000

     Dynamical  Matrix in cartesian axes

     q = (    0.500000000  -0.250000000  -0.250000000 ) 

    1    1
  0.25556002  0.00000000   -0.00936269 -0.00591658   -0.00936269 -0.00591658
 -0.00936269  0.00591658    0.23120205  0.00000000    0.00742212  0.00000000
 -0.00936269  0.00591658    0.00742212  0.00000000    0.23120205  0.00000000
    1    2
 -0.14528601  0.03861043   -0.03803119  0.03867431   -0.03803119  0.03867431
 -0.03803119  0.03867431   -0.13903057  0.02844110    0.01899368 -0.09321864
 -0.03803119  0.03867431    0.01899368 -0.09321864   -0.13903057  0.02844110
    2    1
 -0.14528601 -0.03861043   -0.03803119 -0.03867431   -0.03803119 -0.03867431
 -0.03803119 -0.03867431   -0.13903057 -0.02844110    0.01899368  0.09321864
 -0.03803119 -0.03867431    0.01899368  0.09321864   -0.13903057 -0.02844110
    2    2
  0.25556002  0.00000000   -0.00936269  0.00591658   -0.00936269  0.00591658
 -0.00936269 -0.00591658    0.23120205  0.00000000    0.00742212  0.00000000
 -0.00936269 -0.00591658    0.00742212  0.00000000    0.23120205  0.00000000

     Dynamical  Matrix in cartesian axes

     q = (   -0.500000000  -0.250000000   0.250000000 ) 

    1    1
  0.25556002  0.00000000    0.00936269  0.00591658   -0.00936269 -0.00591658
  0.00936269 -0.00591658    0.23120205  0.00000000   -0.00742212  0.00000000
 -0.00936269  0.00591658   -0.00742212  0.00000000    0.23120205  0.00000000
    1    2
 -0.13003441 -0.07543103    0.05423898 -0.00045475   -0.05423898  0.00045475
  0.05423898 -0.00045475   -0.11842035 -0.07819856   -0.07934609  0.05248497
 -0.05423898  0.00045475   -0.07934609  0.05248497   -0.11842035 -0.07819856
    2    1
 -0.13003441  0.07543103    0.05423898  0.00045475   -0.05423898 -0.00045475
  0.05423898  0.00045475   -0.11842035  0.07819856   -0.07934609 -0.05248497
 -0.05423898 -0.00045475   -0.07934609 -0.05248497   -0.11842035  0.07819856
    2    2
  0.25556002  0.00000000    0.00936269 -0.00591658   -0.00936269  0.00591658
  0.00936269  0.00591658    0.23120205  0.00000000   -0.00742212  0.00000000
 -0.00936269 -0.00591658   -0.00742212  0.00000000    0.23120205  0.00000000

     Dynamical  Matrix in cartesian axes

     q = (    0.500000000   0.250000000   0.250000000 ) 

    1    1
  0.25556002  0.00000000    0.00936269  0.00591658    0.00936269  0.00591658
  0.00936269 -0.00591658    0.23120205  0.00000000    0.00742212  0.00000000
  0.00936269 -0.00591658    0.00742212  0.00000000    0.23120205  0.00000000
    1    2
  0.03861043  0.14528601   -0.03867431 -0.03803119   -0.03867431 -0.03803119
 -0.03867431 -0.03803119    0.02844110  0.13903057   -0.09321864 -0.01899368
 -0.03867431 -0.03803119   -0.09321864 -0.01899368    0.02844110  0.13903057
    2    1
  0.03861043 -0.14528601   -0.03867431  0.03803119   -0.03867431  0.03803119
 -0.03867431  0.03803119    0.02844110 -0.13903057   -0.09321864  0.01899368
 -0.03867431  0.03803119   -0.09321864  0.01899368    0.02844110 -0.13903057
    2    2
  0.25556002  0.00000000    0.00936269 -0.00591658    0.00936269 -0.00591658
  0.00936269  0.00591658    0.23120205  0.00000000    0.00742212  0.00000000
  0.00936269  0.00591658    0.00742212  0.00000000    0.23120205  0.00000000

     Dynamical  Matrix in cartesian axes

     q = (   -0.250000000  -0.250000000   0.500000000 ) 

    1    1
  0.23120205  0.00000000    0.00742212  0.00000000   -0.00936269  0.00591658
  0.00742212  0.00000000    0.23120205  0.00000000   -0.00936269  0.00591658
 -0.00936269 -0.00591658   -0.00936269 -0.00591658    0.25556002  0.00000000
    1    2
 -0.13903057  0.02844110    0.01899368 -0.09321864   -0.03803119  0.03867431
  0.01899368 -0.09321864   -0.13903057  0.02844110   -0.03803119  0.03867431
 -0.03803119  0.03867431   -0.03803119  0.03867431   -0.14528601  0.03861043
    2    1
 -0.13903057 -0.02844110    0.01899368  0.09321864   -0.03803119 -0.03867431
  0.01899368  0.09321864   -0.13903057 -0.02844110   -0.03803119 -0.03867431
 -0.03803119 -0.03867431   -0.03803119 -0.03867431   -0.14528601 -0.03861043
    2    2
  0.23120205  0.00000000    0.00742212  0.00000000   -0.00936269 -0.00591658
  0.00742212  0.00000000    0.23120205  0.00000000   -0.00936269 -0.00591658
 -0.00936269  0.00591658   -0.00936269  0.00591658    0.25556002  0.00000000

     Dynamical  Matrix in cartesian axes

     q = (    0.250000000   0.250000000   0.500000000 ) 

    1    1
  0.23120205  0.00000000    0.00742212  0.00000000    0.00936269 -0.00591658
  0.00742212  0.00000000    0.23120205  0.00000000    0.00936269 -0.00591658
  0.00936269  0.00591658    0.00936269  0.00591658    0.25556002  0.00000000
    1    2
  0.02844110  0.13903057   -0.09321864 -0.01899368   -0.03867431 -0.03803119
 -0.09321864 -0.01899368    0.02844110  0.13903057   -0.03867431 -0.03803119
 -0.03867431 -0.03803119   -0.03867431 -0.03803119    0.03861043  0.14528601
    2    1
  0.02844110 -0.13903057   -0.09321864  0.01899368   -0.03867431  0.03803119
 -0.09321864  0.01899368    0.02844110 -0.13903057   -0.03867431  0.03803119
 -0.03867431  0.03803119   -0.03867431  0.03803119    0.03861043 -0.14528601
    2    2
  0.23120205  0.00000000    0.00742212  0.00000000    0.00936269  0.00591658
  0.00742212  0.00000000    0.23120205  0.00000000    0.00936269  0.00591658
  0.00936269 -0.00591658    0.00936269 -0.00591658    0.25556002  0.00000000

     Dynamical  Matrix in cartesian axes

     q = (   -0.500000000   0.250000000  -0.250000000 ) 

    1    1
  0.25556002  0.00000000   -0.00936269 -0.00591658    0.00936269  0.00591658
 -0.00936269  0.00591658    0.23120205  0.00000000   -0.00742212  0.00000000
  0.00936269 -0.00591658   -0.00742212  0.00000000    0.23120205  0.00000000
    1    2
 -0.13003441 -0.07543103   -0.05423898  0.00045475    0.05423898 -0.00045475
 -0.05423898  0.00045475   -0.11842035 -0.07819856   -0.07934609  0.05248497
  0.05423898 -0.00045475   -0.07934609  0.05248497   -0.11842035 -0.07819856
    2    1
 -0.13003441  0.07543103   -0.05423898 -0.00045475    0.05423898  0.00045475
 -0.05423898 -0.00045475   -0.11842035  0.07819856   -0.07934609 -0.05248497
  0.05423898  0.00045475   -0.07934609 -0.05248497   -0.11842035  0.07819856
    2    2
  0.25556002  0.00000000   -0.00936269  0.00591658    0.00936269 -0.00591658
 -0.00936269 -0.00591658    0.23120205  0.00000000   -0.00742212  0.00000000
  0.00936269  0.00591658   -0.00742212  0.00000000    0.23120205  0.00000000

     Dynamical  Matrix in cartesian axes

     q = (   -0.250000000   0.250000000  -0.500000000 ) 

    1    1
  0.23120205  0.00000000   -0.00742212  0.00000000    0.00936269 -0.00591658
 -0.00742212  0.00000000    0.23120205  0.00000000   -0.00936269  0.00591658
  0.00936269  0.00591658   -0.00936269 -0.00591658    0.25556002  0.00000000
    1    2
 -0.11842035 -0.07819856   -0.07934609  0.05248497    0.05423898 -0.00045475
 -0.07934609  0.05248497   -0.11842035 -0.07819856   -0.05423898  0.00045475
  0.05423898 -0.00045475   -0.05423898  0.00045475   -0.13003441 -0.07543103
    2    1
 -0.11842035  0.07819856   -0.07934609 -0.05248497    0.05423898  0.00045475
 -0.07934609 -0.05248497   -0.11842035  0.07819856   -0.05423898 -0.00045475
  0.05423898  0.00045475   -0.05423898 -0.00045475   -0.13003441  0.07543103
    2    2
  0.23120205  0.00000000   -0.00742212  0.00000000    0.00936269  0.00591658
 -0.00742212  0.00000000    0.23120205  0.00000000   -0.00936269 -0.00591658
  0.00936269 -0.00591658   -0.00936269  0.00591658    0.25556002  0.00000000

     Dynamical  Matrix in cartesian axes

     q = (   -0.500000000  -0.250000000  -0.250000000 ) 

    1    1
  0.25556002  0.00000000    0.00936269 -0.00591658    0.00936269 -0.00591658
  0.00936269  0.00591658    0.23120205  0.00000000    0.00742212  0.00000000
  0.00936269  0.00591658    0.00742212  0.00000000    0.23120205  0.00000000
    1    2
  0.03861043 -0.14528601   -0.03867431  0.03803119   -0.03867431  0.03803119
 -0.03867431  0.03803119    0.02844110 -0.13903057   -0.09321864  0.01899368
 -0.03867431  0.03803119   -0.09321864  0.01899368    0.02844110 -0.13903057
    2    1
  0.03861043  0.14528601   -0.03867431 -0.03803119   -0.03867431 -0.03803119
 -0.03867431 -0.03803119    0.02844110  0.13903057   -0.09321864 -0.01899368
 -0.03867431 -0.03803119   -0.09321864 -0.01899368    0.02844110  0.13903057
    2    2
  0.25556002  0.00000000    0.00936269  0.00591658    0.00936269  0.00591658
  0.00936269 -0.00591658    0.23120205  0.00000000    0.00742212  0.00000000
  0.00936269 -0.00591658    0.00742212  0.00000000    0.23120205  0.00000000

     Dynamical  Matrix in cartesian axes

     q = (    0.250000000   0.250000000  -0.500000000 ) 

    1    1
  0.23120205  0.00000000    0.00742212  0.00000000   -0.00936269 -0.00591658
  0.00742212  0.00000000    0.23120205  0.00000000   -0.00936269 -0.00591658
 -0.00936269  0.00591658   -0.00936269  0.00591658    0.25556002  0.00000000
    1    2
 -0.13903057 -0.02844110    0.01899368  0.09321864   -0.03803119 -0.03867431
  0.01899368  0.09321864   -0.13903057 -0.02844110   -0.03803119 -0.03867431
 -0.03803119 -0.03867431   -0.03803119 -0.03867431   -0.14528601 -0.03861043
    2    1
 -0.13903057  0.02844110    0.01899368 -0.09321864   -0.03803119  0.03867431
  0.01899368 -0.09321864   -0.13903057  0.02844110   -0.03803119  0.03867431
 -0.03803119  0.03867431   -0.03803119  0.03867431   -0.14528601  0.03861043
    2    2
  0.23120205  0.00000000    0.00742212  0.00000000   -0.00936269  0.00591658
  0.00742212  0.00000000    0.23120205  0.00000000   -0.00936269  0.00591658
 -0.00936269 -0.00591658   -0.00936269 -0.00591658    0.25556002  0.00000000

     Dynamical  Matrix in cartesian axes

     q = (    0.500000000   0.250000000  -0.250000000 ) 

    1    1
  0.25556002  0.00000000    0.00936269 -0.00591658   -0.00936269  0.00591658
  0.00936269  0.00591658    0.23120205  0.00000000   -0.00742212  0.00000000
 -0.00936269 -0.00591658   -0.00742212  0.00000000    0.23120205  0.00000000
    1    2
 -0.13003441  0.07543103    0.05423898  0.00045475   -0.05423898 -0.00045475
  0.05423898  0.00045475   -0.11842035  0.07819856   -0.07934609 -0.05248497
 -0.05423898 -0.00045475   -0.07934609 -0.05248497   -0.11842035  0.07819856
    2    1
 -0.13003441 -0.07543103    0.05423898 -0.00045475   -0.05423898  0.00045475
  0.05423898 -0.00045475   -0.11842035 -0.07819856   -0.07934609  0.05248497
 -0.05423898  0.00045475   -0.07934609  0.05248497   -0.11842035 -0.07819856
    2    2
  0.25556002  0.00000000    0.00936269  0.00591658   -0.00936269 -0.00591658
  0.00936269 -0.00591658    0.23120205  0.00000000   -0.00742212  0.00000000
 -0.00936269  0.00591658   -0.00742212  0.00000000    0.23120205  0.00000000

     Dynamical  Matrix in cartesian axes

     q = (   -0.250000000  -0.250000000  -0.500000000 ) 

    1    1
  0.23120205  0.00000000    0.00742212  0.00000000    0.00936269  0.00591658
  0.00742212  0.00000000    0.23120205  0.00000000    0.00936269  0.00591658
  0.00936269 -0.00591658    0.00936269 -0.00591658    0.25556002  0.00000000
    1    2
  0.02844110 -0.13903057   -0.09321864  0.01899368   -0.03867431  0.03803119
 -0.09321864  0.01899368    0.02844110 -0.13903057   -0.03867431  0.03803119
 -0.03867431  0.03803119   -0.03867431  0.03803119    0.03861043 -0.14528601
    2    1
  0.02844110  0.13903057   -0.09321864 -0.01899368   -0.03867431 -0.03803119
 -0.09321864 -0.01899368    0.02844110  0.13903057   -0.03867431 -0.03803119
 -0.03867431 -0.03803119   -0.03867431 -0.03803119    0.03861043  0.14528601
    2    2
  0.23120205  0.00000000    0.00742212  0.00000000    0.00936269 -0.00591658
  0.00742212  0.00000000    0.23120205  0.00000000    0.00936269 -0.00591658
  0.00936269  0.00591658    0.00936269  0.00591658    0.25556002  0.00000000

     Dynamical  Matrix in cartesian axes

     q = (   -0.500000000   0.250000000   0.250000000 ) 

    1    1
  0.25556002  0.00000000   -0.00936269  0.00591658   -0.00936269  0.00591658
 -0.00936269 -0.00591658    0.23120205  0.00000000    0.00742212  0.00000000
 -0.00936269 -0.00591658    0.00742212  0.00000000    0.23120205  0.00000000
    1    2
 -0.14528601 -0.03861043   -0.03803119 -0.03867431   -0.03803119 -0.03867431
 -0.03803119 -0.03867431   -0.13903057 -0.02844110    0.01899368  0.09321864
 -0.03803119 -0.03867431    0.01899368  0.09321864   -0.13903057 -0.02844110
    2    1
 -0.14528601  0.03861043   -0.03803119  0.03867431   -0.03803119  0.03867431
 -0.03803119  0.03867431   -0.13903057  0.02844110    0.01899368 -0.09321864
 -0.03803119  0.03867431    0.01899368 -0.09321864   -0.13903057  0.02844110
    2    2
  0.25556002  0.00000000   -0.00936269 -0.00591658   -0.00936269 -0.00591658
 -0.00936269  0.00591658    0.23120205  0.00000000    0.00742212  0.00000000
 -0.00936269  0.00591658    0.00742212  0.00000000    0.23120205  0.00000000

     Dynamical  Matrix in cartesian axes

     q = (   -0.250000000   0.250000000   0.500000000 ) 

    1    1
  0.23120205  0.00000000   -0.00742212  0.00000000   -0.00936269 -0.00591658
 -0.00742212  0.00000000    0.23120205  0.00000000    0.00936269  0.00591658
 -0.00936269  0.00591658    0.00936269 -0.00591658    0.25556002  0.00000000
    1    2
 -0.11842035  0.07819856   -0.07934609 -0.05248497   -0.05423898 -0.00045475
 -0.07934609 -0.05248497   -0.11842035  0.07819856    0.05423898  0.00045475
 -0.05423898 -0.00045475    0.05423898  0.00045475   -0.13003441  0.07543103
    2    1
 -0.11842035 -0.07819856   -0.07934609  0.05248497   -0.05423898  0.00045475
 -0.07934609  0.05248497   -0.11842035 -0.07819856    0.05423898 -0.00045475
 -0.05423898  0.00045475    0.05423898 -0.00045475   -0.13003441 -0.07543103
    2    2
  0.23120205  0.00000000   -0.00742212  0.00000000   -0.00936269  0.00591658
 -0.00742212  0.00000000    0.23120205  0.00000000    0.00936269 -0.00591658
 -0.00936269 -0.00591658    0.00936269  0.00591658    0.25556002  0.00000000

     Diagonalizing the dynamical matrix

     q = (   -0.250000000   0.500000000  -0.250000000 ) 

 **************************************************************************
     omega( 1) =       1.995497 [THz] =      66.562607 [cm-1]
 ( -0.396188  0.305017  0.000000  0.000000  0.396188 -0.305017 ) 
 ( -0.500000  0.000000  0.000000  0.000000  0.500000  0.000000 ) 
     omega( 2) =       2.469109 [THz] =      82.360602 [cm-1]
 (  0.345150  0.022246  0.500595 -0.100784  0.345150  0.022246 ) 
 (  0.345866  0.000000  0.493077  0.132773  0.345866  0.000000 ) 
     omega( 3) =       4.815806 [THz] =     160.638005 [cm-1]
 (  0.165888  0.336192 -0.365507 -0.292089  0.165888  0.336192 ) 
 (  0.374892  0.000000 -0.423672 -0.198529  0.374892  0.000000 ) 
     omega( 4) =       7.773893 [THz] =     259.309168 [cm-1]
 (  0.240914  0.303518 -0.337153 -0.293260  0.240914  0.303518 ) 
 ( -0.387509  0.000000  0.439306  0.081757 -0.387509  0.000000 ) 
     omega( 5) =       8.319366 [THz] =     277.504187 [cm-1]
 (  0.396188 -0.305017  0.000000  0.000000 -0.396188  0.305017 ) 
 ( -0.500000  0.000000  0.000000  0.000000  0.500000  0.000000 ) 
     omega( 6) =       8.480312 [THz] =     282.872751 [cm-1]
 ( -0.294573 -0.053812 -0.556900  0.102584 -0.294573 -0.053812 ) 
 (  0.299448  0.000000  0.529400  0.200992  0.299448  0.000000 ) 
 **************************************************************************
