Dynamical matrix file
                                                                           
  1    2  2 10.6000000  0.0000000  0.0000000  0.0000000  0.0000000  0.0000000
           1  'Ge  '    66179.9664212243     
    1    1      0.0000000      0.0000000      0.0000000
    2    1      0.2500000      0.2500000      0.2500000

     Dynamical  Matrix in cartesian axes

     q = (   -0.125000000   0.125000000  -0.125000000 ) 

    1    1
  0.24482366  0.00000000   -0.00424536  0.00000000    0.00424536  0.00000000
 -0.00424536  0.00000000    0.24482366  0.00000000   -0.00424536  0.00000000
  0.00424536  0.00000000   -0.00424536  0.00000000    0.24482366  0.00000000
    1    2
 -0.22556805 -0.04105907   -0.00773459  0.02289102    0.00773459 -0.02289102
 -0.00773459  0.02289102   -0.22556805 -0.04105907   -0.00773459  0.02289102
  0.00773459 -0.02289102   -0.00773459  0.02289102   -0.22556805 -0.04105907
    2    1
 -0.22556805  0.04105907   -0.00773459 -0.02289102    0.00773459  0.02289102
 -0.00773459 -0.02289102   -0.22556805  0.04105907   -0.00773459 -0.02289102
  0.00773459  0.02289102   -0.00773459 -0.02289102   -0.22556805  0.04105907
    2    2
  0.24482366  0.00000000   -0.00424536  0.00000000    0.00424536  0.00000000
 -0.00424536  0.00000000    0.24482366  0.00000000   -0.00424536  0.00000000
  0.00424536  0.00000000   -0.00424536  0.00000000    0.24482366  0.00000000

     Dynamical  Matrix in cartesian axes

     q = (    0.125000000  -0.125000000  -0.125000000 ) 

    1    1
  0.24482366  0.00000000   -0.00424536  0.00000000   -0.00424536  0.00000000
 -0.00424536  0.00000000    0.24482366  0.00000000    0.00424536  0.00000000
 -0.00424536  0.00000000    0.00424536  0.00000000    0.24482366  0.00000000
    1    2
 -0.22556805 -0.04105907   -0.00773459  0.02289102   -0.00773459  0.02289102
 -0.00773459  0.02289102   -0.22556805 -0.04105907    0.00773459 -0.02289102
 -0.00773459  0.02289102    0.00773459 -0.02289102   -0.22556805 -0.04105907
    2    1
 -0.22556805  0.04105907   -0.00773459 -0.02289102   -0.00773459 -0.02289102
 -0.00773459 -0.02289102   -0.22556805  0.04105907    0.00773459  0.02289102
 -0.00773459 -0.02289102    0.00773459  0.02289102   -0.22556805  0.04105907
    2    2
  0.24482366  0.00000000   -0.00424536  0.00000000   -0.00424536  0.00000000
 -0.00424536  0.00000000    0.24482366  0.00000000    0.00424536  0.00000000
 -0.00424536  0.00000000    0.00424536  0.00000000    0.24482366  0.00000000

     Dynamical  Matrix in cartesian axes

     q = (    0.125000000  -0.125000000   0.125000000 ) 

    1    1
  0.24482366  0.00000000   -0.00424536  0.00000000    0.00424536  0.00000000
 -0.00424536  0.00000000    0.24482366  0.00000000   -0.00424536  0.00000000
  0.00424536  0.00000000   -0.00424536  0.00000000    0.24482366  0.00000000
    1    2
 -0.22556805  0.04105907   -0.00773459 -0.02289102    0.00773459  0.02289102
 -0.00773459 -0.02289102   -0.22556805  0.04105907   -0.00773459 -0.02289102
  0.00773459  0.02289102   -0.00773459 -0.02289102   -0.22556805  0.04105907
    2    1
 -0.22556805 -0.04105907   -0.00773459  0.02289102    0.00773459 -0.02289102
 -0.00773459  0.02289102   -0.22556805 -0.04105907   -0.00773459  0.02289102
  0.00773459 -0.02289102   -0.00773459  0.02289102   -0.22556805 -0.04105907
    2    2
  0.24482366  0.00000000   -0.00424536  0.00000000    0.00424536  0.00000000
 -0.00424536  0.00000000    0.24482366  0.00000000   -0.00424536  0.00000000
  0.00424536  0.00000000   -0.00424536  0.00000000    0.24482366  0.00000000

     Dynamical  Matrix in cartesian axes

     q = (   -0.125000000   0.125000000   0.125000000 ) 

    1    1
  0.24482366  0.00000000   -0.00424536  0.00000000   -0.00424536  0.00000000
 -0.00424536  0.00000000    0.24482366  0.00000000    0.00424536  0.00000000
 -0.00424536  0.00000000    0.00424536  0.00000000    0.24482366  0.00000000
    1    2
 -0.22556805  0.04105907   -0.00773459 -0.02289102   -0.00773459 -0.02289102
 -0.00773459 -0.02289102   -0.22556805  0.04105907    0.00773459  0.02289102
 -0.00773459 -0.02289102    0.00773459  0.02289102   -0.22556805  0.04105907
    2    1
 -0.22556805 -0.04105907   -0.00773459  0.02289102   -0.00773459  0.02289102
 -0.00773459  0.02289102   -0.22556805 -0.04105907    0.00773459 -0.02289102
 -0.00773459  0.02289102    0.00773459 -0.02289102   -0.22556805 -0.04105907
    2    2
  0.24482366  0.00000000   -0.00424536  0.00000000   -0.00424536  0.00000000
 -0.00424536  0.00000000    0.24482366  0.00000000    0.00424536  0.00000000
 -0.00424536  0.00000000    0.00424536  0.00000000    0.24482366  0.00000000

     Dynamical  Matrix in cartesian axes

     q = (    0.125000000   0.125000000  -0.125000000 ) 

    1    1
  0.24482366  0.00000000    0.00424536  0.00000000   -0.00424536  0.00000000
  0.00424536  0.00000000    0.24482366  0.00000000   -0.00424536  0.00000000
 -0.00424536  0.00000000   -0.00424536  0.00000000    0.24482366  0.00000000
    1    2
 -0.22556805  0.04105907    0.00773459  0.02289102   -0.00773459 -0.02289102
  0.00773459  0.02289102   -0.22556805  0.04105907   -0.00773459 -0.02289102
 -0.00773459 -0.02289102   -0.00773459 -0.02289102   -0.22556805  0.04105907
    2    1
 -0.22556805 -0.04105907    0.00773459 -0.02289102   -0.00773459  0.02289102
  0.00773459 -0.02289102   -0.22556805 -0.04105907   -0.00773459  0.02289102
 -0.00773459  0.02289102   -0.00773459  0.02289102   -0.22556805 -0.04105907
    2    2
  0.24482366  0.00000000    0.00424536  0.00000000   -0.00424536  0.00000000
  0.00424536  0.00000000    0.24482366  0.00000000   -0.00424536  0.00000000
 -0.00424536  0.00000000   -0.00424536  0.00000000    0.24482366  0.00000000

     Dynamical  Matrix in cartesian axes

     q = (   -0.125000000  -0.125000000  -0.125000000 ) 

    1    1
  0.24482366  0.00000000    0.00424536  0.00000000    0.00424536  0.00000000
  0.00424536  0.00000000    0.24482366  0.00000000    0.00424536  0.00000000
  0.00424536  0.00000000    0.00424536  0.00000000    0.24482366  0.00000000
    1    2
 -0.18853384 -0.13046755   -0.01071722  0.02165557   -0.01071722  0.02165557
 -0.01071722  0.02165557   -0.18853384 -0.13046755   -0.01071722  0.02165557
 -0.01071722  0.02165557   -0.01071722  0.02165557   -0.18853384 -0.13046755
    2    1
 -0.18853384  0.13046755   -0.01071722 -0.02165557   -0.01071722 -0.02165557
 -0.01071722 -0.02165557   -0.18853384  0.13046755   -0.01071722 -0.02165557
 -0.01071722 -0.02165557   -0.01071722 -0.02165557   -0.18853384  0.13046755
    2    2
  0.24482366  0.00000000    0.00424536  0.00000000    0.00424536  0.00000000
  0.00424536  0.00000000    0.24482366  0.00000000    0.00424536  0.00000000
  0.00424536  0.00000000    0.00424536  0.00000000    0.24482366  0.00000000

     Dynamical  Matrix in cartesian axes

     q = (   -0.125000000  -0.125000000   0.125000000 ) 

    1    1
  0.24482366  0.00000000    0.00424536  0.00000000   -0.00424536  0.00000000
  0.00424536  0.00000000    0.24482366  0.00000000   -0.00424536  0.00000000
 -0.00424536  0.00000000   -0.00424536  0.00000000    0.24482366  0.00000000
    1    2
 -0.22556805 -0.04105907    0.00773459 -0.02289102   -0.00773459  0.02289102
  0.00773459 -0.02289102   -0.22556805 -0.04105907   -0.00773459  0.02289102
 -0.00773459  0.02289102   -0.00773459  0.02289102   -0.22556805 -0.04105907
    2    1
 -0.22556805  0.04105907    0.00773459  0.02289102   -0.00773459 -0.02289102
  0.00773459  0.02289102   -0.22556805  0.04105907   -0.00773459 -0.02289102
 -0.00773459 -0.02289102   -0.00773459 -0.02289102   -0.22556805  0.04105907
    2    2
  0.24482366  0.00000000    0.00424536  0.00000000   -0.00424536  0.00000000
  0.00424536  0.00000000    0.24482366  0.00000000   -0.00424536  0.00000000
 -0.00424536  0.00000000   -0.00424536  0.00000000    0.24482366  0.00000000

     Dynamical  Matrix in cartesian axes

     q = (    0.125000000   0.125000000   0.125000000 ) 

    1    1
  0.24482366  0.00000000    0.00424536  0.00000000    0.00424536  0.00000000
  0.00424536  0.00000000    0.24482366  0.00000000    0.00424536  0.00000000
  0.00424536  0.00000000    0.00424536  0.00000000    0.24482366  0.00000000
    1    2
 -0.18853384  0.13046755   -0.01071722 -0.02165557   -0.01071722 -0.02165557
 -0.01071722 -0.02165557   -0.18853384  0.13046755   -0.01071722 -0.02165557
 -0.01071722 -0.02165557   -0.01071722 -0.02165557   -0.18853384  0.13046755
    2    1
 -0.18853384 -0.13046755   -0.01071722  0.02165557   -0.01071722  0.02165557
 -0.01071722  0.02165557   -0.18853384 -0.13046755   -0.01071722  0.02165557
 -0.01071722  0.02165557   -0.01071722  0.02165557   -0.18853384 -0.13046755
    2    2
  0.24482366  0.00000000    0.00424536  0.00000000    0.00424536  0.00000000
  0.00424536  0.00000000    0.24482366  0.00000000    0.00424536  0.00000000
  0.00424536  0.00000000    0.00424536  0.00000000    0.24482366  0.00000000

     Diagonalizing the dynamical matrix

     q = (   -0.125000000   0.125000000  -0.125000000 ) 

 **************************************************************************
     omega( 1) =       1.036507 [THz] =      34.574136 [cm-1]
 (  0.028967 -0.047273 -0.479176 -0.086844 -0.508143 -0.039571 ) 
 (  0.025209 -0.049379 -0.484472 -0.049379 -0.509681  0.000000 ) 
     omega( 2) =       1.036507 [THz] =      34.574136 [cm-1]
 ( -0.558224 -0.136547 -0.287826 -0.115490  0.270398  0.021057 ) 
 ( -0.567141 -0.092795 -0.295924 -0.092795  0.271217  0.000000 ) 
     omega( 3) =       2.061079 [THz] =      68.750201 [cm-1]
 (  0.377289  0.155947 -0.377289 -0.155947  0.377289  0.155947 ) 
 (  0.408248  0.000000 -0.408248  0.000000  0.408248  0.000000 ) 
     omega( 4) =       8.809876 [THz] =     293.865837 [cm-1]
 (  0.351411  0.050677 -0.218116  0.006326 -0.569527 -0.044351 ) 
 ( -0.354285 -0.023241  0.216966 -0.023241  0.571251  0.000000 ) 
     omega( 5) =       8.809876 [THz] =     293.865837 [cm-1]
 (  0.413147  0.191272  0.496594  0.197770  0.083447  0.006498 ) 
 ( -0.426750 -0.158619 -0.510450 -0.158619 -0.083700  0.000000 ) 
     omega( 6) =       8.865999 [THz] =     295.737884 [cm-1]
 ( -0.377289 -0.155947  0.377289  0.155947 -0.377289 -0.155947 ) 
 (  0.408248  0.000000 -0.408248  0.000000  0.408248  0.000000 ) 
 **************************************************************************
